T cool_rate
1.00000E+01 3.55995E-29
1.09699E+01 4.51207E-29
1.20338E+01 5.63786E-29
1.32009E+01 6.95833E-29
1.44812E+01 8.49619E-29
1.58857E+01 1.02758E-28
1.74263E+01 1.22963E-28
1.91164E+01 1.45983E-28
2.09705E+01 1.72045E-28
2.30043E+01 2.01321E-28
2.52354E+01 2.33949E-28
2.76829E+01 2.69564E-28
3.03677E+01 3.08421E-28
3.33130E+01 3.50623E-28
3.65439E+01 3.96143E-28
4.00881E+01 4.44935E-28
4.39761E+01 4.96423E-28
4.82428E+01 5.50986E-28
5.29230E+01 6.08999E-28
5.80554E+01 6.65824E-28
6.36834E+01 7.16810E-28
6.98593E+01 7.79763E-28
7.66346E+01 8.47311E-28
8.40671E+01 9.20629E-28
9.22204E+01 1.00089E-27
1.01164E+02 1.08949E-27
1.10976E+02 1.18848E-27
1.21739E+02 1.29999E-27
1.33546E+02 1.42550E-27
1.46498E+02 1.56839E-27
1.60706E+02 1.73455E-27
1.76293E+02 1.93855E-27
1.93391E+02 2.17010E-27
2.12147E+02 2.42960E-27
2.32722E+02 2.71662E-27
2.55293E+02 3.02949E-27
2.80053E+02 3.36573E-27
3.07214E+02 3.72522E-27
3.37010E+02 4.11177E-27
3.69695E+02 4.52553E-27
4.05550E+02 4.96701E-27
4.44883E+02 5.43722E-27
4.88031E+02 5.93309E-27
5.35363E+02 6.45763E-27
5.87285E+02 7.01047E-27
6.44244E+02 7.59113E-27
7.06726E+02 8.19856E-27
7.75269E+02 8.82657E-27
8.50460E+02 9.48066E-27
9.32943E+02 1.01606E-26
1.02343E+03 1.08662E-26
1.12268E+03 1.15974E-26
1.23157E+03 1.23475E-26
1.35101E+03 1.31188E-26
1.48204E+03 1.39182E-26
1.62578E+03 1.47477E-26
1.78346E+03 1.56049E-26
1.95643E+03 1.64853E-26
2.14618E+03 1.74188E-26
2.35433E+03 1.83932E-26
2.58267E+03 1.94040E-26
2.83315E+03 2.04518E-26
3.10793E+03 2.15187E-26
3.40936E+03 2.26090E-26
3.74002E+03 2.37396E-26
4.10275E+03 2.49178E-26
4.50066E+03 2.61475E-26
4.93717E+03 2.74319E-26
5.41602E+03 2.87640E-26
5.94138E+03 3.01041E-26
6.51817E+03 3.13989E-26
7.15223E+03 3.26231E-26
7.84966E+03 3.39735E-26
8.65194E+03 3.64048E-26
9.65302E+03 4.67515E-26
1.07895E+04 1.33225E-25
1.20543E+04 9.36236E-25
1.31120E+04 4.53077E-24
1.39992E+04 1.42399E-23
1.48157E+04 2.80689E-23
1.56032E+04 4.94075E-23
1.66912E+04 7.12617E-23
1.77846E+04 9.05957E-23
1.94962E+04 9.02009E-23
2.18388E+04 8.23775E-23
2.41839E+04 7.64023E-23
2.69549E+04 7.52643E-23
2.98281E+04 7.87453E-23
3.30734E+04 8.59367E-23
3.68337E+04 9.72651E-23
4.08259E+04 1.12621E-22
4.51155E+04 1.32898E-22
4.96728E+04 1.59223E-22
5.45382E+04 1.91857E-22
5.97876E+04 2.32120E-22
6.53118E+04 2.78937E-22
7.12177E+04 3.31744E-22
7.75617E+04 3.79846E-22
8.46028E+04 4.21033E-22
9.26027E+04 4.54404E-22
1.01783E+05 4.75946E-22
1.12228E+05 4.76691E-22
1.23966E+05 4.58511E-22
1.36844E+05 4.49475E-22
1.50752E+05 4.51611E-22
1.65830E+05 4.58746E-22
1.82201E+05 4.65272E-22
2.00031E+05 4.68759E-22
2.19534E+05 4.73578E-22
2.40856E+05 4.65531E-22
2.64237E+05 4.25123E-22
2.89882E+05 3.53982E-22
3.18027E+05 2.71226E-22
3.48862E+05 2.14471E-22
3.82747E+05 1.86438E-22
4.19894E+05 1.72969E-22
4.60610E+05 1.66909E-22
5.05277E+05 1.63024E-22
5.54278E+05 1.56234E-22
6.08032E+05 1.46240E-22
6.67000E+05 1.38111E-22
7.31687E+05 1.33735E-22
8.02649E+05 1.33619E-22
8.80494E+05 1.35772E-22
9.65887E+05 1.35926E-22
1.05956E+06 1.33296E-22
1.16233E+06 1.28441E-22
1.27505E+06 1.22168E-22
1.39872E+06 1.14442E-22
1.53437E+06 1.05059E-22
1.68318E+06 9.34075E-23
1.84643E+06 8.04371E-23
2.02550E+06 6.76173E-23
2.22195E+06 5.65721E-23
2.43745E+06 4.83567E-23
2.67385E+06 4.18752E-23
2.93317E+06 3.65341E-23
3.21765E+06 3.20815E-23
3.52971E+06 2.85940E-23
3.87204E+06 2.60591E-23
4.24757E+06 2.43150E-23
4.65953E+06 2.31211E-23
5.11143E+06 2.23107E-23
5.60717E+06 2.17970E-23
6.15099E+06 2.12492E-23
6.74754E+06 2.08718E-23
7.40196E+06 2.06813E-23
8.11984E+06 2.07032E-23
8.90735E+06 2.09864E-23
9.77124E+06 2.08692E-23
1.07189E+07 2.06952E-23
1.17585E+07 2.02800E-23
1.28989E+07 1.96263E-23
1.41499E+07 1.88794E-23
1.55223E+07 1.77924E-23
1.70277E+07 1.66638E-23
1.86791E+07 1.57085E-23
2.04907E+07 1.49760E-23
2.24781E+07 1.44352E-23
2.46581E+07 1.40867E-23
2.70496E+07 1.38966E-23
2.96730E+07 1.38327E-23
3.25509E+07 1.38865E-23
3.57079E+07 1.40588E-23
3.91710E+07 1.43124E-23
4.29700E+07 1.46318E-23
4.71375E+07 1.50061E-23
5.17092E+07 1.54278E-23
5.67243E+07 1.58937E-23
6.22257E+07 1.64374E-23
6.82607E+07 1.70066E-23
7.48810E+07 1.75949E-23
8.21434E+07 1.81969E-23
9.01102E+07 1.88080E-23
9.88496E+07 1.94214E-23
1.08437E+08 2.00955E-23
1.18953E+08 2.07919E-23
1.30490E+08 2.15061E-23
1.43146E+08 2.22416E-23
1.57029E+08 2.29993E-23
1.72259E+08 2.38195E-23
1.88965E+08 2.46801E-23
2.07292E+08 2.55999E-23
2.27397E+08 2.65934E-23
2.49451E+08 2.76359E-23
2.73644E+08 2.87278E-23
3.00184E+08 2.98733E-23
3.29297E+08 3.11222E-23
3.61234E+08 3.24980E-23
3.96269E+08 3.39445E-23
4.34701E+08 3.54626E-23
4.76861E+08 3.70567E-23
5.23110E+08 3.87299E-23
5.73844E+08 4.05172E-23
6.29499E+08 4.25123E-23
6.90551E+08 4.46186E-23
7.57525E+08 4.68439E-23
8.30994E+08 4.91969E-23
9.11589E+08 5.16874E-23
1.00000E+09 5.43268E-23
