# CIE high-charge-pool tables for N (Z=7, pool q = 2 .. 7)
# Source: ioneq_N.txt + cool_N.txt
# x_high_frac  = sum_{q >= 2} ioneq_q(T)
# q_high_mean  = sum_{q >= 2} q * ioneq_q / x_high_frac  (0 where pool is empty)
# Lambda_high  = sum_{q >= 2} ioneq_q * L_q     [erg cm^3 / s]
# T grid: 121 log-spaced points, 10^3.00 K -> 10^9.00 K
# Generated by pyathena/chemistry/tables/chianti_v11/build_cie_high_pool.py
#
# log_T_K        x_high_frac    q_high_mean    Lambda_high  
         3.0000   0.000000e+00   0.000000e+00   0.000000e+00
         3.0500   0.000000e+00   0.000000e+00   0.000000e+00
         3.1000   0.000000e+00   0.000000e+00   0.000000e+00
         3.1500   0.000000e+00   0.000000e+00   0.000000e+00
         3.2000  1.732801e-135   0.000000e+00  6.214072e-156
         3.2500  4.116332e-120   0.000000e+00  1.426451e-140
         3.3000  2.120376e-106   0.000000e+00  7.095153e-127
         3.3500   3.596583e-94   0.000000e+00  1.161554e-114
         3.4000   2.916152e-83   0.000000e+00  9.088068e-104
         3.4500   1.575709e-73   0.000000e+00   4.738915e-94
         3.5000   7.628947e-65   0.000000e+00   2.214945e-85
         3.5500   4.308418e-57   0.000000e+00   1.208378e-77
         3.6000   3.589921e-50   0.000000e+00   9.736537e-71
         3.6500   5.441325e-44   0.000000e+00   1.429196e-64
         3.7000   1.808123e-38   0.000000e+00   4.607998e-59
         3.7500   1.555574e-33   0.000000e+00   3.854582e-54
         3.8000   4.018419e-29   2.000000e+00   9.701978e-50
         3.8500   3.556652e-25   2.000000e+00   8.385661e-46
         3.9000   1.212981e-21   2.000000e+00   2.801141e-42
         3.9500   1.769204e-18   2.000000e+00   4.023437e-39
         4.0000   1.209720e-15   2.000000e+00   2.740558e-36
         4.0500   4.191890e-13   2.000000e+00   9.693917e-34
         4.1000   7.780028e-11   2.000000e+00   1.918923e-31
         4.1500   7.769341e-09   2.000000e+00   2.181222e-29
         4.2000   3.828578e-07   2.000000e+00   1.323402e-27
         4.2500   8.466462e-06   2.000000e+00   3.889470e-26
         4.3000   9.349125e-05   2.000000e+00   6.061952e-25
         4.3500   6.384318e-04   2.000000e+00   6.065419e-24
         4.4000   3.120505e-03   2.000000e+00   4.416763e-23
         4.4500   1.185355e-02   2.000001e+00   2.501975e-22
         4.5000   3.668885e-02   2.000008e+00   1.143483e-21
         4.5500   9.449102e-02   2.000052e+00   4.275171e-21
         4.6000   2.025556e-01   2.000268e+00   1.302236e-20
         4.6500   3.594620e-01   2.001122e+00   3.207203e-20
         4.7000   5.337608e-01   2.003967e+00   6.451461e-20
         4.7500   6.866032e-01   2.012110e+00   1.098314e-19
         4.8000   8.000928e-01   2.032428e+00   1.657773e-19
         4.8500   8.770695e-01   2.076570e+00   2.308884e-19
         4.9000   9.273210e-01   2.158591e+00   3.047025e-19
         4.9500   9.593117e-01   2.285172e+00   3.863346e-19
         5.0000   9.787118e-01   2.443901e+00   4.730438e-19
         5.0500   9.895777e-01   2.608290e+00   5.605009e-19
         5.1000   9.951663e-01   2.762368e+00   6.437030e-19
         5.1500   9.978683e-01   2.924137e+00   7.131386e-19
         5.2000   9.991374e-01   3.168727e+00   7.374828e-19
         5.2500   9.997137e-01   3.618640e+00   6.448184e-19
         5.3000   9.999314e-01   4.206877e+00   4.244239e-19
         5.3500   9.999875e-01   4.630923e+00   2.226332e-19
         5.4000   9.999979e-01   4.833911e+00   1.105449e-19
         5.4500   9.999996e-01   4.920272e+00   5.740790e-20
         5.5000   9.999999e-01   4.958373e+00   3.199090e-20
         5.5500   1.000000e+00   4.976561e+00   1.909399e-20
         5.6000   1.000000e+00   4.985948e+00   1.211868e-20
         5.6500   1.000000e+00   4.991136e+00   8.133251e-21
         5.7000   1.000000e+00   4.994255e+00   5.766022e-21
         5.7500   1.000000e+00   4.996619e+00   4.351223e-21
         5.8000   1.000000e+00   4.999854e+00   3.569894e-21
         5.8500   1.000000e+00   5.007374e+00   3.291070e-21
         5.9000   1.000000e+00   5.026522e+00   3.497335e-21
         5.9500   1.000000e+00   5.070092e+00   4.211871e-21
         6.0000   1.000000e+00   5.153319e+00   5.412951e-21
         6.0500   1.000000e+00   5.284861e+00   6.957881e-21
         6.1000   9.999999e-01   5.462216e+00   8.584761e-21
         6.1500   1.000000e+00   5.680026e+00   9.956312e-21
         6.2000   1.000000e+00   5.932707e+00   1.067935e-20
         6.2500   1.000000e+00   6.199352e+00   1.046052e-20
         6.3000   1.000000e+00   6.441525e+00   9.387897e-21
         6.3500   1.000000e+00   6.629584e+00   7.892524e-21
         6.4000   1.000000e+00   6.759517e+00   6.394968e-21
         6.4500   9.999999e-01   6.843618e+00   5.108810e-21
         6.5000   1.000000e+00   6.896727e+00   4.081249e-21
         6.5500   1.000000e+00   6.930284e+00   3.285051e-21
         6.6000   1.000000e+00   6.951788e+00   2.673996e-21
         6.6500   1.000000e+00   6.965849e+00   2.204884e-21
         6.7000   1.000000e+00   6.975255e+00   1.843163e-21
         6.7500   1.000000e+00   6.981691e+00   1.562705e-21
         6.8000   1.000000e+00   6.986192e+00   1.344127e-21
         6.8500   1.000000e+00   6.989406e+00   1.173073e-21
         6.9000   1.000000e+00   6.991746e+00   1.038852e-21
         6.9500   1.000000e+00   6.993479e+00   9.334175e-22
         7.0000   1.000000e+00   6.994784e+00   8.506640e-22
         7.0500   1.000000e+00   6.995782e+00   7.859129e-22
         7.1000   1.000000e+00   6.996554e+00   7.355561e-22
         7.1500   1.000000e+00   6.997161e+00   6.968085e-22
         7.2000   1.000000e+00   6.997642e+00   6.675110e-22
         7.2500   1.000000e+00   6.998028e+00   6.460060e-22
         7.3000   1.000000e+00   6.998341e+00   6.310201e-22
         7.3500   1.000000e+00   6.998597e+00   6.215883e-22
         7.4000   1.000000e+00   6.998807e+00   6.169832e-22
         7.4500   1.000000e+00   6.998982e+00   6.166670e-22
         7.5000   1.000000e+00   6.999128e+00   6.202402e-22
         7.5500   1.000000e+00   6.999251e+00   6.274197e-22
         7.6000   1.000000e+00   6.999355e+00   6.380069e-22
         7.6500   1.000000e+00   6.999443e+00   6.518659e-22
         7.7000   1.000000e+00   6.999519e+00   6.688918e-22
         7.7500   1.000000e+00   6.999584e+00   6.890320e-22
         7.8000   1.000000e+00   6.999639e+00   7.122783e-22
         7.8500   1.000000e+00   6.999687e+00   7.386282e-22
         7.9000   1.000000e+00   6.999729e+00   7.680958e-22
         7.9500   1.000000e+00   6.999765e+00   8.007184e-22
         8.0000   1.000000e+00   6.999796e+00   8.365507e-22
         8.0500   1.000000e+00   6.999824e+00   8.756599e-22
         8.1000   1.000000e+00   6.999847e+00   9.181285e-22
         8.1500   1.000000e+00   6.999868e+00   9.640535e-22
         8.2000   1.000000e+00   6.999886e+00   1.013547e-21
         8.2500   1.000000e+00   6.999902e+00   1.066735e-21
         8.3000   1.000000e+00   6.999916e+00   1.123760e-21
         8.3500   1.000000e+00   6.999928e+00   1.184777e-21
         8.4000   1.000000e+00   6.999938e+00   1.249964e-21
         8.4500   1.000000e+00   6.999947e+00   1.319506e-21
         8.5000   1.000000e+00   6.999955e+00   1.393612e-21
         8.5500   1.000000e+00   6.999962e+00   1.472506e-21
         8.6000   1.000000e+00   6.999967e+00   1.556429e-21
         8.6500   1.000000e+00   6.999972e+00   1.646732e-21
         8.7000   1.000000e+00   6.999977e+00   1.743757e-21
         8.7500   1.000000e+00   6.999980e+00   1.846626e-21
         8.8000   1.000000e+00   6.999983e+00   1.955670e-21
         8.8500   1.000000e+00   6.999986e+00   2.071241e-21
         8.9000   1.000000e+00   6.999988e+00   2.193718e-21
         8.9500   1.000000e+00   6.999990e+00   2.323498e-21
         9.0000   1.000000e+00   6.999992e+00   2.461006e-21
