# CIE high-charge-pool tables for S (Z=16, pool q = 3 .. 16)
# Source: ioneq_S.txt + cool_S.txt
# x_high_frac  = sum_{q >= 3} ioneq_q(T)
# q_high_mean  = sum_{q >= 3} q * ioneq_q / x_high_frac  (0 where pool is empty)
# Lambda_high  = sum_{q >= 3} ioneq_q * L_q     [erg cm^3 / s]
# T grid: 121 log-spaced points, 10^3.00 K -> 10^9.00 K
# Generated by pyathena/chemistry/tables/chianti_v11/build_cie_high_pool.py
#
# log_T_K        x_high_frac    q_high_mean    Lambda_high  
         3.0000   0.000000e+00   0.000000e+00   0.000000e+00
         3.0500   0.000000e+00   0.000000e+00   0.000000e+00
         3.1000  -6.711352e-268   0.000000e+00  -4.483441e-287
         3.1500  -6.663049e-238   0.000000e+00  -4.730821e-257
         3.2000  -3.750104e-211   0.000000e+00  -2.793542e-230
         3.2500  -2.687170e-187   0.000000e+00  -2.076560e-206
         3.3000  -5.043334e-166   0.000000e+00  -4.002411e-185
         3.3500  -4.717811e-147   0.000000e+00  -3.810549e-166
         3.4000  -3.904987e-130   0.000000e+00  -3.184325e-149
         3.4500  -4.771155e-115   0.000000e+00  -3.899887e-134
         3.5000  -1.357601e-101   0.000000e+00  -1.105199e-120
         3.5500  -1.349511e-89   0.000000e+00  -1.088101e-108
         3.6000  -6.714503e-79   0.000000e+00  -5.333310e-98
         3.6500  -2.296729e-69   0.000000e+00  -1.788791e-88
         3.7000  -7.127844e-61   0.000000e+00  -5.420556e-80
         3.7500  -2.544285e-53   0.000000e+00  -1.882003e-72
         3.8000  -1.261153e-46   0.000000e+00  -9.041975e-66
         3.8500  -9.543601e-41   0.000000e+00  -6.610575e-60
         3.9000  -7.128125e-36   0.000000e+00  -4.755879e-55
         3.9500   1.052984e-30   3.000000e+00   6.748776e-50
         4.0000   5.514819e-26   3.000000e+00   3.387672e-45
         4.0500   4.848665e-22   3.000000e+00   2.850935e-41
         4.1000   9.876803e-19   3.000000e+00   5.562360e-38
         4.1500   6.557193e-16   3.000000e+00   3.552855e-35
         4.2000   1.915382e-13   3.000000e+00   1.009635e-32
         4.2500   2.898108e-11   3.000000e+00   1.518405e-30
         4.3000   2.466274e-09   3.000000e+00   1.329446e-28
         4.3500   1.223278e-07   3.000000e+00   7.118590e-27
         4.4000   3.517442e-06   3.000000e+00   2.338772e-25
         4.4500   5.657055e-05   3.000000e+00   4.547174e-24
         4.5000   5.048744e-04   3.000003e+00   5.141900e-23
         4.5500   2.726896e-03   3.000021e+00   3.635135e-22
         4.6000   1.020966e-02   3.000107e+00   1.813349e-21
         4.6500   2.952260e-02   3.000449e+00   7.023559e-21
         4.7000   7.043024e-02   3.001599e+00   2.235113e-20
         4.7500   1.440145e-01   3.004957e+00   6.029397e-20
         4.8000   2.547396e-01   3.013586e+00   1.384387e-19
         4.8500   3.947584e-01   3.033276e+00   2.729068e-19
         4.9000   5.450322e-01   3.073078e+00   4.681020e-19
         4.9500   6.867417e-01   3.143468e+00   7.133208e-19
         5.0000   8.022903e-01   3.250359e+00   9.791485e-19
         5.0500   8.855516e-01   3.388086e+00   1.234441e-18
         5.1000   9.387567e-01   3.541535e+00   1.457596e-18
         5.1500   9.693346e-01   3.704539e+00   1.635579e-18
         5.2000   9.857690e-01   3.914267e+00   1.731798e-18
         5.2500   9.942349e-01   4.284955e+00   1.624714e-18
         5.3000   9.981913e-01   4.878066e+00   1.195361e-18
         5.3500   9.995749e-01   5.434151e+00   6.710214e-19
         5.4000   9.999128e-01   5.743039e+00   3.365884e-19
         5.4500   9.999817e-01   5.877551e+00   1.773298e-19
         5.5000   9.999958e-01   5.936045e+00   1.066134e-19
         5.5500   9.999990e-01   5.967333e+00   7.600826e-20
         5.6000   9.999997e-01   5.994682e+00   6.525889e-20
         5.6500   9.999999e-01   6.034036e+00   6.692450e-20
         5.7000   9.999999e-01   6.101166e+00   7.846019e-20
         5.7500   1.000000e+00   6.211123e+00   9.947899e-20
         5.8000   1.000000e+00   6.374426e+00   1.302037e-19
         5.8500   1.000000e+00   6.594486e+00   1.701660e-19
         5.9000   1.000000e+00   6.867554e+00   2.176848e-19
         5.9500   1.000000e+00   7.184070e+00   2.696888e-19
         6.0000   9.999999e-01   7.533206e+00   3.213011e-19
         6.0500   1.000000e+00   7.907875e+00   3.672566e-19
         6.1000   1.000000e+00   8.305766e+00   4.048441e-19
         6.1500   1.000000e+00   8.726742e+00   4.360791e-19
         6.2000   1.000000e+00   9.172925e+00   4.655246e-19
         6.2500   1.000000e+00   9.654651e+00   4.938998e-19
         6.3000   1.000000e+00   1.020089e+01   5.119533e-19
         6.3500   9.999999e-01   1.086341e+01   4.982210e-19
         6.4000   1.000000e+00   1.166324e+01   4.300281e-19
         6.4500   1.000000e+00   1.246899e+01   3.189041e-19
         6.5000   1.000000e+00   1.307937e+01   2.124503e-19
         6.5500   1.000000e+00   1.345130e+01   1.383599e-19
         6.6000   1.000000e+00   1.365896e+01   9.350231e-20
         6.6500   9.999999e-01   1.377519e+01   6.719727e-20
         6.7000   1.000000e+00   1.384340e+01   5.162955e-20
         6.7500   1.000000e+00   1.388701e+01   4.230196e-20
         6.8000   1.000000e+00   1.391925e+01   3.679883e-20
         6.8500   1.000000e+00   1.394896e+01   3.377511e-20
         6.9000   1.000000e+00   1.398336e+01   3.243766e-20
         6.9500   1.000000e+00   1.402896e+01   3.230427e-20
         7.0000   1.000000e+00   1.409226e+01   3.297108e-20
         7.0500   1.000000e+00   1.417962e+01   3.402545e-20
         7.1000   1.000000e+00   1.429624e+01   3.507607e-20
         7.1500   9.999999e-01   1.444487e+01   3.567683e-20
         7.2000   1.000000e+00   1.462302e+01   3.541964e-20
         7.2500   1.000000e+00   1.482100e+01   3.406793e-20
         7.3000   1.000000e+00   1.502289e+01   3.169723e-20
         7.3500   1.000000e+00   1.521203e+01   2.863405e-20
         7.4000   1.000000e+00   1.537663e+01   2.530237e-20
         7.4500   1.000000e+00   1.551196e+01   2.206598e-20
         7.5000   9.999999e-01   1.561902e+01   1.915089e-20
         7.5500   1.000000e+00   1.570183e+01   1.665296e-20
         7.6000   1.000000e+00   1.576520e+01   1.458143e-20
         7.6500   9.999999e-01   1.581360e+01   1.289886e-20
         7.7000   1.000000e+00   1.585070e+01   1.155116e-20
         7.7500   1.000000e+00   1.587933e+01   1.048263e-20
         7.8000   1.000000e+00   1.590162e+01   9.642974e-21
         7.8500   1.000000e+00   1.591914e+01   8.989544e-21
         7.9000   1.000000e+00   1.593305e+01   8.487555e-21
         7.9500   1.000000e+00   1.594419e+01   8.109290e-21
         8.0000   1.000000e+00   1.595319e+01   7.832996e-21
         8.0500   1.000000e+00   1.596054e+01   7.641835e-21
         8.1000   1.000000e+00   1.596657e+01   7.522972e-21
         8.1500   1.000000e+00   1.597157e+01   7.466713e-21
         8.2000   1.000000e+00   1.597574e+01   7.465778e-21
         8.2500   1.000000e+00   1.597924e+01   7.514765e-21
         8.3000   1.000000e+00   1.598220e+01   7.609758e-21
         8.3500   1.000000e+00   1.598470e+01   7.748014e-21
         8.4000   1.000000e+00   1.598683e+01   7.927379e-21
         8.4500   1.000000e+00   1.598866e+01   8.146431e-21
         8.5000   1.000000e+00   1.599022e+01   8.404450e-21
         8.5500   1.000000e+00   1.599157e+01   8.701054e-21
         8.6000   1.000000e+00   1.599273e+01   9.036020e-21
         8.6500   1.000000e+00   1.599373e+01   9.409454e-21
         8.7000   1.000000e+00   1.599460e+01   9.821763e-21
         8.7500   1.000000e+00   1.599535e+01   1.027353e-20
         8.8000   1.000000e+00   1.599601e+01   1.076552e-20
         8.8500   1.000000e+00   1.599657e+01   1.129876e-20
         8.9000   1.000000e+00   1.599706e+01   1.187441e-20
         8.9500   1.000000e+00   1.599749e+01   1.249383e-20
         9.0000   1.000000e+00   1.599785e+01   1.315860e-20
