       6309.5728  1.02431e-24
       6456.5416  1.07120e-24
       6606.9337  1.12485e-24
       6760.8290  1.17859e-24
       6918.3089  1.24120e-24
       7079.4570  1.30394e-24
       7244.3588  1.37860e-24
       7413.1016  1.45359e-24
       7585.7749  1.54304e-24
       7762.4703  1.63314e-24
       7943.2814  1.74244e-24
       8128.3042  1.85294e-24
       8317.6367  1.98953e-24
       8511.3794  2.12831e-24
       8709.6349  2.30524e-24
       8912.5083  2.48605e-24
       9120.1073  2.72245e-24
       9332.5419  2.96562e-24
       9549.9247  3.29095e-24
       9772.3710  3.62798e-24
       9999.9988  4.08785e-24
       10232.929  4.56697e-24
       10471.284  5.22365e-24
       10715.192  5.91235e-24
       10964.781  6.86371e-24
       11220.183  7.86810e-24
       11481.535  9.26310e-24
       11748.974  1.07433e-23
       12022.643  1.27919e-23
       12302.686  1.49761e-23
       12589.253  1.79854e-23
       12882.494  2.11985e-23
       13182.566  2.55483e-23
       13489.627  3.02208e-23
       13803.841  3.65514e-23
       14125.374  4.33062e-23
       14454.396  5.20774e-23
       14791.082  6.13273e-23
       15135.611  7.26900e-23
       15488.164  8.42821e-23
       15848.930  9.68185e-23
       16218.099  1.09058e-22
       16595.867  1.20154e-22
       16982.434  1.30409e-22
       17378.006  1.37631e-22
       17782.792  1.43837e-22
       18197.006  1.46606e-22
       18620.869  1.48539e-22
       19054.605  1.47808e-22
       19498.443  1.46566e-22
       19952.620  1.43789e-22
       20417.377  1.40789e-22
       20892.958  1.37159e-22
       21379.618  1.33515e-22
       21877.613  1.29834e-22
       22387.208  1.26271e-22
       22908.673  1.23006e-22
       23442.285  1.19942e-22
       23988.326  1.17360e-22
       24547.086  1.15010e-22
       25118.861  1.13188e-22
       25703.954  1.11612e-22
       26302.676  1.10570e-22
       26915.344  1.09757e-22
       27542.283  1.09417e-22
       28183.825  1.09289e-22
       28840.311  1.09579e-22
       29512.088  1.09999e-22
       30199.513  1.10662e-22
       30902.950  1.11457e-22
       31622.772  1.12487e-22
       32359.361  1.13655e-22
       33113.107  1.15057e-22
       33884.411  1.16655e-22
       34673.680  1.18574e-22
       35481.334  1.20645e-22
       36307.800  1.22955e-22
       37153.517  1.25473e-22
       38018.934  1.28299e-22
       38904.509  1.31355e-22
       39810.711  1.34738e-22
       40738.022  1.38421e-22
       41686.932  1.42512e-22
       42657.945  1.46824e-22
       43651.577  1.51423e-22
       44668.352  1.56414e-22
       45708.812  1.61891e-22
       46773.507  1.67695e-22
       47863.002  1.73891e-22
       48977.874  1.80606e-22
       50118.716  1.87910e-22
       51286.130  1.95647e-22
       52480.738  2.03859e-22
       53703.171  2.12773e-22
       54954.079  2.22421e-22
       56234.124  2.32754e-22
       57543.985  2.43772e-22
       58884.356  2.55628e-22
       60255.949  2.68285e-22
       61659.490  2.81752e-22
       63095.724  2.95960e-22
       64565.412  3.10930e-22
       66069.334  3.26569e-22
       67608.287  3.42684e-22
       69183.086  3.59200e-22
       70794.567  3.75719e-22
       72443.584  3.92238e-22
       74131.012  4.08116e-22
       75857.745  4.23501e-22
       77624.699  4.37744e-22
       79432.810  4.51146e-22
       81283.038  4.63179e-22
       83176.363  4.74248e-22
       85113.790  4.84076e-22
       87096.344  4.93070e-22
       89125.079  5.00983e-22
       91201.068  5.08200e-22
       93325.414  5.14385e-22
       95499.242  5.19936e-22
       97723.705  5.24277e-22
       99999.983  5.27909e-22
       102329.28  5.29972e-22
       104712.84  5.31158e-22
       107151.91  5.30584e-22
       109647.80  5.29072e-22
       112201.83  5.26110e-22
       114815.34  5.22411e-22
       117489.73  5.17905e-22
       120226.42  5.13010e-22
       123026.86  5.08708e-22
       125892.52  5.04676e-22
       128824.93  5.01518e-22
       131825.65  4.98745e-22
       134896.26  4.97391e-22
       138038.40  4.96627e-22
       141253.73  4.97421e-22
       144543.95  4.98832e-22
       147910.81  5.01062e-22
       151356.10  5.03594e-22
       154881.63  5.06595e-22
       158489.29  5.09763e-22
       162180.98  5.12871e-22
       165958.66  5.15959e-22
       169824.33  5.18578e-22
       173780.05  5.21050e-22
       177827.91  5.22948e-22
       181970.05  5.24678e-22
       186208.68  5.26071e-22
       190546.04  5.27372e-22
       194984.42  5.28717e-22
       199526.19  5.30072e-22
       204173.76  5.31651e-22
       208929.57  5.33281e-22
       213796.17  5.34882e-22
       218776.12  5.36476e-22
       223872.07  5.37239e-22
       229086.72  5.37827e-22
       234422.84  5.36286e-22
       239883.25  5.34329e-22
       245470.84  5.28616e-22
       251188.59  5.22227e-22
       257039.53  5.10637e-22
       263026.75  4.98190e-22
       269153.43  4.80172e-22
       275422.82  4.61317e-22
       281838.24  4.38336e-22
       288403.09  4.14795e-22
       295120.86  3.89681e-22
       301995.11  3.64376e-22
       309029.48  3.41433e-22
       316227.70  3.18754e-22
       323593.59  2.99710e-22
       331131.06  2.81011e-22
       338844.09  2.66578e-22
       346736.78  2.52497e-22
       354813.32  2.42248e-22
       363077.98  2.32267e-22
       371535.15  2.25338e-22
       380189.32  2.18585e-22
       389045.07  2.14099e-22
       398107.09  2.09716e-22
       407380.20  2.06925e-22
       416869.30  2.04188e-22
       426579.43  2.02450e-22
       436515.74  2.00734e-22
       446683.50  1.99645e-22
       457088.10  1.98562e-22
       467735.04  1.97689e-22
       478629.99  1.96814e-22
       489778.72  1.95818e-22
       501187.13  1.94812e-22
       512861.28  1.93382e-22
       524807.35  1.91934e-22
       537031.68  1.89921e-22
       549540.76  1.87880e-22
       562341.21  1.85212e-22
       575439.82  1.82526e-22
       588843.53  1.79512e-22
       602559.46  1.76498e-22
       616594.87  1.73486e-22
       630957.21  1.70510e-22
       645654.09  1.67972e-22
       660693.31  1.65497e-22
       676082.83  1.63695e-22
       691830.82  1.61964e-22
       707945.63  1.60893e-22
       724435.80  1.59906e-22
       741310.08  1.59604e-22
       758577.41  1.59367e-22
       776246.95  1.59613e-22
       794328.06  1.59898e-22
       812830.34  1.60435e-22
       831763.59  1.60983e-22
       851137.85  1.61598e-22
       870963.40  1.62192e-22
       891250.74  1.62672e-22
       912010.64  1.63105e-22
       933254.09  1.63299e-22
       954992.37  1.63430e-22
       977237.00  1.63265e-22
       999999.78  1.63015e-22
       1023292.8  1.62392e-22
       1047128.3  1.61696e-22
       1071519.1  1.60695e-22
       1096477.9  1.59631e-22
       1122018.2  1.58324e-22
       1148153.4  1.56965e-22
       1174897.3  1.55421e-22
       1202264.2  1.53831e-22
       1230268.5  1.52090e-22
       1258925.1  1.50303e-22
       1288249.3  1.48370e-22
       1318256.4  1.46381e-22
       1348962.6  1.44227e-22
       1380383.9  1.42004e-22
       1412537.2  1.39583e-22
       1445439.4  1.37074e-22
       1479108.0  1.34324e-22
       1513560.9  1.31468e-22
       1548816.3  1.28342e-22
       1584892.8  1.25100e-22
       1621809.7  1.21579e-22
       1659586.5  1.17952e-22
       1698243.3  1.14084e-22
       1737800.4  1.10145e-22
       1778279.0  1.06050e-22
       1819700.4  1.01937e-22
       1862086.7  9.77861e-23
       1905460.3  9.36796e-23
       1949844.1  8.96610e-23
       1995261.8  8.57428e-23
       2041737.5  8.20130e-23
       2089295.6  7.84197e-23
       2137961.6  7.50730e-23
       2187761.1  7.18795e-23
       2238720.6  6.89427e-23
       2290867.1  6.61517e-23
       2344228.2  6.35982e-23
       2398832.3  6.11715e-23
       2454708.3  5.89421e-23
       2511885.8  5.68150e-23
       2570395.2  5.48398e-23
       2630267.3  5.29429e-23
       2691534.1  5.11573e-23
       2754228.0  4.94343e-23
       2818382.2  4.77967e-23
       2884030.8  4.62164e-23
       2951208.5  4.47109e-23
       3019951.0  4.32655e-23
       3090294.7  4.18950e-23
       3162276.9  4.05962e-23
       3235935.8  3.93827e-23
       3311310.4  3.82426e-23
       3388440.7  3.71863e-23
       3467367.6  3.62032e-23
       3548133.0  3.53001e-23
       3630779.6  3.44678e-23
       3715351.4  3.37096e-23
       3801893.0  3.30179e-23
       3890450.5  3.23928e-23
       3981070.7  3.18288e-23
       4073801.7  3.13236e-23
       4168692.8  3.08741e-23
       4265794.1  3.04757e-23
       4365157.2  3.01273e-23
       4466834.8  2.98228e-23
       4570880.7  2.95629e-23
       4677350.2  2.93406e-23
       4786299.7  2.91570e-23
       4897786.9  2.90046e-23
       5011871.0  2.88856e-23
       5128612.5  2.87923e-23
       5248073.2  2.87278e-23
       5370316.6  2.86845e-23
       5495407.3  2.86669e-23
       5623411.8  2.86675e-23
       5754397.9  2.86913e-23
       5888435.0  2.87309e-23
       6025594.3  2.87918e-23
       6165948.4  2.88664e-23
       6309571.8  2.89598e-23
       6456540.6  2.90648e-23
       6606932.7  2.91848e-23
       6760828.0  2.93137e-23
       6918307.9  2.94527e-23
       7079456.0  2.95974e-23
       7244357.7  2.97465e-23
       7413100.4  2.98978e-23
       7585773.7  3.00449e-23
       7762469.1  3.01898e-23
       7943280.2  3.03254e-23
       8128303.0  3.04565e-23
       8317635.5  3.05729e-23
       8511378.1  3.06825e-23
       8709633.5  3.07711e-23
       8912507.0  3.08505e-23
       9120105.9  3.09058e-23
       9332540.5  3.09511e-23
       9549923.2  3.09625e-23
       9772369.5  3.09605e-23
       9999997.3  3.09317e-23
       10232927.  3.08928e-23
       10471283.  3.08208e-23
       10715190.  3.07371e-23
       10964779.  3.06118e-23
       11220181.  3.04727e-23
       11481533.  3.02911e-23
       11748972.  3.00962e-23
       12022641.  2.98582e-23
       12302684.  2.96075e-23
       12589251.  2.93183e-23
       12882492.  2.90184e-23
       13182564.  2.86859e-23
       13489625.  2.83449e-23
       13803839.  2.79797e-23
       14125371.  2.76087e-23
       14454394.  2.72244e-23
       14791080.  2.68371e-23
       15135608.  2.64488e-23
       15488162.  2.60603e-23
       15848927.  2.56830e-23
       16218096.  2.53078e-23
       16595864.  2.49544e-23
       16982432.  2.46050e-23
       17378003.  2.42847e-23
       17782789.  2.39692e-23
       18197003.  2.36890e-23
       18620866.  2.34141e-23
       19054602.  2.31826e-23
       19498440.  2.29569e-23
       19952617.  2.27645e-23
       20417374.  2.25762e-23
       20892955.  2.24241e-23
       21379615.  2.22760e-23
       21877610.  2.21616e-23
       22387205.  2.20505e-23
       22908670.  2.19698e-23
       23442281.  2.18917e-23
       23988322.  2.18403e-23
       24547082.  2.17907e-23
       25118857.  2.17660e-23
       25703950.  2.17428e-23
       26302672.  2.17418e-23
       26915340.  2.17417e-23
       27542279.  2.17614e-23
       28183821.  2.17818e-23
       28840306.  2.18199e-23
       29512083.  2.18583e-23
       30199508.  2.19122e-23
       30902945.  2.19662e-23
       31622767.  2.20521e-23
       32359356.  2.21384e-23
       33113102.  2.22570e-23
       33884405.  2.23759e-23
       34673675.  2.25078e-23
       35481328.  2.26402e-23
       36307794.  2.27846e-23
       37153512.  2.29294e-23
       38018928.  2.30851e-23
       38904503.  2.32414e-23
       39810705.  2.34077e-23
       40738015.  2.35746e-23
       41686926.  2.37508e-23
       42657939.  2.39278e-23
       43651570.  2.41134e-23
       44668345.  2.42998e-23
       45708805.  2.44943e-23
       46773500.  2.46897e-23
       47862994.  2.48925e-23
       48977867.  2.50963e-23
       50118708.  2.53071e-23
       51286122.  2.55189e-23
       52480730.  2.57374e-23
       53703163.  2.59569e-23
       54954070.  2.61828e-23
       56234115.  2.64097e-23
       57543976.  2.66427e-23
       58884347.  2.68767e-23
       60255940.  2.71164e-23
       61659481.  2.73572e-23
       63095715.  2.76034e-23
       64565402.  2.78507e-23
       66069324.  2.81032e-23
       67608276.  2.83567e-23
       69183075.  2.86152e-23
       70794556.  2.88747e-23
       72443573.  2.91389e-23
       74131000.  2.94043e-23
       75857733.  2.96740e-23
       77624687.  2.99448e-23
       79432798.  3.02196e-23
       81283025.  3.04953e-23
       83176350.  3.07744e-23
       85113776.  3.10545e-23
       87096331.  3.13381e-23
       89125065.  3.16229e-23
       91201054.  3.19111e-23
       93325400.  3.22003e-23
       95499228.  3.24926e-23
       97723690.  3.27918e-23
       99999967.  3.31098e-23
   1.0232927e+08  3.34404e-23
   1.0471282e+08  3.38030e-23
   1.0715190e+08  3.41677e-23
   1.0964778e+08  3.45376e-23
   1.1220181e+08  3.49097e-23
   1.1481532e+08  3.52866e-23
   1.1748972e+08  3.56658e-23
   1.2022640e+08  3.60502e-23
   1.2302684e+08  3.64369e-23
   1.2589250e+08  3.68286e-23
   1.2882491e+08  3.72228e-23
   1.3182563e+08  3.76218e-23
   1.3489624e+08  3.80235e-23
   1.3803838e+08  3.84299e-23
   1.4125371e+08  3.88390e-23
   1.4454393e+08  3.92530e-23
   1.4791079e+08  3.96698e-23
   1.5135607e+08  4.00914e-23
   1.5488161e+08  4.05160e-23
   1.5848927e+08  4.09453e-23
   1.6218096e+08  4.13778e-23
   1.6595863e+08  4.18150e-23
   1.6982431e+08  4.22554e-23
   1.7378002e+08  4.27005e-23
   1.7782788e+08  4.31490e-23
   1.8197002e+08  4.36023e-23
   1.8620865e+08  4.40590e-23
   1.9054601e+08  4.45205e-23
   1.9498439e+08  4.49856e-23
   1.9952616e+08  4.54554e-23
   2.0417372e+08  4.59289e-23
   2.0892954e+08  4.64071e-23
   2.1379614e+08  4.68891e-23
   2.1877609e+08  4.73759e-23
   2.2387204e+08  4.78666e-23
   2.2908669e+08  4.83621e-23
   2.3442280e+08  4.88616e-23
   2.3988321e+08  4.93657e-23
   2.4547081e+08  4.98741e-23
   2.5118856e+08  5.03870e-23
   2.5703949e+08  5.09044e-23
   2.6302671e+08  5.14263e-23
   2.6915339e+08  5.19527e-23
   2.7542277e+08  5.24837e-23
   2.8183819e+08  5.30193e-23
   2.8840305e+08  5.35593e-23
   2.9512082e+08  5.41042e-23
   3.0199507e+08  5.46535e-23
   3.0902943e+08  5.52201e-23
   3.1622765e+08  5.58013e-23
   3.2359354e+08  5.64332e-23
   3.3113100e+08  5.71057e-23
   3.3884404e+08  5.77872e-23
   3.4673673e+08  5.84755e-23
   3.5481326e+08  5.91731e-23
   3.6307793e+08  5.98775e-23
   3.7153510e+08  6.05916e-23
   3.8018926e+08  6.13124e-23
   3.8904501e+08  6.20432e-23
   3.9810703e+08  6.27808e-23
   4.0738013e+08  6.35288e-23
   4.1686923e+08  6.42834e-23
   4.2657937e+08  6.50490e-23
   4.3651568e+08  6.58211e-23
   4.4668343e+08  6.66045e-23
   4.5708803e+08  6.73946e-23
   4.6773497e+08  6.81962e-23
   4.7862992e+08  6.90043e-23
   4.8977864e+08  6.98247e-23
   5.0118705e+08  7.06517e-23
   5.1286120e+08  7.14915e-23
   5.2480727e+08  7.23377e-23
   5.3703160e+08  7.31971e-23
   5.4954067e+08  7.40630e-23
   5.6234112e+08  7.49427e-23
   5.7543973e+08  7.58290e-23
   5.8884344e+08  7.67296e-23
   6.0255937e+08  7.76366e-23
   6.1659478e+08  7.85588e-23
