       6309.5728  1.54788e-24
       6456.5416  1.65371e-24
       6606.9337  1.77307e-24
       6760.8290  1.89258e-24
       6918.3089  2.02911e-24
       7079.4570  2.16588e-24
       7244.3588  2.32428e-24
       7413.1016  2.48322e-24
       7585.7749  2.66616e-24
       7762.4703  2.85009e-24
       7943.2814  3.06920e-24
       8128.3042  3.29006e-24
       8317.6367  3.54326e-24
       8511.3794  3.79937e-24
       8709.6349  4.10762e-24
       8912.5083  4.42056e-24
       9120.1073  4.80012e-24
       9332.5419  5.18718e-24
       9549.9247  5.66554e-24
       9772.3710  6.15492e-24
       9999.9988  6.75993e-24
       10232.929  7.38195e-24
       10471.284  8.16068e-24
       10715.192  8.96746e-24
       10964.781  1.00045e-23
       11220.183  1.10842e-23
       11481.535  1.24792e-23
       11748.974  1.39384e-23
       12022.643  1.58261e-23
       12302.686  1.78073e-23
       12589.253  2.03572e-23
       12882.494  2.30331e-23
       13182.566  2.64115e-23
       13489.627  2.99688e-23
       13803.841  3.44458e-23
       14125.374  3.91376e-23
       14454.396  4.48501e-23
       14791.082  5.07934e-23
       15135.611  5.77558e-23
       15488.164  6.48945e-23
       15848.930  7.27582e-23
       16218.099  8.06753e-23
       16595.867  8.87973e-23
       16982.434  9.67323e-23
       17378.006  1.03994e-22
       17782.792  1.10823e-22
       18197.006  1.16190e-22
       18620.869  1.20984e-22
       19054.605  1.23952e-22
       19498.443  1.26364e-22
       19952.620  1.27112e-22
       20417.377  1.27443e-22
       20892.958  1.26596e-22
       21379.618  1.25501e-22
       21877.613  1.23742e-22
       22387.208  1.21903e-22
       22908.673  1.19859e-22
       23442.285  1.17849e-22
       23988.326  1.15922e-22
       24547.086  1.14108e-22
       25118.861  1.12550e-22
       25703.954  1.11157e-22
       26302.676  1.10121e-22
       26915.344  1.09274e-22
       27542.283  1.08814e-22
       28183.825  1.08559e-22
       28840.311  1.08709e-22
       29512.088  1.09020e-22
       30199.513  1.09637e-22
       30902.950  1.10414e-22
       31622.772  1.11478e-22
       32359.361  1.12698e-22
       33113.107  1.14185e-22
       33884.411  1.15869e-22
       34673.680  1.17874e-22
       35481.334  1.20032e-22
       36307.800  1.22428e-22
       37153.517  1.25025e-22
       38018.934  1.27918e-22
       38904.509  1.31034e-22
       39810.711  1.34465e-22
       40738.022  1.38187e-22
       41686.932  1.42304e-22
       42657.945  1.46641e-22
       43651.577  1.51265e-22
       44668.352  1.56276e-22
       45708.812  1.61769e-22
       46773.507  1.67587e-22
       47863.002  1.73793e-22
       48977.874  1.80516e-22
       50118.716  1.87830e-22
       51286.130  1.95573e-22
       52480.738  2.03785e-22
       53703.171  2.12694e-22
       54954.079  2.22333e-22
       56234.124  2.32659e-22
       57543.985  2.43673e-22
       58884.356  2.55523e-22
       60255.949  2.68171e-22
       61659.490  2.81626e-22
       63095.724  2.95823e-22
       64565.412  3.10780e-22
       66069.334  3.26406e-22
       67608.287  3.42514e-22
       69183.086  3.59027e-22
       70794.567  3.75538e-22
       72443.584  3.92045e-22
       74131.012  4.07914e-22
       75857.745  4.23291e-22
       77624.699  4.37532e-22
       79432.810  4.50935e-22
       81283.038  4.62982e-22
       83176.363  4.74075e-22
       85113.790  4.83908e-22
       87096.344  4.92893e-22
       89125.079  5.00804e-22
       91201.068  5.08024e-22
       93325.414  5.14222e-22
       95499.242  5.19792e-22
       97723.705  5.24140e-22
       99999.983  5.27773e-22
       102329.28  5.29838e-22
       104712.84  5.31026e-22
       107151.91  5.30455e-22
       109647.80  5.28947e-22
       112201.83  5.25990e-22
       114815.34  5.22296e-22
       117489.73  5.17796e-22
       120226.42  5.12908e-22
       123026.86  5.08612e-22
       125892.52  5.04586e-22
       128824.93  5.01434e-22
       131825.65  4.98666e-22
       134896.26  4.97316e-22
       138038.40  4.96555e-22
       141253.73  4.97351e-22
       144543.95  4.98764e-22
       147910.81  5.00996e-22
       151356.10  5.03529e-22
       154881.63  5.06531e-22
       158489.29  5.09700e-22
       162180.98  5.12810e-22
       165958.66  5.15899e-22
       169824.33  5.18521e-22
       173780.05  5.20996e-22
       177827.91  5.22898e-22
       181970.05  5.24631e-22
       186208.68  5.26029e-22
       190546.04  5.27333e-22
       194984.42  5.28681e-22
       199526.19  5.30039e-22
       204173.76  5.31619e-22
       208929.57  5.33251e-22
       213796.17  5.34852e-22
       218776.12  5.36446e-22
       223872.07  5.37208e-22
       229086.72  5.37794e-22
       234422.84  5.36250e-22
       239883.25  5.34292e-22
       245470.84  5.28577e-22
       251188.59  5.22187e-22
       257039.53  5.10596e-22
       263026.75  4.98147e-22
       269153.43  4.80129e-22
       275422.82  4.61275e-22
       281838.24  4.38296e-22
       288403.09  4.14757e-22
       295120.86  3.89646e-22
       301995.11  3.64345e-22
       309029.48  3.41405e-22
       316227.70  3.18730e-22
       323593.59  2.99689e-22
       331131.06  2.80993e-22
       338844.09  2.66563e-22
       346736.78  2.52484e-22
       354813.32  2.42237e-22
       363077.98  2.32257e-22
       371535.15  2.25330e-22
       380189.32  2.18578e-22
       389045.07  2.14093e-22
       398107.09  2.09711e-22
       407380.20  2.06920e-22
       416869.30  2.04184e-22
       426579.43  2.02446e-22
       436515.74  2.00731e-22
       446683.50  1.99642e-22
       457088.10  1.98559e-22
       467735.04  1.97686e-22
       478629.99  1.96811e-22
       489778.72  1.95814e-22
       501187.13  1.94808e-22
       512861.28  1.93379e-22
       524807.35  1.91930e-22
       537031.68  1.89917e-22
       549540.76  1.87876e-22
       562341.21  1.85208e-22
       575439.82  1.82522e-22
       588843.53  1.79508e-22
       602559.46  1.76494e-22
       616594.87  1.73482e-22
       630957.21  1.70507e-22
       645654.09  1.67968e-22
       660693.31  1.65494e-22
       676082.83  1.63692e-22
       691830.82  1.61962e-22
       707945.63  1.60891e-22
       724435.80  1.59904e-22
       741310.08  1.59602e-22
       758577.41  1.59366e-22
       776246.95  1.59612e-22
       794328.06  1.59896e-22
       812830.34  1.60434e-22
       831763.59  1.60982e-22
       851137.85  1.61597e-22
       870963.40  1.62191e-22
       891250.74  1.62671e-22
       912010.64  1.63104e-22
       933254.09  1.63298e-22
       954992.37  1.63429e-22
       977237.00  1.63264e-22
       999999.78  1.63014e-22
       1023292.8  1.62391e-22
       1047128.3  1.61695e-22
       1071519.1  1.60694e-22
       1096477.9  1.59630e-22
       1122018.2  1.58323e-22
       1148153.4  1.56964e-22
       1174897.3  1.55420e-22
       1202264.2  1.53831e-22
       1230268.5  1.52089e-22
       1258925.1  1.50302e-22
       1288249.3  1.48369e-22
       1318256.4  1.46381e-22
       1348962.6  1.44227e-22
       1380383.9  1.42003e-22
       1412537.2  1.39583e-22
       1445439.4  1.37073e-22
       1479108.0  1.34323e-22
       1513560.9  1.31467e-22
       1548816.3  1.28341e-22
       1584892.8  1.25099e-22
       1621809.7  1.21578e-22
       1659586.5  1.17951e-22
       1698243.3  1.14083e-22
       1737800.4  1.10144e-22
       1778279.0  1.06050e-22
       1819700.4  1.01937e-22
       1862086.7  9.77853e-23
       1905460.3  9.36788e-23
       1949844.1  8.96603e-23
       1995261.8  8.57421e-23
       2041737.5  8.20123e-23
       2089295.6  7.84191e-23
       2137961.6  7.50724e-23
       2187761.1  7.18790e-23
       2238720.6  6.89422e-23
       2290867.1  6.61512e-23
       2344228.2  6.35978e-23
       2398832.3  6.11711e-23
       2454708.3  5.89418e-23
       2511885.8  5.68147e-23
       2570395.2  5.48395e-23
       2630267.3  5.29427e-23
       2691534.1  5.11571e-23
       2754228.0  4.94342e-23
       2818382.2  4.77965e-23
       2884030.8  4.62163e-23
       2951208.5  4.47108e-23
       3019951.0  4.32654e-23
       3090294.7  4.18949e-23
       3162276.9  4.05961e-23
       3235935.8  3.93827e-23
       3311310.4  3.82426e-23
       3388440.7  3.71863e-23
       3467367.6  3.62033e-23
       3548133.0  3.53001e-23
       3630779.6  3.44679e-23
       3715351.4  3.37097e-23
       3801893.0  3.30180e-23
       3890450.5  3.23929e-23
       3981070.7  3.18290e-23
       4073801.7  3.13238e-23
       4168692.8  3.08743e-23
       4265794.1  3.04759e-23
       4365157.2  3.01276e-23
       4466834.8  2.98231e-23
       4570880.7  2.95632e-23
       4677350.2  2.93408e-23
       4786299.7  2.91573e-23
       4897786.9  2.90049e-23
       5011871.0  2.88859e-23
       5128612.5  2.87926e-23
       5248073.2  2.87281e-23
       5370316.6  2.86848e-23
       5495407.3  2.86673e-23
       5623411.8  2.86678e-23
       5754397.9  2.86917e-23
       5888435.0  2.87313e-23
       6025594.3  2.87922e-23
       6165948.4  2.88668e-23
       6309571.8  2.89602e-23
       6456540.6  2.90652e-23
       6606932.7  2.91853e-23
       6760828.0  2.93141e-23
       6918307.9  2.94532e-23
       7079456.0  2.95979e-23
       7244357.7  2.97470e-23
       7413100.4  2.98983e-23
       7585773.7  3.00454e-23
       7762469.1  3.01903e-23
       7943280.2  3.03259e-23
       8128303.0  3.04571e-23
       8317635.5  3.05735e-23
       8511378.1  3.06831e-23
       8709633.5  3.07717e-23
       8912507.0  3.08511e-23
       9120105.9  3.09064e-23
       9332540.5  3.09517e-23
       9549923.2  3.09631e-23
       9772369.5  3.09612e-23
       9999997.3  3.09324e-23
       10232927.  3.08935e-23
       10471283.  3.08215e-23
       10715190.  3.07378e-23
       10964779.  3.06125e-23
       11220181.  3.04734e-23
       11481533.  3.02919e-23
       11748972.  3.00969e-23
       12022641.  2.98590e-23
       12302684.  2.96083e-23
       12589251.  2.93191e-23
       12882492.  2.90192e-23
       13182564.  2.86867e-23
       13489625.  2.83457e-23
       13803839.  2.79806e-23
       14125371.  2.76096e-23
       14454394.  2.72253e-23
       14791080.  2.68381e-23
       15135608.  2.64498e-23
       15488162.  2.60613e-23
       15848927.  2.56840e-23
       16218096.  2.53088e-23
       16595864.  2.49555e-23
       16982432.  2.46060e-23
       17378003.  2.42858e-23
       17782789.  2.39703e-23
       18197003.  2.36902e-23
       18620866.  2.34153e-23
       19054602.  2.31782e-23
       19498440.  2.29461e-23
       19952617.  2.27518e-23
       20417374.  2.25621e-23
       20892955.  2.24085e-23
       21379615.  2.22589e-23
       21877610.  2.21429e-23
       22387205.  2.20302e-23
       22908670.  2.19479e-23
       23442281.  2.18681e-23
       23988322.  2.18150e-23
       24547082.  2.17638e-23
       25118857.  2.17375e-23
       25703950.  2.17126e-23
       26302672.  2.17099e-23
       26915340.  2.17082e-23
       27542279.  2.17263e-23
       28183821.  2.17451e-23
       28840306.  2.17815e-23
       29512083.  2.18184e-23
       30199508.  2.18708e-23
       30902945.  2.19233e-23
       31622767.  2.20079e-23
       32359356.  2.20928e-23
       33113102.  2.22101e-23
       33884405.  2.23277e-23
       34673675.  2.24586e-23
       35481328.  2.25898e-23
       36307794.  2.27332e-23
       37153512.  2.28770e-23
       38018928.  2.30319e-23
       38904503.  2.31874e-23
       39810705.  2.33530e-23
       40738015.  2.35192e-23
       41686926.  2.36950e-23
       42657939.  2.38714e-23
       43651570.  2.40567e-23
       44668345.  2.42428e-23
       45708805.  2.44372e-23
       46773500.  2.46324e-23
       47862994.  2.48354e-23
       48977867.  2.50392e-23
       50118708.  2.52502e-23
       51286122.  2.54623e-23
       52480730.  2.56812e-23
       53703163.  2.59011e-23
       54954070.  2.61276e-23
       56234115.  2.63551e-23
       57543976.  2.65888e-23
       58884347.  2.68236e-23
       60255940.  2.70642e-23
       61659481.  2.73060e-23
       63095715.  2.75532e-23
       64565402.  2.78016e-23
       66069324.  2.80552e-23
       67608276.  2.83100e-23
       69183075.  2.85697e-23
       70794556.  2.88351e-23
       72443573.  2.91240e-23
       74131000.  2.94089e-23
       75857733.  2.96788e-23
       77624687.  2.99497e-23
       79432798.  3.02246e-23
       81283025.  3.05004e-23
       83176350.  3.07796e-23
       85113776.  3.10598e-23
       87096331.  3.13436e-23
       89125065.  3.16285e-23
       91201054.  3.19168e-23
       93325400.  3.22062e-23
       95499228.  3.24986e-23
       97723690.  3.27979e-23
       99999967.  3.31161e-23
   1.0232927e+08  3.34468e-23
   1.0471282e+08  3.38095e-23
   1.0715190e+08  3.41744e-23
   1.0964778e+08  3.45445e-23
   1.1220181e+08  3.49167e-23
   1.1481532e+08  3.52938e-23
   1.1748972e+08  3.56732e-23
   1.2022640e+08  3.60577e-23
   1.2302684e+08  3.64446e-23
   1.2589250e+08  3.68365e-23
   1.2882491e+08  3.72308e-23
   1.3182563e+08  3.76301e-23
   1.3489624e+08  3.80319e-23
   1.3803838e+08  3.84385e-23
   1.4125371e+08  3.88479e-23
   1.4454393e+08  3.92620e-23
   1.4791079e+08  3.96791e-23
   1.5135607e+08  4.01009e-23
   1.5488161e+08  4.05256e-23
   1.5848927e+08  4.09552e-23
   1.6218096e+08  4.13879e-23
   1.6595863e+08  4.18253e-23
   1.6982431e+08  4.22660e-23
   1.7378002e+08  4.27114e-23
   1.7782788e+08  4.31601e-23
   1.8197002e+08  4.36136e-23
   1.8620865e+08  4.40706e-23
   1.9054601e+08  4.45324e-23
   1.9498439e+08  4.49977e-23
   1.9952616e+08  4.54678e-23
   2.0417372e+08  4.59416e-23
   2.0892954e+08  4.64201e-23
   2.1379614e+08  4.69025e-23
   2.1877609e+08  4.73895e-23
   2.2387204e+08  4.78806e-23
   2.2908669e+08  4.83763e-23
   2.3442280e+08  4.88762e-23
   2.3988321e+08  4.93806e-23
   2.4547081e+08  4.98894e-23
   2.5118856e+08  5.04027e-23
   2.5703949e+08  5.09204e-23
   2.6302671e+08  5.14426e-23
   2.6915339e+08  5.19695e-23
   2.7542277e+08  5.25008e-23
   2.8183819e+08  5.30368e-23
   2.8840305e+08  5.35773e-23
   2.9512082e+08  5.41226e-23
   3.0199507e+08  5.46723e-23
   3.0902943e+08  5.52393e-23
   3.1622765e+08  5.58210e-23
   3.2359354e+08  5.64533e-23
   3.3113100e+08  5.71263e-23
   3.3884404e+08  5.78083e-23
   3.4673673e+08  5.84971e-23
   3.5481326e+08  5.91952e-23
   3.6307793e+08  5.99001e-23
   3.7153510e+08  6.06147e-23
   3.8018926e+08  6.13360e-23
   3.8904501e+08  6.20674e-23
   3.9810703e+08  6.28055e-23
   4.0738013e+08  6.35541e-23
   4.1686923e+08  6.43094e-23
   4.2657937e+08  6.50754e-23
   4.3651568e+08  6.58480e-23
   4.4668343e+08  6.66321e-23
   4.5708803e+08  6.74227e-23
   4.6773497e+08  6.82251e-23
   4.7862992e+08  6.90338e-23
   4.8977864e+08  6.98550e-23
   5.0118705e+08  7.06827e-23
   5.1286120e+08  7.15231e-23
   5.2480727e+08  7.23701e-23
   5.3703160e+08  7.32303e-23
   5.4954067e+08  7.40970e-23
   5.6234112e+08  7.49775e-23
   5.7543973e+08  7.58646e-23
   5.8884344e+08  7.67661e-23
   6.0255937e+08  7.76739e-23
   6.1659478e+08  7.85970e-23
