       6309.5728  7.80549e-25
       6456.5416  9.16338e-25
       6606.9337  1.06587e-24
       6760.8290  1.21554e-24
       6918.3089  1.38200e-24
       7079.4570  1.54867e-24
       7244.3588  1.73535e-24
       7413.1016  1.92251e-24
       7585.7749  2.13138e-24
       7762.4703  2.34110e-24
       7943.2814  2.57633e-24
       8128.3042  2.81288e-24
       8317.6367  3.07805e-24
       8511.3794  3.34518e-24
       8709.6349  3.64672e-24
       8912.5083  3.95105e-24
       9120.1073  4.29519e-24
       9332.5419  4.64325e-24
       9549.9247  5.03882e-24
       9772.3710  5.43787e-24
       9999.9988  5.87341e-24
       10232.929  6.31349e-24
       10471.284  6.79525e-24
       10715.192  7.28682e-24
       10964.781  7.85887e-24
       11220.183  8.44433e-24
       11481.535  9.12867e-24
       11748.974  9.83174e-24
       12022.643  1.06599e-23
       12302.686  1.15134e-23
       12589.253  1.25206e-23
       12882.494  1.35618e-23
       13182.566  1.47925e-23
       13489.627  1.60680e-23
       13803.841  1.75742e-23
       14125.374  1.91377e-23
       14454.396  2.09732e-23
       14791.082  2.28796e-23
       15135.611  2.50992e-23
       15488.164  2.74025e-23
       15848.930  3.00499e-23
       16218.099  3.27898e-23
       16595.867  3.58856e-23
       16982.434  3.90747e-23
       17378.006  4.26001e-23
       17782.792  4.62062e-23
       18197.006  5.00855e-23
       18620.869  5.40129e-23
       19054.605  5.80928e-23
       19498.443  6.21671e-23
       19952.620  6.62247e-23
       20417.377  7.02077e-23
       20892.958  7.39791e-23
       21379.618  7.76109e-23
       21877.613  8.08685e-23
       22387.208  8.39470e-23
       22908.673  8.65702e-23
       23442.285  8.90049e-23
       23988.326  9.09853e-23
       24547.086  9.28040e-23
       25118.861  9.42530e-23
       25703.954  9.55931e-23
       26302.676  9.66966e-23
       26915.344  9.77532e-23
       27542.283  9.87127e-23
       28183.825  9.96905e-23
       28840.311  1.00705e-22
       29512.088  1.01782e-22
       30199.513  1.02978e-22
       30902.950  1.04283e-22
       31622.772  1.05785e-22
       32359.361  1.07424e-22
       33113.107  1.09298e-22
       33884.411  1.11352e-22
       34673.680  1.13697e-22
       35481.334  1.16206e-22
       36307.800  1.18967e-22
       37153.517  1.21913e-22
       38018.934  1.25134e-22
       38904.509  1.28528e-22
       39810.711  1.32170e-22
       40738.022  1.36125e-22
       41686.932  1.40505e-22
       42657.945  1.45072e-22
       43651.577  1.49881e-22
       44668.352  1.55044e-22
       45708.812  1.60647e-22
       46773.507  1.66561e-22
       47863.002  1.72845e-22
       48977.874  1.79621e-22
       50118.716  1.86958e-22
       51286.130  1.94712e-22
       52480.738  2.02921e-22
       53703.171  2.11813e-22
       54954.079  2.21417e-22
       56234.124  2.31686e-22
       57543.985  2.42620e-22
       58884.356  2.54370e-22
       60255.949  2.66899e-22
       61659.490  2.80224e-22
       63095.724  2.94279e-22
       64565.412  3.09087e-22
       66069.334  3.24556e-22
       67608.287  3.40516e-22
       69183.086  3.56889e-22
       70794.567  3.73285e-22
       72443.584  3.89699e-22
       74131.012  4.05508e-22
       75857.745  4.20851e-22
       77624.699  4.35117e-22
       79432.810  4.48591e-22
       81283.038  4.60727e-22
       83176.363  4.71920e-22
       85113.790  4.81882e-22
       87096.344  4.91016e-22
       89125.079  4.99046e-22
       91201.068  5.06364e-22
       93325.414  5.12663e-22
       95499.242  5.18335e-22
       97723.705  5.22747e-22
       99999.983  5.26420e-22
       102329.28  5.28526e-22
       104712.84  5.29755e-22
       107151.91  5.29245e-22
       109647.80  5.27807e-22
       112201.83  5.24918e-22
       114815.34  5.21292e-22
       117489.73  5.16859e-22
       120226.42  5.12038e-22
       123026.86  5.07802e-22
       125892.52  5.03832e-22
       128824.93  5.00724e-22
       131825.65  4.97995e-22
       134896.26  4.96671e-22
       138038.40  4.95933e-22
       141253.73  4.96741e-22
       144543.95  4.98162e-22
       147910.81  5.00399e-22
       151356.10  5.02935e-22
       154881.63  5.05942e-22
       158489.29  5.09116e-22
       162180.98  5.12240e-22
       165958.66  5.15346e-22
       169824.33  5.17994e-22
       173780.05  5.20496e-22
       177827.91  5.22431e-22
       181970.05  5.24198e-22
       186208.68  5.25630e-22
       190546.04  5.26969e-22
       194984.42  5.28344e-22
       199526.19  5.29728e-22
       204173.76  5.31322e-22
       208929.57  5.32966e-22
       213796.17  5.34568e-22
       218776.12  5.36160e-22
       223872.07  5.36912e-22
       229086.72  5.37486e-22
       234422.84  5.35925e-22
       239883.25  5.33948e-22
       245470.84  5.28213e-22
       251188.59  5.21804e-22
       257039.53  5.10202e-22
       263026.75  4.97744e-22
       269153.43  4.79731e-22
       275422.82  4.60883e-22
       281838.24  4.37924e-22
       288403.09  4.14407e-22
       295120.86  3.89327e-22
       301995.11  3.64057e-22
       309029.48  3.41052e-22
       316227.70  3.18314e-22
       323593.59  2.99398e-22
       331131.06  2.80836e-22
       338844.09  2.66436e-22
       346736.78  2.52380e-22
       354813.32  2.42148e-22
       363077.98  2.32183e-22
       371535.15  2.25265e-22
       380189.32  2.18523e-22
       389045.07  2.14044e-22
       398107.09  2.09668e-22
       407380.20  2.06881e-22
       416869.30  2.04148e-22
       426579.43  2.02412e-22
       436515.74  2.00698e-22
       446683.50  1.99608e-22
       457088.10  1.98526e-22
       467735.04  1.97651e-22
       478629.99  1.96775e-22
       489778.72  1.95776e-22
       501187.13  1.94768e-22
       512861.28  1.93336e-22
       524807.35  1.91885e-22
       537031.68  1.89870e-22
       549540.76  1.87826e-22
       562341.21  1.85164e-22
       575439.82  1.82482e-22
       588843.53  1.79469e-22
       602559.46  1.76456e-22
       616594.87  1.73447e-22
       630957.21  1.70474e-22
       645654.09  1.67938e-22
       660693.31  1.65466e-22
       676082.83  1.63667e-22
       691830.82  1.61939e-22
       707945.63  1.60870e-22
       724435.80  1.59884e-22
       741310.08  1.59582e-22
       758577.41  1.59346e-22
       776246.95  1.59592e-22
       794328.06  1.59876e-22
       812830.34  1.60412e-22
       831763.59  1.60959e-22
       851137.85  1.61572e-22
       870963.40  1.62165e-22
       891250.74  1.62651e-22
       912010.64  1.63090e-22
       933254.09  1.63284e-22
       954992.37  1.63411e-22
       977237.00  1.63215e-22
       999999.78  1.62940e-22
       1023292.8  1.62317e-22
       1047128.3  1.61627e-22
       1071519.1  1.60658e-22
       1096477.9  1.59618e-22
       1122018.2  1.58311e-22
       1148153.4  1.56953e-22
       1174897.3  1.55409e-22
       1202264.2  1.53820e-22
       1230268.5  1.52078e-22
       1258925.1  1.50291e-22
       1288249.3  1.48358e-22
       1318256.4  1.46370e-22
       1348962.6  1.44216e-22
       1380383.9  1.41992e-22
       1412537.2  1.39573e-22
       1445439.4  1.37063e-22
       1479108.0  1.34313e-22
       1513560.9  1.31457e-22
       1548816.3  1.28330e-22
       1584892.8  1.25088e-22
       1621809.7  1.21566e-22
       1659586.5  1.17939e-22
       1698243.3  1.14071e-22
       1737800.4  1.10131e-22
       1778279.0  1.06035e-22
       1819700.4  1.01920e-22
       1862086.7  9.77667e-23
       1905460.3  9.36579e-23
       1949844.1  8.96371e-23
       1995261.8  8.57167e-23
       2041737.5  8.19847e-23
       2089295.6  7.83874e-23
       2137961.6  7.50334e-23
       2187761.1  7.18310e-23
       2238720.6  6.88830e-23
       2290867.1  6.60789e-23
       2344228.2  6.35095e-23
       2398832.3  6.10657e-23
       2454708.3  5.88174e-23
       2511885.8  5.66680e-23
       2570395.2  5.46655e-23
       2630267.3  5.27384e-23
       2691534.1  5.09183e-23
       2754228.0  4.91604e-23
       2818382.2  4.74868e-23
       2884030.8  4.58866e-23
       2951208.5  4.43818e-23
       3019951.0  4.29179e-23
       3090294.7  4.15051e-23
       3162276.9  4.02759e-23
       3235935.8  3.92654e-23
       3311310.4  3.82326e-23
       3388440.7  3.71745e-23
       3467367.6  3.61901e-23
       3548133.0  3.52861e-23
       3630779.6  3.44527e-23
       3715351.4  3.36931e-23
       3801893.0  3.29994e-23
       3890450.5  3.23716e-23
       3981070.7  3.18048e-23
       4073801.7  3.12965e-23
       4168692.8  3.08436e-23
       4265794.1  3.04417e-23
       4365157.2  3.01017e-23
       4466834.8  2.98161e-23
       4570880.7  2.95650e-23
       4677350.2  2.93427e-23
       4786299.7  2.91593e-23
       4897786.9  2.90070e-23
       5011871.0  2.88881e-23
       5128612.5  2.87949e-23
       5248073.2  2.87306e-23
       5370316.6  2.86874e-23
       5495407.3  2.86700e-23
       5623411.8  2.86706e-23
       5754397.9  2.86946e-23
       5888435.0  2.87343e-23
       6025594.3  2.87953e-23
       6165948.4  2.88700e-23
       6309571.8  2.89635e-23
       6456540.6  2.90687e-23
       6606932.7  2.91888e-23
       6760828.0  2.93178e-23
       6918307.9  2.94570e-23
       7079456.0  2.96018e-23
       7244357.7  2.97510e-23
       7413100.4  2.99024e-23
       7585773.7  3.00496e-23
       7762469.1  3.01947e-23
       7943280.2  3.03304e-23
       8128303.0  3.04617e-23
       8317635.5  3.05782e-23
       8511378.1  3.06879e-23
       8709633.5  3.07766e-23
       8912507.0  3.08561e-23
       9120105.9  3.09116e-23
       9332540.5  3.09570e-23
       9549923.2  3.09686e-23
       9772369.5  3.09668e-23
       9999997.3  3.09381e-23
       10232927.  3.08994e-23
       10471283.  3.08276e-23
       10715190.  3.07440e-23
       10964779.  3.06189e-23
       11220181.  3.04800e-23
       11481533.  3.02986e-23
       11748972.  3.01038e-23
       12022641.  2.98660e-23
       12302684.  2.96155e-23
       12589251.  2.93265e-23
       12882492.  2.90268e-23
       13182564.  2.86944e-23
       13489625.  2.83536e-23
       13803839.  2.79887e-23
       14125371.  2.76179e-23
       14454394.  2.72338e-23
       14791080.  2.68468e-23
       15135608.  2.64587e-23
       15488162.  2.60705e-23
       15848927.  2.56934e-23
       16218096.  2.53184e-23
       16595864.  2.49654e-23
       16982432.  2.46162e-23
       17378003.  2.42962e-23
       17782789.  2.39810e-23
       18197003.  2.37011e-23
       18620866.  2.34265e-23
       19054602.  2.31896e-23
       19498440.  2.29579e-23
       19952617.  2.27638e-23
       20417374.  2.25744e-23
       20892955.  2.24212e-23
       21379615.  2.22719e-23
       21877610.  2.21562e-23
       22387205.  2.20438e-23
       22908670.  2.19619e-23
       23442281.  2.18824e-23
       23988322.  2.18297e-23
       24547082.  2.17788e-23
       25118857.  2.17528e-23
       25703950.  2.17283e-23
       26302672.  2.17260e-23
       26915340.  2.17246e-23
       27542279.  2.17431e-23
       28183821.  2.17623e-23
       28840306.  2.17992e-23
       29512083.  2.18365e-23
       30199508.  2.18893e-23
       30902945.  2.19423e-23
       31622767.  2.20273e-23
       32359356.  2.21127e-23
       33113102.  2.22305e-23
       33884405.  2.23485e-23
       34673675.  2.24799e-23
       35481328.  2.26116e-23
       36307794.  2.27555e-23
       37153512.  2.28998e-23
       38018928.  2.30553e-23
       38904503.  2.32113e-23
       39810705.  2.33774e-23
       40738015.  2.35443e-23
       41686926.  2.37206e-23
       42657939.  2.38976e-23
       43651570.  2.40836e-23
       44668345.  2.42703e-23
       45708805.  2.44654e-23
       46773500.  2.46612e-23
       47862994.  2.48648e-23
       48977867.  2.50693e-23
       50118708.  2.52811e-23
       51286122.  2.54938e-23
       52480730.  2.57135e-23
       53703163.  2.59342e-23
       54954070.  2.61614e-23
       56234115.  2.63898e-23
       57543976.  2.66243e-23
       58884347.  2.68599e-23
       60255940.  2.71013e-23
       61659481.  2.73439e-23
       63095715.  2.75921e-23
       64565402.  2.78414e-23
       66069324.  2.80959e-23
       67608276.  2.83516e-23
       69183075.  2.86123e-23
       70794556.  2.88742e-23
       72443573.  2.91408e-23
       74131000.  2.94085e-23
       75857733.  2.96807e-23
       77624687.  2.99541e-23
       79432798.  3.02315e-23
       81283025.  3.05098e-23
       83176350.  3.07916e-23
       85113776.  3.10744e-23
       87096331.  3.13608e-23
       89125065.  3.16484e-23
       91201054.  3.19394e-23
       93325400.  3.22315e-23
       95499228.  3.25266e-23
       97723690.  3.28287e-23
       99999967.  3.31496e-23
   1.0232927e+08  3.34830e-23
   1.0471282e+08  3.38485e-23
   1.0715190e+08  3.42162e-23
   1.0964778e+08  3.45890e-23
   1.1220181e+08  3.49640e-23
   1.1481532e+08  3.53438e-23
   1.1748972e+08  3.57260e-23
   1.2022640e+08  3.61133e-23
   1.2302684e+08  3.65030e-23
   1.2589250e+08  3.68976e-23
   1.2882491e+08  3.72947e-23
   1.3182563e+08  3.76968e-23
   1.3489624e+08  3.81014e-23
   1.3803838e+08  3.85108e-23
   1.4125371e+08  3.89229e-23
   1.4454393e+08  3.93399e-23
   1.4791079e+08  3.97597e-23
   1.5135607e+08  4.01843e-23
   1.5488161e+08  4.06119e-23
   1.5848927e+08  4.10443e-23
   1.6218096e+08  4.14799e-23
   1.6595863e+08  4.19202e-23
   1.6982431e+08  4.23637e-23
   1.7378002e+08  4.28120e-23
   1.7782788e+08  4.32637e-23
   1.8197002e+08  4.37202e-23
   1.8620865e+08  4.41802e-23
   1.9054601e+08  4.46450e-23
   1.9498439e+08  4.51135e-23
   1.9952616e+08  4.55867e-23
   2.0417372e+08  4.60636e-23
   2.0892954e+08  4.65453e-23
   2.1379614e+08  4.70310e-23
   2.1877609e+08  4.75213e-23
   2.2387204e+08  4.80158e-23
   2.2908669e+08  4.85150e-23
   2.3442280e+08  4.90183e-23
   2.3988321e+08  4.95263e-23
   2.4547081e+08  5.00387e-23
   2.5118856e+08  5.05556e-23
   2.5703949e+08  5.10771e-23
   2.6302671e+08  5.16032e-23
   2.6915339e+08  5.21339e-23
   2.7542277e+08  5.26692e-23
   2.8183819e+08  5.32093e-23
   2.8840305e+08  5.37539e-23
   2.9512082e+08  5.43035e-23
   3.0199507e+08  5.48575e-23
   3.0902943e+08  5.54289e-23
   3.1622765e+08  5.60151e-23
   3.2359354e+08  5.66520e-23
   3.3113100e+08  5.73297e-23
   3.3884404e+08  5.80165e-23
   3.4673673e+08  5.87102e-23
   3.5481326e+08  5.94134e-23
   3.6307793e+08  6.01234e-23
   3.7153510e+08  6.08433e-23
   3.8018926e+08  6.15700e-23
   3.8904501e+08  6.23069e-23
   3.9810703e+08  6.30506e-23
   4.0738013e+08  6.38050e-23
   4.1686923e+08  6.45661e-23
   4.2657937e+08  6.53382e-23
   4.3651568e+08  6.61171e-23
   4.4668343e+08  6.69075e-23
   4.5708803e+08  6.77046e-23
   4.6773497e+08  6.85135e-23
   4.7862992e+08  6.93289e-23
   4.8977864e+08  7.01570e-23
   5.0118705e+08  7.09917e-23
   5.1286120e+08  7.18394e-23
   5.2480727e+08  7.26937e-23
   5.3703160e+08  7.35615e-23
   5.4954067e+08  7.44358e-23
   5.6234112e+08  7.53243e-23
   5.7543973e+08  7.62194e-23
   5.8884344e+08  7.71292e-23
   6.0255937e+08  7.80455e-23
   6.1659478e+08  7.89772e-23
