       6309.5728  2.94603e-26
       6456.5416  3.03717e-26
       6606.9337  3.14742e-26
       6760.8290  3.26201e-26
       6918.3089  3.40224e-26
       7079.4570  3.54902e-26
       7244.3588  3.71548e-26
       7413.1016  3.88895e-26
       7585.7749  4.06893e-26
       7762.4703  4.25559e-26
       7943.2814  4.53664e-26
       8128.3042  4.82031e-26
       8317.6367  5.10861e-26
       8511.3794  5.38820e-26
       8709.6349  5.73113e-26
       8912.5083  6.04886e-26
       9120.1073  6.43980e-26
       9332.5419  6.75335e-26
       9549.9247  6.85169e-26
       9772.3710  7.06038e-26
       9999.9988  7.37971e-26
       10232.929  8.09867e-26
       10471.284  1.01242e-25
       10715.192  1.28239e-25
       10964.781  1.95712e-25
       11220.183  2.79958e-25
       11481.535  4.81723e-25
       11748.974  7.31812e-25
       12022.643  1.30243e-24
       12302.686  2.00076e-24
       12589.253  3.47616e-24
       12882.494  5.24148e-24
       13182.566  8.62433e-24
       13489.627  1.25585e-23
       13803.841  1.93255e-23
       14125.374  2.68708e-23
       14454.396  3.81178e-23
       14791.082  5.00668e-23
       15135.611  6.51160e-23
       15488.164  8.02764e-23
       15848.930  9.58961e-23
       16218.099  1.10887e-22
       16595.867  1.23461e-22
       16982.434  1.34850e-22
       17378.006  1.41968e-22
       17782.792  1.47971e-22
       18197.006  1.50202e-22
       18620.869  1.51546e-22
       19054.605  1.50066e-22
       19498.443  1.48151e-22
       19952.620  1.44935e-22
       20417.377  1.41506e-22
       20892.958  1.37470e-22
       21379.618  1.33492e-22
       21877.613  1.29666e-22
       22387.208  1.25946e-22
       22908.673  1.22498e-22
       23442.285  1.19297e-22
       23988.326  1.16694e-22
       24547.086  1.14336e-22
       25118.861  1.12535e-22
       25703.954  1.10985e-22
       26302.676  1.09975e-22
       26915.344  1.09196e-22
       27542.283  1.08891e-22
       28183.825  1.08797e-22
       28840.311  1.09118e-22
       29512.088  1.09568e-22
       30199.513  1.10259e-22
       30902.950  1.11083e-22
       31622.772  1.12144e-22
       32359.361  1.13341e-22
       33113.107  1.14774e-22
       33884.411  1.16352e-22
       34673.680  1.18169e-22
       35481.334  1.20173e-22
       36307.800  1.22465e-22
       37153.517  1.24983e-22
       38018.934  1.27835e-22
       38904.509  1.30922e-22
       39810.711  1.34343e-22
       40738.022  1.38063e-22
       41686.932  1.42189e-22
       42657.945  1.46563e-22
       43651.577  1.51260e-22
       44668.352  1.56286e-22
       45708.812  1.61724e-22
       46773.507  1.67536e-22
       47863.002  1.73793e-22
       48977.874  1.80522e-22
       50118.716  1.87790e-22
       51286.130  1.95545e-22
       52480.738  2.03829e-22
       53703.171  2.12723e-22
       54954.079  2.22254e-22
       56234.124  2.32498e-22
       57543.985  2.43457e-22
       58884.356  2.55228e-22
       60255.949  2.67776e-22
       61659.490  2.81101e-22
       63095.724  2.95139e-22
       64565.412  3.09886e-22
       66069.334  3.25255e-22
       67608.287  3.41352e-22
       69183.086  3.58061e-22
       70794.567  3.74648e-22
       72443.584  3.91139e-22
       74131.012  4.06947e-22
       75857.745  4.22228e-22
       77624.699  4.36390e-22
       79432.810  4.49727e-22
       81283.038  4.61741e-22
       83176.363  4.72821e-22
       85113.790  4.82552e-22
       87096.344  4.91368e-22
       89125.079  4.99152e-22
       91201.068  5.06285e-22
       93325.414  5.12364e-22
       95499.242  5.17787e-22
       97723.705  5.22118e-22
       99999.983  5.25809e-22
       102329.28  5.27999e-22
       104712.84  5.29347e-22
       107151.91  5.28957e-22
       109647.80  5.27632e-22
       112201.83  5.24841e-22
       114815.34  5.21309e-22
       117489.73  5.17080e-22
       120226.42  5.12516e-22
       123026.86  5.08258e-22
       125892.52  5.04141e-22
       128824.93  5.01081e-22
       131825.65  4.98485e-22
       134896.26  4.97294e-22
       138038.40  4.96687e-22
       141253.73  4.97328e-22
       144543.95  4.98461e-22
       147910.81  5.00691e-22
       151356.10  5.03332e-22
       154881.63  5.06372e-22
       158489.29  5.09549e-22
       162180.98  5.12659e-22
       165958.66  5.15746e-22
       169824.33  5.18422e-22
       173780.05  5.20967e-22
       177827.91  5.22933e-22
       181970.05  5.24725e-22
       186208.68  5.26130e-22
       190546.04  5.27429e-22
       194984.42  5.28774e-22
       199526.19  5.30130e-22
       204173.76  5.31713e-22
       208929.57  5.33351e-22
       213796.17  5.34954e-22
       218776.12  5.36549e-22
       223872.07  5.37315e-22
       229086.72  5.37905e-22
       234422.84  5.36365e-22
       239883.25  5.34409e-22
       245470.84  5.28697e-22
       251188.59  5.22307e-22
       257039.53  5.10716e-22
       263026.75  4.98267e-22
       269153.43  4.80230e-22
       275422.82  4.61363e-22
       281838.24  4.38387e-22
       288403.09  4.14854e-22
       295120.86  3.89739e-22
       301995.11  3.64430e-22
       309029.48  3.41376e-22
       316227.70  3.18567e-22
       323593.59  2.99520e-22
       331131.06  2.80838e-22
       338844.09  2.66419e-22
       346736.78  2.52350e-22
       354813.32  2.42104e-22
       363077.98  2.32125e-22
       371535.15  2.25203e-22
       380189.32  2.18455e-22
       389045.07  2.13978e-22
       398107.09  2.09603e-22
       407380.20  2.06813e-22
       416869.30  2.04077e-22
       426579.43  2.02340e-22
       436515.74  2.00625e-22
       446683.50  1.99536e-22
       457088.10  1.98454e-22
       467735.04  1.97581e-22
       478629.99  1.96706e-22
       489778.72  1.95711e-22
       501187.13  1.94705e-22
       512861.28  1.93277e-22
       524807.35  1.91829e-22
       537031.68  1.89817e-22
       549540.76  1.87777e-22
       562341.21  1.85111e-22
       575439.82  1.82427e-22
       588843.53  1.79415e-22
       602559.46  1.76403e-22
       616594.87  1.73393e-22
       630957.21  1.70419e-22
       645654.09  1.67882e-22
       660693.31  1.65409e-22
       676082.83  1.63607e-22
       691830.82  1.61877e-22
       707945.63  1.60807e-22
       724435.80  1.59820e-22
       741310.08  1.59518e-22
       758577.41  1.59281e-22
       776246.95  1.59527e-22
       794328.06  1.59811e-22
       812830.34  1.60348e-22
       831763.59  1.60896e-22
       851137.85  1.61510e-22
       870963.40  1.62104e-22
       891250.74  1.62583e-22
       912010.64  1.63018e-22
       933254.09  1.63219e-22
       954992.37  1.63352e-22
       977237.00  1.63155e-22
       999999.78  1.62879e-22
       1023292.8  1.62256e-22
       1047128.3  1.61560e-22
       1071519.1  1.60561e-22
       1096477.9  1.59499e-22
       1122018.2  1.58191e-22
       1148153.4  1.56833e-22
       1174897.3  1.55291e-22
       1202264.2  1.53704e-22
       1230268.5  1.51963e-22
       1258925.1  1.50176e-22
       1288249.3  1.48245e-22
       1318256.4  1.46259e-22
       1348962.6  1.44106e-22
       1380383.9  1.41883e-22
       1412537.2  1.39463e-22
       1445439.4  1.36955e-22
       1479108.0  1.34212e-22
       1513560.9  1.31361e-22
       1548816.3  1.28235e-22
       1584892.8  1.24993e-22
       1621809.7  1.21476e-22
       1659586.5  1.17853e-22
       1698243.3  1.13987e-22
       1737800.4  1.10050e-22
       1778279.0  1.05961e-22
       1819700.4  1.01853e-22
       1862086.7  9.77031e-23
       1905460.3  9.36001e-23
       1949844.1  8.95891e-23
       1995261.8  8.56752e-23
       2041737.5  8.19459e-23
       2089295.6  7.83553e-23
       2137961.6  7.50098e-23
       2187761.1  7.18165e-23
       2238720.6  6.88821e-23
       2290867.1  6.60932e-23
       2344228.2  6.35414e-23
       2398832.3  6.11165e-23
       2454708.3  5.88889e-23
       2511885.8  5.67641e-23
       2570395.2  5.47918e-23
       2630267.3  5.28972e-23
       2691534.1  5.11131e-23
       2754228.0  4.93915e-23
       2818382.2  4.77550e-23
       2884030.8  4.61762e-23
       2951208.5  4.46728e-23
       3019951.0  4.32299e-23
       3090294.7  4.18612e-23
       3162276.9  4.05641e-23
       3235935.8  3.93522e-23
       3311310.4  3.82133e-23
       3388440.7  3.71577e-23
       3467367.6  3.61754e-23
       3548133.0  3.52730e-23
       3630779.6  3.44416e-23
       3715351.4  3.36844e-23
       3801893.0  3.29934e-23
       3890450.5  3.23687e-23
       3981070.7  3.18053e-23
       4073801.7  3.13005e-23
       4168692.8  3.08516e-23
       4265794.1  3.04538e-23
       4365157.2  3.01058e-23
       4466834.8  2.98017e-23
       4570880.7  2.95420e-23
       4677350.2  2.93198e-23
       4786299.7  2.91365e-23
       4897786.9  2.89843e-23
       5011871.0  2.88655e-23
       5128612.5  2.87723e-23
       5248073.2  2.87079e-23
       5370316.6  2.86647e-23
       5495407.3  2.86472e-23
       5623411.8  2.86478e-23
       5754397.9  2.86717e-23
       5888435.0  2.87112e-23
       6025594.3  2.87721e-23
       6165948.4  2.88467e-23
       6309571.8  2.89409e-23
       6456540.6  2.90473e-23
       6606932.7  2.91681e-23
       6760828.0  2.92974e-23
       6918307.9  2.94366e-23
       7079456.0  2.95813e-23
       7244357.7  2.97303e-23
       7413100.4  2.98816e-23
       7585773.7  3.00286e-23
       7762469.1  3.01734e-23
       7943280.2  3.03090e-23
       8128303.0  3.04401e-23
       8317635.5  3.05565e-23
       8511378.1  3.06661e-23
       8709633.5  3.07547e-23
       8912507.0  3.08341e-23
       9120105.9  3.08867e-23
       9332540.5  3.09281e-23
       9549923.2  3.09376e-23
       9772369.5  3.09344e-23
       9999997.3  3.09053e-23
       10232927.  3.08666e-23
       10471283.  3.07947e-23
       10715190.  3.07109e-23
       10964779.  3.05857e-23
       11220181.  3.04467e-23
       11481533.  3.02654e-23
       11748972.  3.00707e-23
       12022641.  2.98333e-23
       12302684.  2.95832e-23
       12589251.  2.92942e-23
       12882492.  2.89943e-23
       13182564.  2.86622e-23
       13489625.  2.83218e-23
       13803839.  2.79571e-23
       14125371.  2.75864e-23
       14454394.  2.72026e-23
       14791080.  2.68159e-23
       15135608.  2.64280e-23
       15488162.  2.60399e-23
       15848927.  2.56626e-23
       16218096.  2.52874e-23
       16595864.  2.49344e-23
       16982432.  2.45855e-23
       17378003.  2.42654e-23
       17782789.  2.39499e-23
       18197003.  2.36701e-23
       18620866.  2.33955e-23
       19054602.  2.31642e-23
       19498440.  2.29388e-23
       19952617.  2.27469e-23
       20417374.  2.25591e-23
       20892955.  2.24072e-23
       21379615.  2.22593e-23
       21877610.  2.21450e-23
       22387205.  2.20340e-23
       22908670.  2.19534e-23
       23442281.  2.18754e-23
       23988322.  2.18240e-23
       24547082.  2.17745e-23
       25118857.  2.17499e-23
       25703950.  2.17267e-23
       26302672.  2.17257e-23
       26915340.  2.17258e-23
       27542279.  2.17455e-23
       28183821.  2.17658e-23
       28840306.  2.18039e-23
       29512083.  2.18424e-23
       30199508.  2.18962e-23
       30902945.  2.19502e-23
       31622767.  2.20361e-23
       32359356.  2.21224e-23
       33113102.  2.22409e-23
       33884405.  2.23597e-23
       34673675.  2.24916e-23
       35481328.  2.26239e-23
       36307794.  2.27682e-23
       37153512.  2.29129e-23
       38018928.  2.30686e-23
       38904503.  2.32247e-23
       39810705.  2.33909e-23
       40738015.  2.35577e-23
       41686926.  2.37339e-23
       42657939.  2.39107e-23
       43651570.  2.40962e-23
       44668345.  2.42825e-23
       45708805.  2.44769e-23
       46773500.  2.46722e-23
       47862994.  2.48749e-23
       48977867.  2.50785e-23
       50118708.  2.52892e-23
       51286122.  2.55008e-23
       52480730.  2.57192e-23
       53703163.  2.59385e-23
       54954070.  2.61643e-23
       56234115.  2.63911e-23
       57543976.  2.66239e-23
       58884347.  2.68577e-23
       60255940.  2.70973e-23
       61659481.  2.73379e-23
       63095715.  2.75839e-23
       64565402.  2.78311e-23
       66069324.  2.80834e-23
       67608276.  2.83368e-23
       69183075.  2.85950e-23
       70794556.  2.88544e-23
       72443573.  2.91184e-23
       74131000.  2.93836e-23
       75857733.  2.96531e-23
       77624687.  2.99238e-23
       79432798.  3.01983e-23
       81283025.  3.04739e-23
       83176350.  3.07527e-23
       85113776.  3.10326e-23
       87096331.  3.13161e-23
       89125065.  3.16007e-23
       91201054.  3.18887e-23
       93325400.  3.21777e-23
       95499228.  3.24697e-23
       97723690.  3.27688e-23
       99999967.  3.30865e-23
   1.0232927e+08  3.34168e-23
   1.0471282e+08  3.37792e-23
   1.0715190e+08  3.41437e-23
   1.0964778e+08  3.45134e-23
   1.1220181e+08  3.48851e-23
   1.1481532e+08  3.52618e-23
   1.1748972e+08  3.56407e-23
   1.2022640e+08  3.60248e-23
   1.2302684e+08  3.64113e-23
   1.2589250e+08  3.68027e-23
   1.2882491e+08  3.71966e-23
   1.3182563e+08  3.75954e-23
   1.3489624e+08  3.79967e-23
   1.3803838e+08  3.84029e-23
   1.4125371e+08  3.88117e-23
   1.4454393e+08  3.92254e-23
   1.4791079e+08  3.96419e-23
   1.5135607e+08  4.00632e-23
   1.5488161e+08  4.04875e-23
   1.5848927e+08  4.09165e-23
   1.6218096e+08  4.13486e-23
   1.6595863e+08  4.17855e-23
   1.6982431e+08  4.22256e-23
   1.7378002e+08  4.26704e-23
   1.7782788e+08  4.31186e-23
   1.8197002e+08  4.35715e-23
   1.8620865e+08  4.40280e-23
   1.9054601e+08  4.44891e-23
   1.9498439e+08  4.49539e-23
   1.9952616e+08  4.54233e-23
   2.0417372e+08  4.58964e-23
   2.0892954e+08  4.63743e-23
   2.1379614e+08  4.68560e-23
   2.1877609e+08  4.73424e-23
   2.2387204e+08  4.78328e-23
   2.2908669e+08  4.83278e-23
   2.3442280e+08  4.88270e-23
   2.3988321e+08  4.93307e-23
   2.4547081e+08  4.98387e-23
   2.5118856e+08  5.03513e-23
   2.5703949e+08  5.08683e-23
   2.6302671e+08  5.13898e-23
   2.6915339e+08  5.19158e-23
   2.7542277e+08  5.24463e-23
   2.8183819e+08  5.29816e-23
   2.8840305e+08  5.35212e-23
   2.9512082e+08  5.40657e-23
   3.0199507e+08  5.46145e-23
   3.0902943e+08  5.51807e-23
   3.1622765e+08  5.57615e-23
   3.2359354e+08  5.63929e-23
   3.3113100e+08  5.70649e-23
   3.3884404e+08  5.77459e-23
   3.4673673e+08  5.84337e-23
   3.5481326e+08  5.91307e-23
   3.6307793e+08  5.98346e-23
   3.7153510e+08  6.05481e-23
   3.8018926e+08  6.12683e-23
   3.8904501e+08  6.19986e-23
   3.9810703e+08  6.27356e-23
   4.0738013e+08  6.34831e-23
   4.1686923e+08  6.42371e-23
   4.2657937e+08  6.50021e-23
   4.3651568e+08  6.57736e-23
   4.4668343e+08  6.65564e-23
   4.5708803e+08  6.73458e-23
   4.6773497e+08  6.81469e-23
   4.7862992e+08  6.89543e-23
   4.8977864e+08  6.97741e-23
   5.0118705e+08  7.06004e-23
   5.1286120e+08  7.14394e-23
   5.2480727e+08  7.22850e-23
   5.3703160e+08  7.31437e-23
   5.4954067e+08  7.40089e-23
   5.6234112e+08  7.48880e-23
   5.7543973e+08  7.57735e-23
   5.8884344e+08  7.66734e-23
   6.0255937e+08  7.75797e-23
   6.1659478e+08  7.85011e-23
