       6309.5728 -2.68857e-25
       6456.5416 -1.53722e-25
       6606.9337 -2.87295e-26
       6760.8290  9.64004e-26
       6918.3089  2.32796e-25
       7079.4570  3.69341e-25
       7244.3588  5.19471e-25
       7413.1016  6.69887e-25
       7585.7749  8.35042e-25
       7762.4703  1.00079e-24
       7943.2814  1.18260e-24
       8128.3042  1.36528e-24
       8317.6367  1.56699e-24
       8511.3794  1.76978e-24
       8709.6349  1.99262e-24
       8912.5083  2.21706e-24
       9120.1073  2.46338e-24
       9332.5419  2.71181e-24
       9549.9247  2.98593e-24
       9772.3710  3.26223e-24
       9999.9988  3.56256e-24
       10232.929  3.86575e-24
       10471.284  4.19446e-24
       10715.192  4.52746e-24
       10964.781  4.89558e-24
       11220.183  5.26872e-24
       11481.535  5.67987e-24
       11748.974  6.09713e-24
       12022.643  6.55430e-24
       12302.686  7.01985e-24
       12589.253  7.53627e-24
       12882.494  8.06213e-24
       13182.566  8.64165e-24
       13489.627  9.23305e-24
       13803.841  9.88464e-24
       14125.374  1.05521e-23
       14454.396  1.12948e-23
       14791.082  1.20555e-23
       15135.611  1.28965e-23
       15488.164  1.37596e-23
       15848.930  1.47125e-23
       16218.099  1.56941e-23
       16595.867  1.67853e-23
       16982.434  1.79082e-23
       17378.006  1.91459e-23
       17782.792  2.04207e-23
       18197.006  2.18198e-23
       18620.869  2.32659e-23
       19054.605  2.48613e-23
       19498.443  2.65059e-23
       19952.620  2.82999e-23
       20417.377  3.01470e-23
       20892.958  3.21435e-23
       21379.618  3.42053e-23
       21877.613  3.64415e-23
       22387.208  3.87402e-23
       22908.673  4.11991e-23
       23442.285  4.37152e-23
       23988.326  4.63677e-23
       24547.086  4.90852e-23
       25118.861  5.19508e-23
       25703.954  5.48586e-23
       26302.676  5.78605e-23
       26915.344  6.09019e-23
       27542.283  6.40224e-23
       28183.825  6.71664e-23
       28840.311  7.03584e-23
       29512.088  7.35755e-23
       30199.513  7.68374e-23
       30902.950  8.01146e-23
       31622.772  8.34209e-23
       32359.361  8.67706e-23
       33113.107  9.01923e-23
       33884.411  9.36566e-23
       34673.680  9.71917e-23
       35481.334  1.00831e-22
       36307.800  1.04633e-22
       37153.517  1.08515e-22
       38018.934  1.12516e-22
       38904.509  1.16669e-22
       39810.711  1.21041e-22
       40738.022  1.25601e-22
       41686.932  1.30413e-22
       42657.945  1.35425e-22
       43651.577  1.40707e-22
       44668.352  1.46233e-22
       45708.812  1.52055e-22
       46773.507  1.58187e-22
       47863.002  1.64694e-22
       48977.874  1.71547e-22
       50118.716  1.78785e-22
       51286.130  1.86434e-22
       52480.738  1.94541e-22
       53703.171  2.03161e-22
       54954.079  2.12309e-22
       56234.124  2.22021e-22
       57543.985  2.32299e-22
       58884.356  2.43266e-22
       60255.949  2.54893e-22
       61659.490  2.67210e-22
       63095.724  2.80160e-22
       64565.412  2.93806e-22
       66069.334  3.08065e-22
       67608.287  3.22850e-22
       69183.086  3.38076e-22
       70794.567  3.53509e-22
       72443.584  3.69107e-22
       74131.012  3.84425e-22
       75857.745  3.99526e-22
       77624.699  4.13903e-22
       79432.810  4.27749e-22
       81283.038  4.40541e-22
       83176.363  4.52592e-22
       85113.790  4.63503e-22
       87096.344  4.73648e-22
       89125.079  4.82640e-22
       91201.068  4.90892e-22
       93325.414  4.97963e-22
       95499.242  5.04309e-22
       97723.705  5.09291e-22
       99999.983  5.13474e-22
       102329.28  5.16079e-22
       104712.84  5.17800e-22
       107151.91  5.17817e-22
       109647.80  5.16924e-22
       112201.83  5.14631e-22
       114815.34  5.11627e-22
       117489.73  5.07829e-22
       120226.42  5.03647e-22
       123026.86  4.99990e-22
       125892.52  4.96572e-22
       128824.93  4.93899e-22
       131825.65  4.91552e-22
       134896.26  4.90500e-22
       138038.40  4.89985e-22
       141253.73  4.90933e-22
       144543.95  4.92462e-22
       147910.81  4.94766e-22
       151356.10  4.97355e-22
       154881.63  5.00424e-22
       158489.29  5.03664e-22
       162180.98  5.06905e-22
       165958.66  5.10146e-22
       169824.33  5.13005e-22
       173780.05  5.15744e-22
       177827.91  5.17970e-22
       181970.05  5.20045e-22
       186208.68  5.21780e-22
       190546.04  5.23421e-22
       194984.42  5.25032e-22
       199526.19  5.26636e-22
       204173.76  5.28365e-22
       208929.57  5.30123e-22
       213796.17  5.31716e-22
       218776.12  5.33273e-22
       223872.07  5.33947e-22
       229086.72  5.34435e-22
       234422.84  5.32708e-22
       239883.25  5.30548e-22
       245470.84  5.24639e-22
       251188.59  5.18057e-22
       257039.53  5.06365e-22
       263026.75  4.93831e-22
       269153.43  4.75879e-22
       275422.82  4.57113e-22
       281838.24  4.34384e-22
       288403.09  4.11115e-22
       295120.86  3.86363e-22
       301995.11  3.61430e-22
       309029.48  3.38746e-22
       316227.70  3.16331e-22
       323593.59  2.97681e-22
       331131.06  2.79378e-22
       338844.09  2.65176e-22
       346736.78  2.51313e-22
       354813.32  2.41216e-22
       363077.98  2.31383e-22
       371535.15  2.24550e-22
       380189.32  2.17890e-22
       389045.07  2.13464e-22
       398107.09  2.09139e-22
       407380.20  2.06371e-22
       416869.30  2.03655e-22
       426579.43  2.01912e-22
       436515.74  2.00190e-22
       446683.50  1.99081e-22
       457088.10  1.97979e-22
       467735.04  1.97072e-22
       478629.99  1.96166e-22
       489778.72  1.95291e-22
       501187.13  1.94404e-22
       512861.28  1.92957e-22
       524807.35  1.91492e-22
       537031.68  1.89465e-22
       549540.76  1.87411e-22
       562341.21  1.84747e-22
       575439.82  1.82064e-22
       588843.53  1.79063e-22
       602559.46  1.76062e-22
       616594.87  1.73074e-22
       630957.21  1.70122e-22
       645654.09  1.67612e-22
       660693.31  1.65167e-22
       676082.83  1.63391e-22
       691830.82  1.61685e-22
       707945.63  1.60633e-22
       724435.80  1.59662e-22
       741310.08  1.59371e-22
       758577.41  1.59144e-22
       776246.95  1.59392e-22
       794328.06  1.59678e-22
       812830.34  1.60211e-22
       831763.59  1.60755e-22
       851137.85  1.61370e-22
       870963.40  1.61964e-22
       891250.74  1.62433e-22
       912010.64  1.62864e-22
       933254.09  1.63098e-22
       954992.37  1.63256e-22
       977237.00  1.63056e-22
       999999.78  1.62776e-22
       1023292.8  1.62149e-22
       1047128.3  1.61449e-22
       1071519.1  1.60448e-22
       1096477.9  1.59384e-22
       1122018.2  1.58074e-22
       1148153.4  1.56713e-22
       1174897.3  1.55170e-22
       1202264.2  1.53581e-22
       1230268.5  1.51835e-22
       1258925.1  1.50043e-22
       1288249.3  1.48105e-22
       1318256.4  1.46110e-22
       1348962.6  1.43948e-22
       1380383.9  1.41716e-22
       1412537.2  1.39288e-22
       1445439.4  1.36769e-22
       1479108.0  1.34009e-22
       1513560.9  1.31147e-22
       1548816.3  1.28025e-22
       1584892.8  1.24784e-22
       1621809.7  1.21253e-22
       1659586.5  1.17617e-22
       1698243.3  1.13741e-22
       1737800.4  1.09825e-22
       1778279.0  1.05825e-22
       1819700.4  1.01775e-22
       1862086.7  9.76227e-23
       1905460.3  9.35179e-23
       1949844.1  8.95059e-23
       1995261.8  8.55912e-23
       2041737.5  8.18591e-23
       2089295.6  7.82615e-23
       2137961.6  7.49071e-23
       2187761.1  7.17033e-23
       2238720.6  6.87517e-23
       2290867.1  6.59472e-23
       2344228.2  6.33825e-23
       2398832.3  6.09385e-23
       2454708.3  5.86826e-23
       2511885.8  5.65246e-23
       2570395.2  5.45121e-23
       2630267.3  5.25759e-23
       2691534.1  5.07480e-23
       2754228.0  4.89766e-23
       2818382.2  4.72819e-23
       2884030.8  4.56400e-23
       2951208.5  4.40665e-23
       3019951.0  4.25474e-23
       3090294.7  4.10959e-23
       3162276.9  3.97108e-23
       3235935.8  3.84048e-23
       3311310.4  3.71645e-23
       3388440.7  3.59990e-23
       3467367.6  3.49006e-23
       3548133.0  3.38754e-23
       3630779.6  3.29194e-23
       3715351.4  3.20358e-23
       3801893.0  3.12129e-23
       3890450.5  3.04509e-23
       3981070.7  2.97363e-23
       4073801.7  2.90670e-23
       4168692.8  2.84515e-23
       4265794.1  2.78855e-23
       4365157.2  2.75027e-23
       4466834.8  2.72807e-23
       4570880.7  2.69669e-23
       4677350.2  2.65759e-23
       4786299.7  2.62337e-23
       4897786.9  2.59308e-23
       5011871.0  2.56541e-23
       5128612.5  2.53977e-23
       5248073.2  2.51586e-23
       5370316.6  2.49323e-23
       5495407.3  2.47812e-23
       5623411.8  2.46832e-23
       5754397.9  2.45691e-23
       5888435.0  2.44441e-23
       6025594.3  2.43411e-23
       6165948.4  2.42522e-23
       6309571.8  2.41895e-23
       6456540.6  2.41428e-23
       6606932.7  2.41759e-23
       6760828.0  2.42558e-23
       6918307.9  2.43586e-23
       7079456.0  2.44742e-23
       7244357.7  2.45459e-23
       7413100.4  2.45943e-23
       7585773.7  2.46494e-23
       7762469.1  2.47079e-23
       7943280.2  2.47700e-23
       8128303.0  2.48337e-23
       8317635.5  2.48978e-23
       8511378.1  2.49621e-23
       8709633.5  2.50295e-23
       8912507.0  2.50983e-23
       9120105.9  2.51702e-23
       9332540.5  2.52434e-23
       9549923.2  2.52861e-23
       9772369.5  2.53167e-23
       9999997.3  2.53662e-23
       10232927.  2.54228e-23
       10471283.  2.55262e-23
       10715190.  2.56462e-23
       10964779.  2.56809e-23
       11220181.  2.56871e-23
       11481533.  2.57222e-23
       11748972.  2.57663e-23
       12022641.  2.57190e-23
       12302684.  2.56444e-23
       12589251.  2.55379e-23
       12882492.  2.54223e-23
       13182564.  2.52804e-23
       13489625.  2.51315e-23
       13803839.  2.50142e-23
       14125371.  2.49046e-23
       14454394.  2.47071e-23
       14791080.  2.44897e-23
       15135608.  2.42655e-23
       15488162.  2.40399e-23
       15848927.  2.38158e-23
       16218096.  2.35920e-23
       16595864.  2.33779e-23
       16982432.  2.31654e-23
       17378003.  2.29706e-23
       17782789.  2.27786e-23
       18197003.  2.26062e-23
       18620866.  2.24366e-23
       19054602.  2.22914e-23
       19498440.  2.21495e-23
       19952617.  2.21162e-23
       20417374.  2.20962e-23
       20892955.  2.20132e-23
       21379615.  2.19233e-23
       21877610.  2.18571e-23
       22387205.  2.17932e-23
       22908670.  2.17514e-23
       23442281.  2.17115e-23
       23988322.  2.16917e-23
       24547082.  2.16732e-23
       25118857.  2.16743e-23
       25703950.  2.16765e-23
       26302672.  2.16966e-23
       26915340.  2.17176e-23
       27542279.  2.17550e-23
       28183821.  2.17929e-23
       28840306.  2.18460e-23
       29512083.  2.18993e-23
       30199508.  2.19661e-23
       30902945.  2.20331e-23
       31622767.  2.21304e-23
       32359356.  2.22281e-23
       33113102.  2.23569e-23
       33884405.  2.24854e-23
       34673675.  2.25939e-23
       35481328.  2.27039e-23
       36307794.  2.28606e-23
       37153512.  2.30177e-23
       38018928.  2.31851e-23
       38904503.  2.33531e-23
       39810705.  2.35306e-23
       40738015.  2.37087e-23
       41686926.  2.38959e-23
       42657939.  2.40838e-23
       43651570.  2.42802e-23
       44668345.  2.44774e-23
       45708805.  2.46826e-23
       46773500.  2.48887e-23
       47862994.  2.51023e-23
       48977867.  2.53168e-23
       50118708.  2.55385e-23
       51286122.  2.57612e-23
       52480730.  2.59908e-23
       53703163.  2.62214e-23
       54954070.  2.64586e-23
       56234115.  2.66969e-23
       57543976.  2.69414e-23
       58884347.  2.71871e-23
       60255940.  2.74387e-23
       61659481.  2.76915e-23
       63095715.  2.79500e-23
       64565402.  2.82089e-23
       66069324.  2.84697e-23
       67608276.  2.87325e-23
       69183075.  2.90044e-23
       70794556.  2.92775e-23
       72443573.  2.95556e-23
       74131000.  2.98348e-23
       75857733.  3.01189e-23
       77624687.  3.04042e-23
       79432798.  3.06937e-23
       81283025.  3.09843e-23
       83176350.  3.12786e-23
       85113776.  3.15742e-23
       87096331.  3.18737e-23
       89125065.  3.21743e-23
       91201054.  3.24788e-23
       93325400.  3.27844e-23
       95499228.  3.30936e-23
       97723690.  3.34099e-23
       99999967.  3.37454e-23
   1.0232927e+08  3.40936e-23
   1.0471282e+08  3.44743e-23
   1.0715190e+08  3.48573e-23
   1.0964778e+08  3.52459e-23
   1.1220181e+08  3.56369e-23
   1.1481532e+08  3.60332e-23
   1.1748972e+08  3.64320e-23
   1.2022640e+08  3.68365e-23
   1.2302684e+08  3.72436e-23
   1.2589250e+08  3.76561e-23
   1.2882491e+08  3.80714e-23
   1.3182563e+08  3.84921e-23
   1.3489624e+08  3.89157e-23
   1.3803838e+08  3.93446e-23
   1.4125371e+08  3.97766e-23
   1.4454393e+08  4.02139e-23
   1.4791079e+08  4.06545e-23
   1.5135607e+08  4.11004e-23
   1.5488161e+08  4.15475e-23
   1.5848927e+08  4.19965e-23
   1.6218096e+08  4.24516e-23
   1.6595863e+08  4.29160e-23
   1.6982431e+08  4.33840e-23
   1.7378002e+08  4.38574e-23
   1.7782788e+08  4.43346e-23
   1.8197002e+08  4.48171e-23
   1.8620865e+08  4.53037e-23
   1.9054601e+08  4.57957e-23
   1.9498439e+08  4.62919e-23
   1.9952616e+08  4.67934e-23
   2.0417372e+08  4.72993e-23
   2.0892954e+08  4.78106e-23
   2.1379614e+08  4.83265e-23
   2.1877609e+08  4.88478e-23
   2.2387204e+08  4.93738e-23
   2.2908669e+08  4.99052e-23
   2.3442280e+08  5.04416e-23
   2.3988321e+08  5.09833e-23
   2.4547081e+08  5.15302e-23
   2.5118856e+08  5.20825e-23
   2.5703949e+08  5.26400e-23
   2.6302671e+08  5.32030e-23
   2.6915339e+08  5.37715e-23
   2.7542277e+08  5.43454e-23
   2.8183819e+08  5.49250e-23
   2.8840305e+08  5.55100e-23
   2.9512082e+08  5.61009e-23
   3.0199507e+08  5.66972e-23
   3.0902943e+08  5.73120e-23
   3.1622765e+08  5.79424e-23
   3.2359354e+08  5.86246e-23
   3.3113100e+08  5.93485e-23
   3.3884404e+08  6.00828e-23
   3.4673673e+08  6.08249e-23
   3.5481326e+08  6.15777e-23
   3.6307793e+08  6.23384e-23
   3.7153510e+08  6.31103e-23
   3.8018926e+08  6.38900e-23
   3.8904501e+08  6.46814e-23
   3.9810703e+08  6.54806e-23
   4.0738013e+08  6.62920e-23
   4.1686923e+08  6.71112e-23
   4.2657937e+08  6.79431e-23
   4.3651568e+08  6.87828e-23
   4.4668343e+08  6.96358e-23
   4.5708803e+08  7.04966e-23
   4.6773497e+08  7.13710e-23
   4.7862992e+08  7.22531e-23
   4.8977864e+08  7.31498e-23
   5.0118705e+08  7.40543e-23
   5.1286120e+08  7.49740e-23
   5.2480727e+08  7.59013e-23
   5.3703160e+08  7.68444e-23
   5.4954067e+08  7.77952e-23
   5.6234112e+08  7.87626e-23
   5.7543973e+08  7.97378e-23
   5.8884344e+08  8.07302e-23
   6.0255937e+08  8.17303e-23
   6.1659478e+08  8.27486e-23
