       6309.5728 -4.43355e-24
       6456.5416 -4.31235e-24
       6606.9337 -4.18528e-24
       6760.8290 -4.05812e-24
       6918.3089 -3.92380e-24
       7079.4570 -3.78943e-24
       7244.3588 -3.64748e-24
       7413.1016 -3.50525e-24
       7585.7749 -3.35143e-24
       7762.4703 -3.19719e-24
       7943.2814 -3.02985e-24
       8128.3042 -2.86199e-24
       8317.6367 -2.68370e-24
       8511.3794 -2.50488e-24
       8709.6349 -2.31597e-24
       8912.5083 -2.12616e-24
       9120.1073 -1.92418e-24
       9332.5419 -1.72128e-24
       9549.9247 -1.50646e-24
       9772.3710 -1.29022e-24
       9999.9988 -1.05976e-24
       10232.929 -8.27889e-25
       10471.284 -5.82407e-25
       10715.192 -3.34549e-25
       10964.781 -6.78961e-26
       11220.183  2.00973e-25
       11481.535  4.86814e-25
       11748.974  7.76182e-25
       12022.643  1.08839e-24
       12302.686  1.40406e-24
       12589.253  1.74152e-24
       12882.494  2.08407e-24
       13182.566  2.45425e-24
       13489.627  2.83256e-24
       13803.841  3.25357e-24
       14125.374  3.68066e-24
       14454.396  4.13577e-24
       14791.082  4.60000e-24
       15135.611  5.10522e-24
       15488.164  5.62244e-24
       15848.930  6.18807e-24
       16218.099  6.76537e-24
       16595.867  7.38853e-24
       16982.434  8.02787e-24
       17378.006  8.72440e-24
       17782.792  9.43797e-24
       18197.006  1.02103e-23
       18620.869  1.10055e-23
       19054.605  1.18718e-23
       19498.443  1.27625e-23
       19952.620  1.37280e-23
       20417.377  1.47229e-23
       20892.958  1.58000e-23
       21379.618  1.69089e-23
       21877.613  1.81050e-23
       22387.208  1.93448e-23
       22908.673  2.06946e-23
       23442.285  2.20878e-23
       23988.326  2.35876e-23
       24547.086  2.51437e-23
       25118.861  2.68269e-23
       25703.954  2.85733e-23
       26302.676  3.04586e-23
       26915.344  3.24098e-23
       27542.283  3.44955e-23
       28183.825  3.66607e-23
       28840.311  3.89847e-23
       29512.088  4.13904e-23
       30199.513  4.39469e-23
       30902.950  4.65903e-23
       31622.772  4.93914e-23
       32359.361  5.22976e-23
       33113.107  5.53809e-23
       33884.411  5.85627e-23
       34673.680  6.19073e-23
       35481.334  6.54005e-23
       36307.800  6.91215e-23
       37153.517  7.29395e-23
       38018.934  7.69048e-23
       38904.509  8.10142e-23
       39810.711  8.53247e-23
       40738.022  8.97681e-23
       41686.932  9.43958e-23
       42657.945  9.91969e-23
       43651.577  1.04220e-22
       44668.352  1.09395e-22
       45708.812  1.14763e-22
       46773.507  1.20336e-22
       47863.002  1.26148e-22
       48977.874  1.32152e-22
       50118.716  1.38381e-22
       51286.130  1.44866e-22
       52480.738  1.51629e-22
       53703.171  1.58640e-22
       54954.079  1.65915e-22
       56234.124  1.73523e-22
       57543.985  1.81459e-22
       58884.356  1.89701e-22
       60255.949  1.98241e-22
       61659.490  2.07252e-22
       63095.724  2.16688e-22
       64565.412  2.26517e-22
       66069.334  2.36697e-22
       67608.287  2.47225e-22
       69183.086  2.58044e-22
       70794.567  2.69220e-22
       72443.584  2.80683e-22
       74131.012  2.92366e-22
       75857.745  3.04216e-22
       77624.699  3.16112e-22
       79432.810  3.28042e-22
       81283.038  3.39753e-22
       83176.363  3.51309e-22
       85113.790  3.62406e-22
       87096.344  3.73193e-22
       89125.079  3.83191e-22
       91201.068  3.92681e-22
       93325.414  4.01188e-22
       95499.242  4.09090e-22
       97723.705  4.15757e-22
       99999.983  4.21700e-22
       102329.28  4.26548e-22
       104712.84  4.30785e-22
       107151.91  4.33907e-22
       109647.80  4.36434e-22
       112201.83  4.37983e-22
       114815.34  4.39033e-22
       117489.73  4.39820e-22
       120226.42  4.40483e-22
       123026.86  4.40971e-22
       125892.52  4.41373e-22
       128824.93  4.42257e-22
       131825.65  4.43354e-22
       134896.26  4.44923e-22
       138038.40  4.46688e-22
       141253.73  4.49256e-22
       144543.95  4.52137e-22
       147910.81  4.55447e-22
       151356.10  4.58919e-22
       154881.63  4.62779e-22
       158489.29  4.66776e-22
       162180.98  4.70942e-22
       165958.66  4.75169e-22
       169824.33  4.78999e-22
       173780.05  4.82701e-22
       177827.91  4.86116e-22
       181970.05  4.89445e-22
       186208.68  4.92308e-22
       190546.04  4.95038e-22
       194984.42  4.97740e-22
       199526.19  5.00436e-22
       204173.76  5.02337e-22
       208929.57  5.04046e-22
       213796.17  5.04962e-22
       218776.12  5.05699e-22
       223872.07  5.04948e-22
       229086.72  5.03884e-22
       234422.84  5.00770e-22
       239883.25  4.97257e-22
       245470.84  4.89944e-22
       251188.59  4.81949e-22
       257039.53  4.69701e-22
       263026.75  4.56752e-22
       269153.43  4.39608e-22
       275422.82  4.21833e-22
       281838.24  4.01314e-22
       288403.09  3.80442e-22
       295120.86  3.58706e-22
       301995.11  3.36863e-22
       309029.48  3.17206e-22
       316227.70  2.97787e-22
       323593.59  2.81549e-22
       331131.06  2.65615e-22
       338844.09  2.53231e-22
       346736.78  2.41140e-22
       354813.32  2.32463e-22
       363077.98  2.24024e-22
       371535.15  2.18171e-22
       380189.32  2.12466e-22
       389045.07  2.08531e-22
       398107.09  2.04676e-22
       407380.20  2.02275e-22
       416869.30  1.99924e-22
       426579.43  1.98279e-22
       436515.74  1.96649e-22
       446683.50  1.95523e-22
       457088.10  1.94403e-22
       467735.04  1.93427e-22
       478629.99  1.92450e-22
       489778.72  1.91355e-22
       501187.13  1.90248e-22
       512861.28  1.88564e-22
       524807.35  1.86868e-22
       537031.68  1.84803e-22
       549540.76  1.82709e-22
       562341.21  1.79978e-22
       575439.82  1.77235e-22
       588843.53  1.74277e-22
       602559.46  1.71329e-22
       616594.87  1.68527e-22
       630957.21  1.65774e-22
       645654.09  1.63600e-22
       660693.31  1.61472e-22
       676082.83  1.59833e-22
       691830.82  1.58258e-22
       707945.63  1.57269e-22
       724435.80  1.56357e-22
       741310.08  1.56073e-22
       758577.41  1.55850e-22
       776246.95  1.56074e-22
       794328.06  1.56323e-22
       812830.34  1.56739e-22
       831763.59  1.57158e-22
       851137.85  1.57597e-22
       870963.40  1.58043e-22
       891250.74  1.58529e-22
       912010.64  1.58946e-22
       933254.09  1.59004e-22
       954992.37  1.59108e-22
       977237.00  1.59429e-22
       999999.78  1.59580e-22
       1023292.8  1.58984e-22
       1047128.3  1.58301e-22
       1071519.1  1.57263e-22
       1096477.9  1.56137e-22
       1122018.2  1.54668e-22
       1148153.4  1.53148e-22
       1174897.3  1.51448e-22
       1202264.2  1.49879e-22
       1230268.5  1.48755e-22
       1258925.1  1.47498e-22
       1288249.3  1.45818e-22
       1318256.4  1.43995e-22
       1348962.6  1.41740e-22
       1380383.9  1.39413e-22
       1412537.2  1.36883e-22
       1445439.4  1.34259e-22
       1479108.0  1.31381e-22
       1513560.9  1.28397e-22
       1548816.3  1.25142e-22
       1584892.8  1.21771e-22
       1621809.7  1.18126e-22
       1659586.5  1.14424e-22
       1698243.3  1.10595e-22
       1737800.4  1.06675e-22
       1778279.0  1.02558e-22
       1819700.4  9.84062e-23
       1862086.7  9.41848e-23
       1905460.3  9.00352e-23
       1949844.1  8.60297e-23
       1995261.8  8.21264e-23
       2041737.5  7.84080e-23
       2089295.6  7.48717e-23
       2137961.6  7.16613e-23
       2187761.1  6.85567e-23
       2238720.6  6.56325e-23
       2290867.1  6.28548e-23
       2344228.2  6.03159e-23
       2398832.3  5.79124e-23
       2454708.3  5.57196e-23
       2511885.8  5.36223e-23
       2570395.2  5.16669e-23
       2630267.3  4.97957e-23
       2691534.1  4.80445e-23
       2754228.0  4.64360e-23
       2818382.2  4.50218e-23
       2884030.8  4.35754e-23
       2951208.5  4.20870e-23
       3019951.0  4.06492e-23
       3090294.7  3.92744e-23
       3162276.9  3.79641e-23
       3235935.8  3.67306e-23
       3311310.4  3.55471e-23
       3388440.7  3.44206e-23
       3467367.6  3.33580e-23
       3548133.0  3.23651e-23
       3630779.6  3.14297e-23
       3715351.4  3.05542e-23
       3801893.0  2.97577e-23
       3890450.5  2.90401e-23
       3981070.7  2.83459e-23
       4073801.7  2.76740e-23
       4168692.8  2.70472e-23
       4265794.1  2.64616e-23
       4365157.2  2.59185e-23
       4466834.8  2.54129e-23
       4570880.7  2.49424e-23
       4677350.2  2.45013e-23
       4786299.7  2.40940e-23
       4897786.9  2.37140e-23
       5011871.0  2.33651e-23
       5128612.5  2.30401e-23
       5248073.2  2.28792e-23
       5370316.6  2.28393e-23
       5495407.3  2.26859e-23
       5623411.8  2.24526e-23
       5754397.9  2.22429e-23
       5888435.0  2.20489e-23
       6025594.3  2.18798e-23
       6165948.4  2.17266e-23
       6309571.8  2.15992e-23
       6456540.6  2.14877e-23
       6606932.7  2.13983e-23
       6760828.0  2.13216e-23
       6918307.9  2.12866e-23
       7079456.0  2.12749e-23
       7244357.7  2.12704e-23
       7413100.4  2.12697e-23
       7585773.7  2.12811e-23
       7762469.1  2.12987e-23
       7943280.2  2.13368e-23
       8128303.0  2.13849e-23
       8317635.5  2.14616e-23
       8511378.1  2.15516e-23
       8709633.5  2.16270e-23
       8912507.0  2.16960e-23
       9120105.9  2.17844e-23
       9332540.5  2.18809e-23
       9549923.2  2.19603e-23
       9772369.5  2.20329e-23
       9999997.3  2.21475e-23
       10232927.  2.22777e-23
       10471283.  2.23859e-23
       10715190.  2.24862e-23
       10964779.  2.25597e-23
       11220181.  2.26243e-23
       11481533.  2.26704e-23
       11748972.  2.27106e-23
       12022641.  2.27364e-23
       12302684.  2.27579e-23
       12589251.  2.27597e-23
       12882492.  2.27560e-23
       13182564.  2.27371e-23
       13489625.  2.27143e-23
       13803839.  2.26751e-23
       14125371.  2.26319e-23
       14454394.  2.25825e-23
       14791080.  2.25318e-23
       15135608.  2.24725e-23
       15488162.  2.24115e-23
       15848927.  2.23441e-23
       16218096.  2.22755e-23
       16595864.  2.22101e-23
       16982432.  2.21454e-23
       17378003.  2.20840e-23
       17782789.  2.20232e-23
       18197003.  2.19753e-23
       18620866.  2.19292e-23
       19054602.  2.18988e-23
       19498440.  2.18704e-23
       19952617.  2.18595e-23
       20417374.  2.18508e-23
       20892955.  2.18588e-23
       21379615.  2.18687e-23
       21877610.  2.18960e-23
       22387205.  2.19251e-23
       22908670.  2.19721e-23
       23442281.  2.20207e-23
       23988322.  2.20870e-23
       24547082.  2.21546e-23
       25118857.  2.22341e-23
       25703950.  2.23144e-23
       26302672.  2.24096e-23
       26915340.  2.25056e-23
       27542279.  2.26158e-23
       28183821.  2.27265e-23
       28840306.  2.28507e-23
       29512083.  2.29752e-23
       30199508.  2.31124e-23
       30902945.  2.32496e-23
       31622767.  2.34166e-23
       32359356.  2.35839e-23
       33113102.  2.37824e-23
       33884405.  2.39812e-23
       34673675.  2.42000e-23
       35481328.  2.44189e-23
       36307794.  2.46425e-23
       37153512.  2.48667e-23
       38018928.  2.51025e-23
       38904503.  2.53389e-23
       39810705.  2.55864e-23
       40738015.  2.58347e-23
       41686926.  2.60937e-23
       42657939.  2.63535e-23
       43651570.  2.66239e-23
       44668345.  2.68952e-23
       45708805.  2.71766e-23
       46773500.  2.74591e-23
       47862994.  2.77513e-23
       48977867.  2.80448e-23
       50118708.  2.83479e-23
       51286122.  2.86517e-23
       52480730.  2.89608e-23
       53703163.  2.92721e-23
       54954070.  2.95968e-23
       56234115.  2.99231e-23
       57543976.  3.02583e-23
       58884347.  3.05952e-23
       60255940.  3.09410e-23
       61659481.  3.12885e-23
       63095715.  3.16448e-23
       64565402.  3.20028e-23
       66069324.  3.23695e-23
       67608276.  3.27382e-23
       69183075.  3.31152e-23
       70794556.  3.34943e-23
       72443573.  3.38818e-23
       74131000.  3.42714e-23
       75857733.  3.46693e-23
       77624687.  3.50693e-23
       79432798.  3.54771e-23
       81283025.  3.58871e-23
       83176350.  3.63047e-23
       85113776.  3.67248e-23
       87096331.  3.71527e-23
       89125065.  3.75832e-23
       91201054.  3.80215e-23
       93325400.  3.84625e-23
       95499228.  3.89112e-23
       97723690.  3.93685e-23
       99999967.  3.98494e-23
   1.0232927e+08  4.03447e-23
   1.0471282e+08  4.08770e-23
   1.0715190e+08  4.14136e-23
   1.0964778e+08  4.19605e-23
   1.1220181e+08  4.25117e-23
   1.1481532e+08  4.30731e-23
   1.1748972e+08  4.36394e-23
   1.2022640e+08  4.42163e-23
   1.2302684e+08  4.47983e-23
   1.2589250e+08  4.53908e-23
   1.2882491e+08  4.59888e-23
   1.3182563e+08  4.65976e-23
   1.3489624e+08  4.72122e-23
   1.3803838e+08  4.78376e-23
   1.4125371e+08  4.84692e-23
   1.4454393e+08  4.91120e-23
   1.4791079e+08  4.97614e-23
   1.5135607e+08  5.04220e-23
   1.5488161e+08  5.10898e-23
   1.5848927e+08  5.17690e-23
   1.6218096e+08  5.24558e-23
   1.6595863e+08  5.31542e-23
   1.6982431e+08  5.38606e-23
   1.7378002e+08  5.45789e-23
   1.7782788e+08  5.53058e-23
   1.8197002e+08  5.60446e-23
   1.8620865e+08  5.67926e-23
   1.9054601e+08  5.75529e-23
   1.9498439e+08  5.83228e-23
   1.9952616e+08  5.91051e-23
   2.0417372e+08  5.98976e-23
   2.0892954e+08  6.07029e-23
   2.1379614e+08  6.15189e-23
   2.1877609e+08  6.23479e-23
   2.2387204e+08  6.31882e-23
   2.2908669e+08  6.40417e-23
   2.3442280e+08  6.49073e-23
   2.3988321e+08  6.57862e-23
   2.4547081e+08  6.66778e-23
   2.5118856e+08  6.75829e-23
   2.5703949e+08  6.85016e-23
   2.6302671e+08  6.94340e-23
   2.6915339e+08  7.03807e-23
   2.7542277e+08  7.13413e-23
   2.8183819e+08  7.23170e-23
   2.8840305e+08  7.33068e-23
   2.9512082e+08  7.43126e-23
   3.0199507e+08  7.53326e-23
   3.0902943e+08  7.63819e-23
   3.1622765e+08  7.74559e-23
   3.2359354e+08  7.85932e-23
   3.3113100e+08  7.97815e-23
   3.3884404e+08  8.09925e-23
   3.4673673e+08  8.22207e-23
   3.5481326e+08  8.34728e-23
   3.6307793e+08  8.47423e-23
   3.7153510e+08  8.60371e-23
   3.8018926e+08  8.73496e-23
   3.8904501e+08  8.86887e-23
   3.9810703e+08  9.00456e-23
   4.0738013e+08  9.14306e-23
   4.1686923e+08  9.28336e-23
   4.2657937e+08  9.42664e-23
   4.3651568e+08  9.57172e-23
   4.4668343e+08  9.71995e-23
   4.5708803e+08  9.87000e-23
   4.6773497e+08  1.00234e-22
   4.7862992e+08  1.01785e-22
   4.8977864e+08  1.03373e-22
   5.0118705e+08  1.04978e-22
   5.1286120e+08  1.06621e-22
   5.2480727e+08  1.08282e-22
   5.3703160e+08  1.09983e-22
   5.4954067e+08  1.11702e-22
   5.6234112e+08  1.13462e-22
   5.7543973e+08  1.15242e-22
   5.8884344e+08  1.17065e-22
   6.0255937e+08  1.18907e-22
   6.1659478e+08  1.20796e-22
