# pyathena.photchem atomic data : ArIV
# CHIANTI source : ion ar_4
# Levels kept    : lowest 5 of CHIANTI (padded to 5 if smaller)
# T grid tier    : warm
# T grid         : 80 log-spaced points, 1e+03 K -> 5e+05 K
# Generated by   : pyathena/photchem/data/build_chianti_tables.py
#
# Indices below are 0-based pyathena indices (level 0 = ground).
# CHIANTI level numbers are 1-based and shown for cross-reference.
#
LEVELS N=5
# idx  chianti_lvl  conf            term       j     g    E_erg            E_K
0     1            3s2.3p3         4S1.5      1.5   4     0.000000e+00   0.000000e+00
1     2            3s2.3p3         2D1.5      1.5   4     4.188553e-12   3.033757e+04
2     3            3s2.3p3         2D2.5      2.5   6     4.214153e-12   3.052299e+04
3     4            3s2.3p3         2P0.5      0.5   2     6.922302e-12   5.013803e+04
4     5            3s2.3p3         2P1.5      1.5   4     6.957475e-12   5.039278e+04

A_COEFFS N=10
# upper_idx  lower_idx   A [s^-1]
1           0            2.277000e-02
2           0            1.906000e-03
2           1            2.287000e-05
3           0            8.702000e-01
3           1            6.660000e-01
3           2            1.179000e-01
4           0            2.134000e+00
4           1            8.915000e-01
4           2            6.559000e-01
4           3            4.937000e-05

T_GRID N=80
 1.000000e+03
 1.081843e+03
 1.170384e+03
 1.266171e+03
 1.369799e+03
 1.481907e+03
 1.603190e+03
 1.734400e+03
 1.876348e+03
 2.029914e+03
 2.196048e+03
 2.375779e+03
 2.570219e+03
 2.780573e+03
 3.008143e+03
 3.254338e+03
 3.520682e+03
 3.808825e+03
 4.120550e+03
 4.457788e+03
 4.822626e+03
 5.217323e+03
 5.644324e+03
 6.106271e+03
 6.606026e+03
 7.146682e+03
 7.731586e+03
 8.364361e+03
 9.048924e+03
 9.789514e+03
 1.059072e+04
 1.145749e+04
 1.239520e+04
 1.340966e+04
 1.450715e+04
 1.569445e+04
 1.697893e+04
 1.836854e+04
 1.987187e+04
 2.149824e+04
 2.325772e+04
 2.516120e+04
 2.722046e+04
 2.944826e+04
 3.185839e+04
 3.446577e+04
 3.728655e+04
 4.033818e+04
 4.363957e+04
 4.721116e+04
 5.107506e+04
 5.525519e+04
 5.977743e+04
 6.466978e+04
 6.996254e+04
 7.568847e+04
 8.188303e+04
 8.858457e+04
 9.583459e+04
 1.036780e+05
 1.121633e+05
 1.213430e+05
 1.312741e+05
 1.420179e+05
 1.536411e+05
 1.662155e+05
 1.798191e+05
 1.945360e+05
 2.104573e+05
 2.276818e+05
 2.463159e+05
 2.664751e+05
 2.882841e+05
 3.118781e+05
 3.374031e+05
 3.650172e+05
 3.948912e+05
 4.272102e+05
 4.621743e+05
 5.000000e+05

UPSILON_E N_trans=10
# upper_idx  lower_idx   upsilon(T_GRID[0]..T_GRID[N-1])
1           0            7.823410e-01  7.817958e-01  7.812166e-01  7.806021e-01  7.799514e-01  7.792637e-01  7.785384e-01  7.777753e-01  7.769745e-01  7.761366e-01  7.752626e-01  7.743544e-01  7.734144e-01  7.724459e-01  7.714533e-01  7.704419e-01  7.694183e-01  7.683907e-01  7.673687e-01  7.663634e-01  7.653880e-01  7.644576e-01  7.635891e-01  7.628018e-01  7.621170e-01  7.615580e-01  7.611504e-01  7.609214e-01  7.608999e-01  7.611159e-01  7.616004e-01  7.623843e-01  7.634981e-01  7.649706e-01  7.668284e-01  7.690945e-01  7.717873e-01  7.749193e-01  7.784987e-01  7.825358e-01  7.870366e-01  7.920002e-01  7.974181e-01  8.032738e-01  8.095426e-01  8.161877e-01  8.231081e-01  8.301448e-01  8.371234e-01  8.438586e-01  8.501595e-01  8.558347e-01  8.606580e-01  8.642968e-01  8.664184e-01  8.667212e-01  8.649433e-01  8.608697e-01  8.543576e-01  8.456046e-01  8.350323e-01  8.230443e-01  8.100145e-01  7.962823e-01  7.821497e-01  7.678797e-01  7.535745e-01  7.390199e-01  7.240202e-01  7.084509e-01  6.922483e-01  6.753999e-01  6.579343e-01  6.399119e-01  6.214168e-01  6.025489e-01  5.834174e-01  5.641356e-01  5.448163e-01  5.255681e-01
2           0            1.177912e+00  1.176899e+00  1.175826e+00  1.174690e+00  1.173492e+00  1.172229e+00  1.170902e+00  1.169511e+00  1.168058e+00  1.166544e+00  1.164973e+00  1.163350e+00  1.161680e+00  1.159970e+00  1.158231e+00  1.156473e+00  1.154710e+00  1.152957e+00  1.151234e+00  1.149560e+00  1.147959e+00  1.146458e+00  1.145087e+00  1.143875e+00  1.142857e+00  1.142069e+00  1.141547e+00  1.141329e+00  1.141452e+00  1.141951e+00  1.142859e+00  1.144205e+00  1.146012e+00  1.148294e+00  1.151058e+00  1.154298e+00  1.158032e+00  1.162315e+00  1.167210e+00  1.172784e+00  1.179103e+00  1.186235e+00  1.194246e+00  1.203175e+00  1.212923e+00  1.223326e+00  1.234200e+00  1.245343e+00  1.256541e+00  1.267571e+00  1.278027e+00  1.287292e+00  1.294764e+00  1.299890e+00  1.302179e+00  1.301216e+00  1.296770e+00  1.289176e+00  1.278924e+00  1.266485e+00  1.252303e+00  1.236787e+00  1.220310e+00  1.203195e+00  1.185399e+00  1.166581e+00  1.146498e+00  1.125018e+00  1.102101e+00  1.077784e+00  1.052162e+00  1.025378e+00  9.976043e-01  9.690354e-01  9.398752e-01  9.103296e-01  8.806002e-01  8.508784e-01  8.213423e-01  7.921538e-01
2           1            7.111035e+00  7.112866e+00  7.114771e+00  7.116746e+00  7.118782e+00  7.120870e+00  7.122995e+00  7.125142e+00  7.127288e+00  7.129408e+00  7.131470e+00  7.133436e+00  7.135261e+00  7.136891e+00  7.138263e+00  7.139304e+00  7.139928e+00  7.140037e+00  7.139518e+00  7.138243e+00  7.136068e+00  7.132830e+00  7.128346e+00  7.122415e+00  7.114814e+00  7.105302e+00  7.093614e+00  7.079469e+00  7.062566e+00  7.042587e+00  7.019204e+00  6.992078e+00  6.960866e+00  6.925228e+00  6.884832e+00  6.839363e+00  6.788530e+00  6.732123e+00  6.670411e+00  6.604052e+00  6.533926e+00  6.461141e+00  6.387030e+00  6.313149e+00  6.241253e+00  6.173047e+00  6.109945e+00  6.053359e+00  6.004704e+00  5.965365e+00  5.936658e+00  5.919381e+00  5.911032e+00  5.907577e+00  5.905042e+00  5.899643e+00  5.887887e+00  5.866686e+00  5.834975e+00  5.794620e+00  5.747649e+00  5.695930e+00  5.641150e+00  5.584797e+00  5.528153e+00  5.471852e+00  5.413534e+00  5.350301e+00  5.280100e+00  5.201619e+00  5.114185e+00  5.017656e+00  4.912311e+00  4.798764e+00  4.677868e+00  4.550643e+00  4.418206e+00  4.281722e+00  4.142352e+00  4.001223e+00
3           0            6.719219e-01  6.623543e-01  6.522989e-01  6.417578e-01  6.307379e-01  6.192527e-01  6.073223e-01  5.949750e-01  5.822479e-01  5.691881e-01  5.558531e-01  5.423123e-01  5.286470e-01  5.149508e-01  5.013304e-01  4.879041e-01  4.748022e-01  4.621646e-01  4.501387e-01  4.388769e-01  4.285316e-01  4.192506e-01  4.111705e-01  4.044092e-01  3.990567e-01  3.951659e-01  3.927409e-01  3.917258e-01  3.919928e-01  3.933302e-01  3.954502e-01  3.982095e-01  4.015867e-01  4.055456e-01  4.100307e-01  4.149667e-01  4.202582e-01  4.257905e-01  4.314667e-01  4.372649e-01  4.431737e-01  4.491808e-01  4.552728e-01  4.614356e-01  4.676446e-01  4.737680e-01  4.796115e-01  4.849888e-01  4.897276e-01  4.936741e-01  4.966972e-01  4.987162e-01  4.997315e-01  4.997664e-01  4.988574e-01  4.970525e-01  4.944094e-01  4.909941e-01  4.868620e-01  4.819271e-01  4.760666e-01  4.692137e-01  4.613503e-01  4.524988e-01  4.427142e-01  4.320768e-01  4.206843e-01  4.086467e-01  3.960800e-01  3.831023e-01  3.698299e-01  3.563743e-01  3.428401e-01  3.293237e-01  3.159119e-01  3.026818e-01  2.897002e-01  2.770243e-01  2.647015e-01  2.527704e-01
3           1            1.649993e+00  1.646846e+00  1.643502e+00  1.639953e+00  1.636192e+00  1.632214e+00  1.628016e+00  1.623594e+00  1.618948e+00  1.614078e+00  1.608989e+00  1.603687e+00  1.598183e+00  1.592491e+00  1.586630e+00  1.580623e+00  1.574499e+00  1.568294e+00  1.562048e+00  1.555811e+00  1.549636e+00  1.543586e+00  1.537731e+00  1.532145e+00  1.526910e+00  1.522113e+00  1.517843e+00  1.514192e+00  1.511249e+00  1.509102e+00  1.507830e+00  1.507501e+00  1.508167e+00  1.509860e+00  1.512587e+00  1.516324e+00  1.521025e+00  1.526706e+00  1.533404e+00  1.541145e+00  1.549938e+00  1.559780e+00  1.570651e+00  1.582513e+00  1.595448e+00  1.609722e+00  1.625627e+00  1.643460e+00  1.663508e+00  1.686048e+00  1.711234e+00  1.738624e+00  1.767558e+00  1.797376e+00  1.827435e+00  1.857127e+00  1.885892e+00  1.913237e+00  1.938737e+00  1.962044e+00  1.982886e+00  2.001068e+00  2.016466e+00  2.029027e+00  2.038670e+00  2.044947e+00  2.047450e+00  2.045956e+00  2.040406e+00  2.030874e+00  2.017542e+00  2.000674e+00  1.980596e+00  1.957672e+00  1.932291e+00  1.904848e+00  1.875734e+00  1.845327e+00  1.813983e+00  1.782035e+00
3           2            1.513458e+00  1.513189e+00  1.512913e+00  1.512633e+00  1.512352e+00  1.512071e+00  1.511794e+00  1.511526e+00  1.511271e+00  1.511036e+00  1.510826e+00  1.510650e+00  1.510517e+00  1.510437e+00  1.510421e+00  1.510482e+00  1.510634e+00  1.510894e+00  1.511278e+00  1.511803e+00  1.512490e+00  1.513359e+00  1.514429e+00  1.515721e+00  1.517254e+00  1.519046e+00  1.521112e+00  1.523465e+00  1.526110e+00  1.529048e+00  1.532270e+00  1.535760e+00  1.539487e+00  1.543408e+00  1.547465e+00  1.551583e+00  1.555750e+00  1.560065e+00  1.564656e+00  1.569680e+00  1.575319e+00  1.581777e+00  1.589280e+00  1.598059e+00  1.608274e+00  1.620063e+00  1.633552e+00  1.648855e+00  1.666072e+00  1.685273e+00  1.706260e+00  1.728506e+00  1.751463e+00  1.774596e+00  1.797395e+00  1.819387e+00  1.840151e+00  1.859317e+00  1.876577e+00  1.891692e+00  1.904485e+00  1.914849e+00  1.922734e+00  1.928134e+00  1.930734e+00  1.929970e+00  1.925468e+00  1.917043e+00  1.904675e+00  1.888471e+00  1.868645e+00  1.845491e+00  1.819355e+00  1.790621e+00  1.759691e+00  1.726968e+00  1.692849e+00  1.657713e+00  1.621914e+00  1.585779e+00
4           0            1.343785e+00  1.324648e+00  1.304535e+00  1.283451e+00  1.261409e+00  1.238438e+00  1.214576e+00  1.189881e+00  1.164427e+00  1.138309e+00  1.111641e+00  1.084562e+00  1.057235e+00  1.029848e+00  1.002613e+00  9.757687e-01  9.495740e-01  9.243094e-01  9.002698e-01  8.777596e-01  8.570836e-01  8.385371e-01  8.223931e-01  8.088864e-01  7.981968e-01  7.904286e-01  7.855891e-01  7.835651e-01  7.840991e-01  7.867658e-01  7.909871e-01  7.964769e-01  8.031956e-01  8.110745e-01  8.200073e-01  8.298490e-01  8.404151e-01  8.514835e-01  8.628638e-01  8.745046e-01  8.863732e-01  8.984341e-01  9.106491e-01  9.229779e-01  9.353611e-01  9.475422e-01  9.591502e-01  9.698299e-01  9.792532e-01  9.871278e-01  9.932044e-01  9.973188e-01  9.994359e-01  9.995667e-01  9.977538e-01  9.940685e-01  9.886079e-01  9.814906e-01  9.728220e-01  9.624510e-01  9.501634e-01  9.358515e-01  9.195007e-01  9.011736e-01  8.809939e-01  8.591321e-01  8.357917e-01  8.111972e-01  7.855843e-01  7.591904e-01  7.322483e-01  7.049801e-01  6.775938e-01  6.502798e-01  6.232096e-01  5.965344e-01  5.703855e-01  5.448741e-01  5.200927e-01  4.961158e-01
4           1            2.139159e+00  2.138550e+00  2.137910e+00  2.137238e+00  2.136536e+00  2.135804e+00  2.135045e+00  2.134261e+00  2.133455e+00  2.132631e+00  2.131795e+00  2.130954e+00  2.130115e+00  2.129289e+00  2.128487e+00  2.127723e+00  2.127012e+00  2.126373e+00  2.125826e+00  2.125395e+00  2.125106e+00  2.124988e+00  2.125073e+00  2.125395e+00  2.125992e+00  2.126902e+00  2.128167e+00  2.129827e+00  2.131926e+00  2.134502e+00  2.137595e+00  2.141238e+00  2.145459e+00  2.150278e+00  2.155706e+00  2.161740e+00  2.168362e+00  2.175541e+00  2.183291e+00  2.191733e+00  2.201011e+00  2.211292e+00  2.222758e+00  2.235607e+00  2.250050e+00  2.266307e+00  2.284609e+00  2.305185e+00  2.328257e+00  2.354035e+00  2.382703e+00  2.414405e+00  2.448637e+00  2.484035e+00  2.519192e+00  2.552762e+00  2.583491e+00  2.610255e+00  2.632212e+00  2.649395e+00  2.662140e+00  2.670805e+00  2.675759e+00  2.677374e+00  2.676023e+00  2.672051e+00  2.665235e+00  2.654815e+00  2.640260e+00  2.621287e+00  2.597820e+00  2.569960e+00  2.537939e+00  2.502098e+00  2.462851e+00  2.420658e+00  2.376007e+00  2.329390e+00  2.281294e+00  2.232183e+00
4           2            4.167224e+00  4.161831e+00  4.156100e+00  4.150019e+00  4.143578e+00  4.136769e+00  4.129584e+00  4.122021e+00  4.114079e+00  4.105762e+00  4.097078e+00  4.088041e+00  4.078672e+00  4.068998e+00  4.059057e+00  4.048892e+00  4.038561e+00  4.028130e+00  4.017679e+00  4.007300e+00  3.997101e+00  3.987201e+00  3.977735e+00  3.968851e+00  3.960709e+00  3.953482e+00  3.947349e+00  3.942494e+00  3.939104e+00  3.937360e+00  3.937429e+00  3.939460e+00  3.943575e+00  3.949853e+00  3.958327e+00  3.968964e+00  3.981661e+00  3.996233e+00  4.012597e+00  4.030934e+00  4.051452e+00  4.074372e+00  4.099918e+00  4.128317e+00  4.159791e+00  4.194591e+00  4.233180e+00  4.276105e+00  4.323910e+00  4.377117e+00  4.436211e+00  4.501598e+00  4.572479e+00  4.646460e+00  4.721052e+00  4.793858e+00  4.862632e+00  4.925340e+00  4.980359e+00  5.027183e+00  5.065766e+00  5.096183e+00  5.118623e+00  5.133381e+00  5.140840e+00  5.141434e+00  5.134879e+00  5.120208e+00  5.096834e+00  5.064555e+00  5.023494e+00  4.974040e+00  4.916786e+00  4.852475e+00  4.781955e+00  4.706130e+00  4.625932e+00  4.542283e+00  4.456079e+00  4.368167e+00
4           3            9.952815e-01  1.003365e+00  1.012219e+00  1.021924e+00  1.032563e+00  1.044232e+00  1.057034e+00  1.071081e+00  1.086499e+00  1.103422e+00  1.121996e+00  1.142379e+00  1.164741e+00  1.189265e+00  1.216143e+00  1.245577e+00  1.277780e+00  1.312968e+00  1.351361e+00  1.393174e+00  1.438616e+00  1.487880e+00  1.541132e+00  1.598502e+00  1.660069e+00  1.725843e+00  1.795751e+00  1.869608e+00  1.947100e+00  2.027754e+00  2.110908e+00  2.195684e+00  2.280957e+00  2.365322e+00  2.447072e+00  2.524170e+00  2.594348e+00  2.656540e+00  2.710806e+00  2.757497e+00  2.797268e+00  2.831091e+00  2.860258e+00  2.886373e+00  2.910700e+00  2.933135e+00  2.953362e+00  2.971079e+00  2.986003e+00  2.997875e+00  3.006468e+00  3.011538e+00  3.012855e+00  3.010241e+00  3.003577e+00  2.992806e+00  2.977932e+00  2.959002e+00  2.936083e+00  2.909296e+00  2.878827e+00  2.844911e+00  2.807832e+00  2.767908e+00  2.725411e+00  2.679965e+00  2.631018e+00  2.578275e+00  2.521660e+00  2.461284e+00  2.397404e+00  2.330388e+00  2.260686e+00  2.188796e+00  2.115244e+00  2.040564e+00  1.965275e+00  1.889874e+00  1.814826e+00  1.740553e+00

UPSILON_P N_trans=0
# upper_idx  lower_idx   upsilon(T_GRID[0]..T_GRID[N-1])

