# pyathena.photchem atomic data : CI
# CHIANTI source : ion c_1
# Levels kept    : lowest 5 of CHIANTI (padded to 5 if smaller)
# T grid tier    : cold
# T grid         : 80 log-spaced points, 10 K -> 1e+05 K
# Generated by   : pyathena/photchem/data/build_chianti_tables.py
#
# Indices below are 0-based pyathena indices (level 0 = ground).
# CHIANTI level numbers are 1-based and shown for cross-reference.
#
LEVELS N=5
# idx  chianti_lvl  conf            term       j     g    E_erg            E_K
0     1            2p2             3P0        0.0   1     0.000000e+00   0.000000e+00
1     2            2p2             3P1        1.0   3     3.260416e-15   2.361510e+01
2     3            2p2             3P2        2.0   5     8.622020e-15   6.244904e+01
3     4            2p2             1D2        2.0   5     2.024264e-12   1.466169e+04
4     5            2p2             1S0        0.0   1     4.299300e-12   3.113970e+04

A_COEFFS N=8
# upper_idx  lower_idx   A [s^-1]
1           0            7.960000e-08
2           1            2.660000e-07
3           0            9.340000e-08
3           1            6.170000e-05
3           2            1.810000e-04
4           1            2.110000e-03
4           2            1.980000e-05
4           3            6.380000e-01

T_GRID N=80
 1.000000e+01
 1.123655e+01
 1.262600e+01
 1.418727e+01
 1.594159e+01
 1.791284e+01
 2.012785e+01
 2.261676e+01
 2.541343e+01
 2.855592e+01
 3.208700e+01
 3.605471e+01
 4.051305e+01
 4.552268e+01
 5.115178e+01
 5.747694e+01
 6.458424e+01
 7.257040e+01
 8.154407e+01
 9.162739e+01
 1.029576e+02
 1.156888e+02
 1.299942e+02
 1.460686e+02
 1.641307e+02
 1.844263e+02
 2.072315e+02
 2.328566e+02
 2.616505e+02
 2.940048e+02
 3.303599e+02
 3.712105e+02
 4.171125e+02
 4.686904e+02
 5.266462e+02
 5.917686e+02
 6.649436e+02
 7.471671e+02
 8.395579e+02
 9.433732e+02
 1.060026e+03
 1.191103e+03
 1.338389e+03
 1.503887e+03
 1.689850e+03
 1.898808e+03
 2.133605e+03
 2.397435e+03
 2.693889e+03
 3.027002e+03
 3.401305e+03
 3.821893e+03
 4.294488e+03
 4.825522e+03
 5.422221e+03
 6.092705e+03
 6.846097e+03
 7.692650e+03
 8.643883e+03
 9.712740e+03
 1.091377e+04
 1.226331e+04
 1.377972e+04
 1.548365e+04
 1.739828e+04
 1.954966e+04
 2.196707e+04
 2.468340e+04
 2.773563e+04
 3.116527e+04
 3.501900e+04
 3.934927e+04
 4.421500e+04
 4.968240e+04
 5.582586e+04
 6.272900e+04
 7.048574e+04
 7.920164e+04
 8.899530e+04
 1.000000e+05

UPSILON_E N_trans=10
# upper_idx  lower_idx   upsilon(T_GRID[0]..T_GRID[N-1])
1           0            0.000000e+00  0.000000e+00  0.000000e+00  0.000000e+00  0.000000e+00  0.000000e+00  0.000000e+00  0.000000e+00  0.000000e+00  0.000000e+00  0.000000e+00  0.000000e+00  0.000000e+00  0.000000e+00  0.000000e+00  0.000000e+00  0.000000e+00  0.000000e+00  0.000000e+00  0.000000e+00  0.000000e+00  0.000000e+00  0.000000e+00  0.000000e+00  0.000000e+00  0.000000e+00  0.000000e+00  0.000000e+00  0.000000e+00  0.000000e+00  1.824425e-04  1.189488e-03  2.543615e-03  4.332255e-03  6.660142e-03  9.651316e-03  1.345075e-02  1.822527e-02  2.416312e-02  3.147172e-02  4.037231e-02  5.109066e-02  6.384201e-02  7.880869e-02  9.610828e-02  1.157501e-01  1.375784e-01  1.611995e-01  1.859337e-01  2.112671e-01  2.369019e-01  2.624897e-01  2.876270e-01  3.118609e-01  3.347122e-01  3.558428e-01  3.750647e-01  3.922852e-01  4.075201e-01  4.209016e-01  4.326553e-01  4.429205e-01  4.518069e-01  4.594726e-01  4.661121e-01  4.719414e-01  4.771562e-01  4.817667e-01  4.857202e-01  4.889922e-01  4.917896e-01  4.945901e-01  4.975898e-01  4.999149e-01  5.008845e-01  5.011356e-01  5.013998e-01  5.021476e-01  5.036432e-01  5.059944e-01
2           0            0.000000e+00  0.000000e+00  0.000000e+00  0.000000e+00  0.000000e+00  0.000000e+00  0.000000e+00  0.000000e+00  0.000000e+00  0.000000e+00  0.000000e+00  0.000000e+00  0.000000e+00  0.000000e+00  0.000000e+00  0.000000e+00  0.000000e+00  0.000000e+00  0.000000e+00  0.000000e+00  0.000000e+00  0.000000e+00  0.000000e+00  0.000000e+00  0.000000e+00  0.000000e+00  0.000000e+00  0.000000e+00  0.000000e+00  3.821525e-06  6.905148e-04  1.618117e-03  2.847943e-03  4.453601e-03  6.522477e-03  9.156960e-03  1.247516e-02  1.661072e-02  2.171125e-02  2.793456e-02  3.544188e-02  4.438682e-02  5.489857e-02  6.705774e-02  8.086278e-02  9.618503e-02  1.127106e-01  1.298673e-01  1.467851e-01  1.628621e-01  1.778499e-01  1.915630e-01  2.039044e-01  2.149020e-01  2.247166e-01  2.333755e-01  2.408128e-01  2.470249e-01  2.520807e-01  2.561238e-01  2.593574e-01  2.619360e-01  2.639957e-01  2.656953e-01  2.672061e-01  2.686997e-01  2.703313e-01  2.721980e-01  2.743596e-01  2.768529e-01  2.796382e-01  2.825898e-01  2.856237e-01  2.888276e-01  2.922734e-01  2.958734e-01  2.995201e-01  3.031293e-01  3.066372e-01  3.099979e-01
2           1            0.000000e+00  0.000000e+00  0.000000e+00  0.000000e+00  0.000000e+00  0.000000e+00  0.000000e+00  0.000000e+00  0.000000e+00  0.000000e+00  0.000000e+00  0.000000e+00  0.000000e+00  0.000000e+00  0.000000e+00  0.000000e+00  0.000000e+00  0.000000e+00  0.000000e+00  0.000000e+00  0.000000e+00  0.000000e+00  0.000000e+00  0.000000e+00  0.000000e+00  0.000000e+00  0.000000e+00  0.000000e+00  0.000000e+00  0.000000e+00  1.409562e-03  4.724436e-03  9.152847e-03  1.497043e-02  2.250567e-02  3.214522e-02  4.433757e-02  5.959387e-02  7.848383e-02  1.016245e-01  1.296583e-01  1.632167e-01  2.028631e-01  2.490109e-01  3.018073e-01  3.609781e-01  4.256244e-01  4.939676e-01  5.631965e-01  6.313014e-01  6.973370e-01  7.604295e-01  8.198278e-01  8.749896e-01  9.256349e-01  9.714164e-01  1.012015e+00  1.047395e+00  1.077842e+00  1.103974e+00  1.126648e+00  1.146250e+00  1.162933e+00  1.176943e+00  1.188605e+00  1.198298e+00  1.206514e+00  1.214369e+00  1.223097e+00  1.233675e+00  1.245925e+00  1.258332e+00  1.269694e+00  1.279514e+00  1.287798e+00  1.295381e+00  1.303033e+00  1.311222e+00  1.320180e+00  1.329966e+00
3           0            2.362921e-04  2.655719e-04  2.984882e-04  3.354950e-04  3.771032e-04  4.238884e-04  4.764991e-04  5.356661e-04  6.022132e-04  6.770695e-04  7.612831e-04  8.560371e-04  9.626674e-04  1.082683e-03  1.217791e-03  1.369921e-03  1.541257e-03  1.734274e-03  1.951776e-03  2.196943e-03  2.473388e-03  2.785211e-03  3.137078e-03  3.534296e-03  3.982906e-03  4.489793e-03  5.062804e-03  5.710886e-03  6.444244e-03  7.274512e-03  8.214947e-03  9.280643e-03  1.048876e-02  1.185874e-02  1.341258e-02  1.517503e-02  1.717379e-02  1.943964e-02  2.200643e-02  2.491097e-02  2.819260e-02  3.189249e-02  3.605241e-02  4.071299e-02  4.591117e-02  5.167673e-02  5.802775e-02  6.496488e-02  7.246753e-02  8.053102e-02  8.917096e-02  9.840159e-02  1.082356e-01  1.186843e-01  1.297553e-01  1.414226e-01  1.536278e-01  1.662949e-01  1.793306e-01  1.926267e-01  2.060659e-01  2.195557e-01  2.330189e-01  2.463801e-01  2.595670e-01  2.725114e-01  2.851221e-01  2.971200e-01  3.081874e-01  3.180798e-01  3.268549e-01  3.349185e-01  3.424548e-01  3.487178e-01  3.530838e-01  3.558708e-01  3.575403e-01  3.584506e-01  3.588715e-01  3.589999e-01
3           1            7.123237e-04  8.005812e-04  8.997978e-04  1.011341e-03  1.136749e-03  1.277757e-03  1.436316e-03  1.614627e-03  1.815170e-03  2.040741e-03  2.294494e-03  2.579990e-03  2.901245e-03  3.262799e-03  3.669782e-03  4.127994e-03  4.643997e-03  5.225223e-03  5.880090e-03  6.618146e-03  7.450222e-03  8.388618e-03  9.447312e-03  1.064220e-02  1.199137e-02  1.351542e-02  1.523783e-02  1.718534e-02  1.938843e-02  2.188186e-02  2.470520e-02  2.790351e-02  3.152797e-02  3.563665e-02  4.029519e-02  4.557749e-02  5.156635e-02  5.835385e-02  6.604153e-02  7.473999e-02  8.456797e-02  9.565034e-02  1.081149e-01  1.220875e-01  1.376849e-01  1.550055e-01  1.741160e-01  1.950359e-01  2.177258e-01  2.421782e-01  2.684258e-01  2.964841e-01  3.263473e-01  3.579858e-01  3.913430e-01  4.263173e-01  4.627618e-01  5.004939e-01  5.392967e-01  5.789235e-01  6.191023e-01  6.595356e-01  6.999127e-01  7.399221e-01  7.792618e-01  8.176487e-01  8.547885e-01  8.901596e-01  9.232179e-01  9.535485e-01  9.811747e-01  1.006617e+00  1.029954e+00  1.049133e+00  1.062557e+00  1.071166e+00  1.076287e+00  1.078966e+00  1.080005e+00  1.080001e+00
3           2            1.166943e-03  1.311563e-03  1.474150e-03  1.656949e-03  1.862484e-03  2.093604e-03  2.353514e-03  2.645831e-03  2.974631e-03  3.344512e-03  3.760663e-03  4.228942e-03  4.755967e-03  5.349217e-03  6.017151e-03  6.769341e-03  7.616625e-03  8.571287e-03  9.647256e-03  1.086034e-02  1.222851e-02  1.377218e-02  1.551457e-02  1.748216e-02  1.970509e-02  2.221774e-02  2.505936e-02  2.827474e-02  3.191500e-02  3.603852e-02  4.071190e-02  4.601108e-02  5.202247e-02  5.884420e-02  6.658739e-02  7.537727e-02  8.535427e-02  9.667466e-02  1.095107e-01  1.240502e-01  1.404941e-01  1.590535e-01  1.799437e-01  2.033747e-01  2.295394e-01  2.585956e-01  2.906434e-01  3.256961e-01  3.636601e-01  4.045065e-01  4.482877e-01  4.950325e-01  5.447405e-01  5.973805e-01  6.528840e-01  7.110942e-01  7.717682e-01  8.346026e-01  8.992369e-01  9.652598e-01  1.032226e+00  1.099726e+00  1.167372e+00  1.234777e+00  1.301563e+00  1.367364e+00  1.431623e+00  1.492346e+00  1.547230e+00  1.594517e+00  1.635403e+00  1.674520e+00  1.714232e+00  1.748483e+00  1.771794e+00  1.785944e+00  1.793882e+00  1.797853e+00  1.799505e+00  1.800000e+00
4           0            2.547696e-05  2.863532e-05  3.218634e-05  3.617909e-05  4.066890e-05  4.571810e-05  5.139695e-05  5.778467e-05  6.497067e-05  7.305581e-05  8.215402e-05  9.239399e-05  1.039212e-04  1.169002e-04  1.315174e-04  1.479837e-04  1.665383e-04  1.874528e-04  2.110353e-04  2.376364e-04  2.676548e-04  3.015447e-04  3.398239e-04  3.830833e-04  4.319982e-04  4.873405e-04  5.499937e-04  6.209695e-04  7.014267e-04  7.926936e-04  8.962916e-04  1.013963e-03  1.147702e-03  1.299785e-03  1.472805e-03  1.669707e-03  1.893820e-03  2.148884e-03  2.439072e-03  2.768990e-03  3.143661e-03  3.568476e-03  4.049095e-03  4.591289e-03  5.200710e-03  5.882558e-03  6.641129e-03  7.479244e-03  8.397795e-03  9.398672e-03  1.048491e-02  1.165866e-02  1.292084e-02  1.427097e-02  1.570695e-02  1.722604e-02  1.882465e-02  2.049768e-02  2.223857e-02  2.403926e-02  2.588962e-02  2.777187e-02  2.966345e-02  3.154096e-02  3.338121e-02  3.516230e-02  3.686157e-02  3.843913e-02  3.985393e-02  4.107560e-02  4.210692e-02  4.298797e-02  4.373827e-02  4.427890e-02  4.454674e-02  4.458163e-02  4.444093e-02  4.417249e-02  4.381536e-02  4.340084e-02
4           1            7.546638e-05  8.482228e-05  9.534139e-05  1.071692e-04  1.204696e-04  1.354272e-04  1.522504e-04  1.711739e-04  1.924626e-04  2.164156e-04  2.433704e-04  2.737086e-04  3.078616e-04  3.463172e-04  3.896279e-04  4.384194e-04  4.934014e-04  5.553790e-04  6.252670e-04  7.041052e-04  7.930770e-04  8.935307e-04  1.007004e-03  1.135251e-03  1.280279e-03  1.444380e-03  1.630181e-03  1.840689e-03  2.079350e-03  2.350115e-03  2.657511e-03  3.006726e-03  3.403694e-03  3.855195e-03  4.368959e-03  4.953761e-03  5.619527e-03  6.377415e-03  7.239871e-03  8.220647e-03  9.334745e-03  1.059827e-02  1.202813e-02  1.364161e-02  1.545562e-02  1.748573e-02  1.974487e-02  2.224154e-02  2.497847e-02  2.796058e-02  3.119519e-02  3.468616e-02  3.843277e-02  4.242887e-02  4.666289e-02  5.112668e-02  5.581458e-02  6.071878e-02  6.582915e-02  7.113308e-02  7.661127e-02  8.220447e-02  8.782855e-02  9.339577e-02  9.881915e-02  1.040169e-01  1.089142e-01  1.134355e-01  1.175166e-01  1.211128e-01  1.241851e-01  1.266961e-01  1.286270e-01  1.299465e-01  1.306564e-01  1.308354e-01  1.305769e-01  1.299677e-01  1.290866e-01  1.280034e-01
4           2            1.254944e-04  1.410532e-04  1.585466e-04  1.782165e-04  2.003357e-04  2.252113e-04  2.531899e-04  2.846620e-04  3.200685e-04  3.599069e-04  4.047392e-04  4.552002e-04  5.120079e-04  5.759746e-04  6.480199e-04  7.291857e-04  8.206537e-04  9.237652e-04  1.040044e-03  1.171221e-03  1.319271e-03  1.486439e-03  1.675289e-03  1.888748e-03  2.130160e-03  2.403352e-03  2.712706e-03  3.063240e-03  3.460710e-03  3.911711e-03  4.423808e-03  5.005665e-03  5.667201e-03  6.419749e-03  7.276227e-03  8.251312e-03  9.361598e-03  1.062574e-02  1.206456e-02  1.370103e-02  1.556024e-02  1.766908e-02  2.005578e-02  2.274915e-02  2.577733e-02  2.916616e-02  3.293691e-02  3.710339e-02  4.166957e-02  4.664356e-02  5.203813e-02  5.786058e-02  6.411109e-02  7.078128e-02  7.785409e-02  8.531547e-02  9.315309e-02  1.013499e-01  1.098840e-01  1.187286e-01  1.278456e-01  1.371387e-01  1.464745e-01  1.557146e-01  1.647218e-01  1.733674e-01  1.815311e-01  1.890754e-01  1.958768e-01  2.018487e-01  2.069980e-01  2.114351e-01  2.151930e-01  2.178934e-01  2.192499e-01  2.194694e-01  2.188391e-01  2.175967e-01  2.159344e-01  2.140048e-01
4           3            4.487426e-02  4.490337e-02  4.493612e-02  4.497296e-02  4.501442e-02  4.506109e-02  4.511361e-02  4.517275e-02  4.523936e-02  4.531439e-02  4.539893e-02  4.549423e-02  4.560168e-02  4.572290e-02  4.585969e-02  4.601414e-02  4.618860e-02  4.638581e-02  4.660884e-02  4.686126e-02  4.714714e-02  4.747117e-02  4.783874e-02  4.825607e-02  4.873030e-02  4.926972e-02  4.988387e-02  5.058376e-02  5.138213e-02  5.229366e-02  5.333524e-02  5.452632e-02  5.588913e-02  5.744902e-02  5.923472e-02  6.127849e-02  6.361617e-02  6.628702e-02  6.933325e-02  7.279901e-02  7.672882e-02  8.116501e-02  8.614408e-02  9.169147e-02  9.781446e-02  1.044929e-01  1.116670e-01  1.192230e-01  1.269862e-01  1.348595e-01  1.428480e-01  1.509950e-01  1.593934e-01  1.681981e-01  1.776234e-01  1.877879e-01  1.987281e-01  2.104754e-01  2.230557e-01  2.364869e-01  2.507778e-01  2.659444e-01  2.819981e-01  2.989318e-01  3.167161e-01  3.352964e-01  3.546083e-01  3.746733e-01  3.955160e-01  4.171035e-01  4.391370e-01  4.610152e-01  4.825838e-01  5.056868e-01  5.316534e-01  5.590204e-01  5.860946e-01  6.117100e-01  6.351307e-01  6.559573e-01

UPSILON_P N_trans=0
# upper_idx  lower_idx   upsilon(T_GRID[0]..T_GRID[N-1])

