# pyathena.photchem atomic data : CII
# CHIANTI source : ion c_2
# Levels kept    : lowest 2 of CHIANTI (padded to 5 if smaller)
# T grid tier    : cold
# T grid         : 80 log-spaced points, 10 K -> 1e+05 K
# Generated by   : pyathena/photchem/data/build_chianti_tables.py
#
# Indices below are 0-based pyathena indices (level 0 = ground).
# CHIANTI level numbers are 1-based and shown for cross-reference.
#
LEVELS N=2
# idx  chianti_lvl  conf            term       j     g    E_erg            E_K
0     1            2s2_2p          2P0.5      0.5   2     0.000000e+00   0.000000e+00
1     2            2s2_2p          2P1.5      1.5   4     1.259064e-14   9.119366e+01

A_COEFFS N=1
# upper_idx  lower_idx   A [s^-1]
1           0            2.290000e-06

T_GRID N=80
 1.000000e+01
 1.123655e+01
 1.262600e+01
 1.418727e+01
 1.594159e+01
 1.791284e+01
 2.012785e+01
 2.261676e+01
 2.541343e+01
 2.855592e+01
 3.208700e+01
 3.605471e+01
 4.051305e+01
 4.552268e+01
 5.115178e+01
 5.747694e+01
 6.458424e+01
 7.257040e+01
 8.154407e+01
 9.162739e+01
 1.029576e+02
 1.156888e+02
 1.299942e+02
 1.460686e+02
 1.641307e+02
 1.844263e+02
 2.072315e+02
 2.328566e+02
 2.616505e+02
 2.940048e+02
 3.303599e+02
 3.712105e+02
 4.171125e+02
 4.686904e+02
 5.266462e+02
 5.917686e+02
 6.649436e+02
 7.471671e+02
 8.395579e+02
 9.433732e+02
 1.060026e+03
 1.191103e+03
 1.338389e+03
 1.503887e+03
 1.689850e+03
 1.898808e+03
 2.133605e+03
 2.397435e+03
 2.693889e+03
 3.027002e+03
 3.401305e+03
 3.821893e+03
 4.294488e+03
 4.825522e+03
 5.422221e+03
 6.092705e+03
 6.846097e+03
 7.692650e+03
 8.643883e+03
 9.712740e+03
 1.091377e+04
 1.226331e+04
 1.377972e+04
 1.548365e+04
 1.739828e+04
 1.954966e+04
 2.196707e+04
 2.468340e+04
 2.773563e+04
 3.116527e+04
 3.501900e+04
 3.934927e+04
 4.421500e+04
 4.968240e+04
 5.582586e+04
 6.272900e+04
 7.048574e+04
 7.920164e+04
 8.899530e+04
 1.000000e+05

UPSILON_E N_trans=1
# upper_idx  lower_idx   upsilon(T_GRID[0]..T_GRID[N-1])
1           0            1.552747e+00  1.552839e+00  1.552943e+00  1.553059e+00  1.553189e+00  1.553335e+00  1.553499e+00  1.553683e+00  1.553889e+00  1.554120e+00  1.554379e+00  1.554670e+00  1.554995e+00  1.555360e+00  1.555768e+00  1.556224e+00  1.556735e+00  1.557306e+00  1.557943e+00  1.558655e+00  1.559450e+00  1.560335e+00  1.561320e+00  1.562417e+00  1.563635e+00  1.564987e+00  1.566486e+00  1.568145e+00  1.569978e+00  1.572001e+00  1.574229e+00  1.576681e+00  1.579374e+00  1.582328e+00  1.585567e+00  1.589117e+00  1.593013e+00  1.597297e+00  1.602028e+00  1.607290e+00  1.613203e+00  1.619942e+00  1.627764e+00  1.637050e+00  1.648355e+00  1.662494e+00  1.680614e+00  1.703702e+00  1.732293e+00  1.766673e+00  1.806705e+00  1.851558e+00  1.899438e+00  1.948928e+00  1.999313e+00  2.049670e+00  2.098807e+00  2.145220e+00  2.187106e+00  2.222942e+00  2.251645e+00  2.272435e+00  2.285003e+00  2.289705e+00  2.287765e+00  2.281466e+00  2.273904e+00  2.266160e+00  2.258159e+00  2.249791e+00  2.240921e+00  2.231399e+00  2.221000e+00  2.209105e+00  2.194948e+00  2.177816e+00  2.157099e+00  2.132332e+00  2.103193e+00  2.069370e+00

UPSILON_P N_trans=1
# upper_idx  lower_idx   upsilon(T_GRID[0]..T_GRID[N-1])
1           0            5.506338e-11  5.442059e-11  5.369925e-11  5.288986e-11  5.198187e-11  5.096344e-11  4.982141e-11  4.854112e-11  4.710622e-11  4.549858e-11  4.369807e-11  4.168237e-11  3.942681e-11  3.690421e-11  3.408461e-11  3.093518e-11  2.742003e-11  2.350008e-11  1.913304e-11  1.427334e-11  8.872286e-12  2.878299e-12  0.000000e+00  0.000000e+00  0.000000e+00  0.000000e+00  0.000000e+00  0.000000e+00  0.000000e+00  0.000000e+00  0.000000e+00  0.000000e+00  0.000000e+00  0.000000e+00  0.000000e+00  0.000000e+00  0.000000e+00  0.000000e+00  0.000000e+00  0.000000e+00  0.000000e+00  0.000000e+00  0.000000e+00  0.000000e+00  0.000000e+00  0.000000e+00  0.000000e+00  0.000000e+00  2.042844e-11  1.485824e-10  3.143315e-10  5.239595e-10  7.839076e-10  1.100460e-09  1.479318e-09  1.925066e-09  2.440519e-09  3.025995e-09  3.678535e-09  4.391641e-09  5.157954e-09  5.967906e-09  6.808393e-09  7.662829e-09  8.512759e-09  9.347512e-09  1.016097e-08  1.094766e-08  1.170288e-08  1.242274e-08  1.310420e-08  1.374516e-08  1.434442e-08  1.490288e-08  1.542637e-08  1.592102e-08  1.639183e-08  1.684262e-08  1.727328e-08  1.767321e-08

