# pyathena.photchem atomic data : CIII
# CHIANTI source : ion c_3
# Levels kept    : lowest 5 of CHIANTI (padded to 5 if smaller)
# T grid tier    : warm
# T grid         : 80 log-spaced points, 1e+03 K -> 5e+05 K
# Generated by   : pyathena/photchem/data/build_chianti_tables.py
#
# Indices below are 0-based pyathena indices (level 0 = ground).
# CHIANTI level numbers are 1-based and shown for cross-reference.
#
LEVELS N=5
# idx  chianti_lvl  conf            term       j     g    E_erg            E_K
0     1            2s2             1S0        0.0   1     0.000000e+00   0.000000e+00
1     2            2s_2p           3P0        0.0   1     1.040011e-11   7.532766e+04
2     3            2s_2p           3P1        1.0   3     1.040481e-11   7.536175e+04
3     4            2s_2p           3P2        2.0   5     1.041599e-11   7.544274e+04
4     5            2s_2p           1P1        1.0   3     2.032711e-11   1.472286e+05

A_COEFFS N=4
# upper_idx  lower_idx   A [s^-1]
2           0            1.040000e+02
3           0            5.216000e-03
3           2            2.450000e-06
4           0            1.769000e+09

T_GRID N=80
 1.000000e+03
 1.081843e+03
 1.170384e+03
 1.266171e+03
 1.369799e+03
 1.481907e+03
 1.603190e+03
 1.734400e+03
 1.876348e+03
 2.029914e+03
 2.196048e+03
 2.375779e+03
 2.570219e+03
 2.780573e+03
 3.008143e+03
 3.254338e+03
 3.520682e+03
 3.808825e+03
 4.120550e+03
 4.457788e+03
 4.822626e+03
 5.217323e+03
 5.644324e+03
 6.106271e+03
 6.606026e+03
 7.146682e+03
 7.731586e+03
 8.364361e+03
 9.048924e+03
 9.789514e+03
 1.059072e+04
 1.145749e+04
 1.239520e+04
 1.340966e+04
 1.450715e+04
 1.569445e+04
 1.697893e+04
 1.836854e+04
 1.987187e+04
 2.149824e+04
 2.325772e+04
 2.516120e+04
 2.722046e+04
 2.944826e+04
 3.185839e+04
 3.446577e+04
 3.728655e+04
 4.033818e+04
 4.363957e+04
 4.721116e+04
 5.107506e+04
 5.525519e+04
 5.977743e+04
 6.466978e+04
 6.996254e+04
 7.568847e+04
 8.188303e+04
 8.858457e+04
 9.583459e+04
 1.036780e+05
 1.121633e+05
 1.213430e+05
 1.312741e+05
 1.420179e+05
 1.536411e+05
 1.662155e+05
 1.798191e+05
 1.945360e+05
 2.104573e+05
 2.276818e+05
 2.463159e+05
 2.664751e+05
 2.882841e+05
 3.118781e+05
 3.374031e+05
 3.650172e+05
 3.948912e+05
 4.272102e+05
 4.621743e+05
 5.000000e+05

UPSILON_E N_trans=10
# upper_idx  lower_idx   upsilon(T_GRID[0]..T_GRID[N-1])
1           0            9.122852e-02  9.115424e-02  9.105902e-02  9.093946e-02  9.079180e-02  9.061192e-02  9.039539e-02  9.013754e-02  8.983352e-02  8.947850e-02  8.906786e-02  8.859749e-02  8.806428e-02  8.746664e-02  8.680533e-02  8.608447e-02  8.531293e-02  8.450604e-02  8.368791e-02  8.289426e-02  8.217054e-02  8.154303e-02  8.102848e-02  8.064261e-02  8.039891e-02  8.030689e-02  8.036994e-02  8.058244e-02  8.092616e-02  8.137723e-02  8.193578e-02  8.260590e-02  8.338825e-02  8.427877e-02  8.526712e-02  8.633481e-02  8.745303e-02  8.858025e-02  8.967677e-02  9.072721e-02  9.171885e-02  9.263852e-02  9.347291e-02  9.420885e-02  9.483368e-02  9.533568e-02  9.570445e-02  9.593146e-02  9.601044e-02  9.593774e-02  9.571053e-02  9.532722e-02  9.478915e-02  9.410088e-02  9.327025e-02  9.230844e-02  9.122983e-02  9.005174e-02  8.879236e-02  8.745876e-02  8.605308e-02  8.457830e-02  8.303826e-02  8.143758e-02  7.978167e-02  7.807661e-02  7.632906e-02  7.454520e-02  7.272779e-02  7.087943e-02  6.900370e-02  6.710502e-02  6.518854e-02  6.326007e-02  6.132586e-02  5.939246e-02  5.746660e-02  5.555500e-02  5.366413e-02  5.179601e-02
2           0            2.905278e-01  2.901633e-01  2.897013e-01  2.891270e-01  2.884239e-01  2.875747e-01  2.865610e-01  2.853637e-01  2.839638e-01  2.823428e-01  2.804843e-01  2.783750e-01  2.760066e-01  2.733788e-01  2.705020e-01  2.674014e-01  2.641225e-01  2.607372e-01  2.573515e-01  2.541154e-01  2.512104e-01  2.487310e-01  2.467302e-01  2.452517e-01  2.443257e-01  2.439622e-01  2.441445e-01  2.448205e-01  2.458927e-01  2.472516e-01  2.488819e-01  2.507836e-01  2.529483e-01  2.553570e-01  2.579786e-01  2.607680e-01  2.636637e-01  2.665862e-01  2.694638e-01  2.722623e-01  2.749494e-01  2.774902e-01  2.798469e-01  2.819796e-01  2.838463e-01  2.854033e-01  2.866056e-01  2.874074e-01  2.877624e-01  2.876269e-01  2.869902e-01  2.858687e-01  2.842835e-01  2.822598e-01  2.798261e-01  2.770131e-01  2.738536e-01  2.703816e-01  2.666298e-01  2.626199e-01  2.583691e-01  2.538944e-01  2.492124e-01  2.443393e-01  2.392909e-01  2.340821e-01  2.287270e-01  2.232422e-01  2.176547e-01  2.119921e-01  2.062788e-01  2.005364e-01  1.947842e-01  1.890386e-01  1.833139e-01  1.776224e-01  1.719744e-01  1.663783e-01  1.608413e-01  1.553730e-01
2           1            7.137227e-01  7.146873e-01  7.156080e-01  7.164672e-01  7.172453e-01  7.179209e-01  7.184708e-01  7.188711e-01  7.190978e-01  7.191282e-01  7.189430e-01  7.185292e-01  7.178832e-01  7.170167e-01  7.159629e-01  7.147853e-01  7.135897e-01  7.125387e-01  7.118708e-01  7.119252e-01  7.131200e-01  7.156850e-01  7.197471e-01  7.254017e-01  7.326947e-01  7.415982e-01  7.519804e-01  7.635662e-01  7.758895e-01  7.884094e-01  8.009704e-01  8.135112e-01  8.259738e-01  8.383078e-01  8.504764e-01  8.624634e-01  8.742818e-01  8.859837e-01  8.975968e-01  9.090298e-01  9.201660e-01  9.308766e-01  9.410220e-01  9.504524e-01  9.590095e-01  9.665277e-01  9.728370e-01  9.777653e-01  9.811414e-01  9.828016e-01  9.826381e-01  9.806015e-01  9.766754e-01  9.708780e-01  9.632640e-01  9.539253e-01  9.429905e-01  9.306227e-01  9.170017e-01  9.022229e-01  8.863493e-01  8.694583e-01  8.516399e-01  8.329949e-01  8.136335e-01  7.936720e-01  7.732315e-01  7.524228e-01  7.313107e-01  7.099530e-01  6.884133e-01  6.667596e-01  6.450630e-01  6.233964e-01  6.018336e-01  5.804471e-01  5.593074e-01  5.384820e-01  5.180334e-01  4.979870e-01
3           0            4.651836e-01  4.647491e-01  4.641920e-01  4.634925e-01  4.626286e-01  4.615761e-01  4.603093e-01  4.588008e-01  4.570224e-01  4.549459e-01  4.525444e-01  4.497943e-01  4.466775e-01  4.431853e-01  4.393225e-01  4.351141e-01  4.306129e-01  4.259099e-01  4.211476e-01  4.165373e-01  4.123465e-01  4.087280e-01  4.057767e-01  4.035795e-01  4.022075e-01  4.017054e-01  4.020773e-01  4.032690e-01  4.051455e-01  4.075368e-01  4.104310e-01  4.138459e-01  4.177830e-01  4.222221e-01  4.271138e-01  4.323712e-01  4.378597e-01  4.433859e-01  4.487652e-01  4.539235e-01  4.587984e-01  4.633253e-01  4.674385e-01  4.710729e-01  4.741653e-01  4.766569e-01  4.784949e-01  4.796352e-01  4.800442e-01  4.797008e-01  4.785880e-01  4.766951e-01  4.740257e-01  4.705990e-01  4.664499e-01  4.616300e-01  4.562062e-01  4.502602e-01  4.438790e-01  4.371046e-01  4.299600e-01  4.224727e-01  4.146745e-01  4.066008e-01  3.982904e-01  3.897841e-01  3.811247e-01  3.723457e-01  3.634421e-01  3.544046e-01  3.452311e-01  3.359264e-01  3.265022e-01  3.169759e-01  3.073703e-01  2.977123e-01  2.880320e-01  2.783619e-01  2.687354e-01  2.591786e-01
3           1            5.073795e-01  5.086155e-01  5.099396e-01  5.113573e-01  5.128745e-01  5.144973e-01  5.162322e-01  5.180862e-01  5.200666e-01  5.221815e-01  5.244397e-01  5.268511e-01  5.294265e-01  5.321787e-01  5.351223e-01  5.382745e-01  5.416562e-01  5.452926e-01  5.492148e-01  5.534613e-01  5.580792e-01  5.631213e-01  5.686498e-01  5.747410e-01  5.814886e-01  5.890079e-01  5.974413e-01  6.069638e-01  6.177914e-01  6.301444e-01  6.441216e-01  6.597644e-01  6.770677e-01  6.959633e-01  7.163004e-01  7.378220e-01  7.601374e-01  7.826925e-01  8.049524e-01  8.266795e-01  8.476642e-01  8.676874e-01  8.865247e-01  9.039510e-01  9.197460e-01  9.337010e-01  9.456252e-01  9.553538e-01  9.627552e-01  9.677365e-01  9.702227e-01  9.701634e-01  9.675558e-01  9.624494e-01  9.549480e-01  9.452099e-01  9.334471e-01  9.199210e-01  9.049173e-01  8.886087e-01  8.711230e-01  8.526043e-01  8.332104e-01  8.131088e-01  7.924725e-01  7.714761e-01  7.502920e-01  7.290790e-01  7.079580e-01  6.870351e-01  6.664086e-01  6.461681e-01  6.263931e-01  6.071531e-01  5.885068e-01  5.705025e-01  5.531783e-01  5.365625e-01  5.206746e-01  5.055304e-01
3           2            2.015814e+00  2.019852e+00  2.024066e+00  2.028450e+00  2.033000e+00  2.037709e+00  2.042570e+00  2.047577e+00  2.052723e+00  2.058007e+00  2.063430e+00  2.069004e+00  2.074754e+00  2.080721e+00  2.086977e+00  2.093629e+00  2.100834e+00  2.108821e+00  2.117906e+00  2.128528e+00  2.141225e+00  2.156361e+00  2.174216e+00  2.195071e+00  2.219197e+00  2.246845e+00  2.278222e+00  2.313469e+00  2.352629e+00  2.395677e+00  2.442688e+00  2.493694e+00  2.548616e+00  2.607231e+00  2.669128e+00  2.733659e+00  2.799883e+00  2.866501e+00  2.932231e+00  2.996395e+00  3.058361e+00  3.117460e+00  3.173004e+00  3.224294e+00  3.270639e+00  3.311369e+00  3.345863e+00  3.373561e+00  3.393994e+00  3.406796e+00  3.411691e+00  3.408511e+00  3.397232e+00  3.377997e+00  3.351115e+00  3.317064e+00  3.276491e+00  3.230197e+00  3.179060e+00  3.123600e+00  3.064189e+00  3.001258e+00  2.935281e+00  2.866765e+00  2.796243e+00  2.724256e+00  2.651344e+00  2.577999e+00  2.504547e+00  2.431267e+00  2.358432e+00  2.286305e+00  2.215132e+00  2.145145e+00  2.076556e+00  2.009553e+00  1.944307e+00  1.880962e+00  1.819641e+00  1.760445e+00
4           0            2.965530e+00  2.967946e+00  2.970918e+00  2.974520e+00  2.978830e+00  2.983928e+00  2.989892e+00  2.996800e+00  3.004723e+00  3.013717e+00  3.023825e+00  3.035061e+00  3.047402e+00  3.060781e+00  3.075066e+00  3.090048e+00  3.105419e+00  3.120752e+00  3.135476e+00  3.148846e+00  3.160033e+00  3.168752e+00  3.175029e+00  3.179007e+00  3.180969e+00  3.181365e+00  3.180832e+00  3.180216e+00  3.180590e+00  3.182978e+00  3.187579e+00  3.194371e+00  3.203285e+00  3.214205e+00  3.226968e+00  3.241369e+00  3.257162e+00  3.274068e+00  3.291905e+00  3.310716e+00  3.330576e+00  3.351563e+00  3.373759e+00  3.397248e+00  3.422119e+00  3.448461e+00  3.476368e+00  3.505935e+00  3.537262e+00  3.570446e+00  3.605548e+00  3.642605e+00  3.681671e+00  3.722813e+00  3.766114e+00  3.811671e+00  3.859595e+00  3.910008e+00  3.963068e+00  4.019089e+00  4.078424e+00  4.141386e+00  4.208248e+00  4.279252e+00  4.354615e+00  4.434527e+00  4.519158e+00  4.608625e+00  4.702889e+00  4.801904e+00  4.905658e+00  5.014159e+00  5.127434e+00  5.245518e+00  5.368448e+00  5.496262e+00  5.628993e+00  5.766665e+00  5.909293e+00  6.056815e+00
4           1            1.823887e-01  1.830263e-01  1.837870e-01  1.846886e-01  1.857512e-01  1.869964e-01  1.884474e-01  1.901287e-01  1.920657e-01  1.942838e-01  1.968075e-01  1.996586e-01  2.028542e-01  2.064040e-01  2.103061e-01  2.145421e-01  2.190705e-01  2.238180e-01  2.286685e-01  2.334485e-01  2.379392e-01  2.420248e-01  2.456439e-01  2.487480e-01  2.513100e-01  2.533356e-01  2.548775e-01  2.560542e-01  2.570736e-01  2.581742e-01  2.593995e-01  2.607401e-01  2.621784e-01  2.636857e-01  2.652194e-01  2.667197e-01  2.681053e-01  2.692696e-01  2.701129e-01  2.705914e-01  2.706725e-01  2.703295e-01  2.695439e-01  2.683083e-01  2.666286e-01  2.645272e-01  2.620455e-01  2.592467e-01  2.562180e-01  2.530670e-01  2.498409e-01  2.465293e-01  2.431174e-01  2.395878e-01  2.359207e-01  2.320942e-01  2.280848e-01  2.238682e-01  2.194236e-01  2.147583e-01  2.098945e-01  2.048570e-01  1.996730e-01  1.943714e-01  1.889820e-01  1.835352e-01  1.780613e-01  1.725856e-01  1.671153e-01  1.616546e-01  1.562090e-01  1.507861e-01  1.453945e-01  1.400441e-01  1.347458e-01  1.295111e-01  1.243517e-01  1.192796e-01  1.143062e-01  1.094387e-01
4           2            5.483359e-01  5.502384e-01  5.525067e-01  5.551944e-01  5.583608e-01  5.620700e-01  5.663913e-01  5.713975e-01  5.771640e-01  5.837665e-01  5.912775e-01  5.997621e-01  6.092715e-01  6.198344e-01  6.314456e-01  6.440510e-01  6.575277e-01  6.716586e-01  6.860994e-01  7.003365e-01  7.137204e-01  7.259076e-01  7.367165e-01  7.460038e-01  7.536899e-01  7.597925e-01  7.644694e-01  7.680737e-01  7.712231e-01  7.746280e-01  7.784175e-01  7.825621e-01  7.870059e-01  7.916591e-01  7.963884e-01  8.010068e-01  8.052604e-01  8.088159e-01  8.113624e-01  8.127652e-01  8.129251e-01  8.117625e-01  8.092252e-01  8.052961e-01  8.000018e-01  7.934219e-01  7.856972e-01  7.770387e-01  7.677345e-01  7.581374e-01  7.484016e-01  7.384895e-01  7.283476e-01  7.179110e-01  7.071046e-01  6.958439e-01  6.840373e-01  6.715884e-01  6.584120e-01  6.445250e-01  6.299974e-01  6.149083e-01  5.993440e-01  5.833962e-01  5.671602e-01  5.507325e-01  5.342096e-01  5.176733e-01  5.011544e-01  4.846740e-01  4.682569e-01  4.519311e-01  4.357278e-01  4.196803e-01  4.038232e-01  3.881922e-01  3.728225e-01  3.577488e-01  3.430037e-01  3.286015e-01
4           3            9.126544e-01  9.159049e-01  9.197645e-01  9.243221e-01  9.296751e-01  9.359297e-01  9.432001e-01  9.516069e-01  9.612747e-01  9.723288e-01  9.848897e-01  9.990657e-01  1.014943e+00  1.032570e+00  1.051943e+00  1.072976e+00  1.095472e+00  1.119082e+00  1.143247e+00  1.167135e+00  1.189690e+00  1.210349e+00  1.228812e+00  1.244839e+00  1.258288e+00  1.269171e+00  1.277719e+00  1.284475e+00  1.290397e+00  1.296598e+00  1.303263e+00  1.310330e+00  1.317693e+00  1.325201e+00  1.332638e+00  1.339713e+00  1.346042e+00  1.351130e+00  1.354517e+00  1.355994e+00  1.355406e+00  1.352638e+00  1.347620e+00  1.340347e+00  1.330889e+00  1.319410e+00  1.306180e+00  1.291589e+00  1.276162e+00  1.260535e+00  1.244965e+00  1.229349e+00  1.213538e+00  1.197353e+00  1.180583e+00  1.162990e+00  1.144314e+00  1.124278e+00  1.102635e+00  1.079421e+00  1.054822e+00  1.029042e+00  1.002305e+00  9.748401e-01  9.468851e-01  9.186750e-01  8.904391e-01  8.623619e-01  8.344780e-01  8.067909e-01  7.793125e-01  7.520627e-01  7.250692e-01  6.983664e-01  6.719945e-01  6.459979e-01  6.204239e-01  5.953212e-01  5.707382e-01  5.467046e-01

UPSILON_P N_trans=3
# upper_idx  lower_idx   upsilon(T_GRID[0]..T_GRID[N-1])
2           1            0.000000e+00  0.000000e+00  0.000000e+00  0.000000e+00  0.000000e+00  0.000000e+00  0.000000e+00  0.000000e+00  0.000000e+00  0.000000e+00  0.000000e+00  0.000000e+00  0.000000e+00  0.000000e+00  0.000000e+00  0.000000e+00  0.000000e+00  0.000000e+00  0.000000e+00  0.000000e+00  0.000000e+00  0.000000e+00  0.000000e+00  0.000000e+00  0.000000e+00  0.000000e+00  0.000000e+00  0.000000e+00  0.000000e+00  0.000000e+00  0.000000e+00  0.000000e+00  0.000000e+00  0.000000e+00  0.000000e+00  7.568325e-14  1.895736e-11  4.161897e-11  6.852481e-11  1.001628e-10  1.370383e-10  1.796663e-10  2.285606e-10  2.842210e-10  3.471178e-10  4.176735e-10  4.962415e-10  5.830835e-10  6.783432e-10  7.820204e-10  8.939432e-10  1.013741e-09  1.140875e-09  1.274740e-09  1.414555e-09  1.559323e-09  1.707830e-09  1.858645e-09  2.010135e-09  2.160529e-09  2.308519e-09  2.453199e-09  2.593679e-09  2.729098e-09  2.858640e-09  2.981549e-09  3.097153e-09  3.204892e-09  3.304310e-09  3.395061e-09  3.476911e-09  3.549742e-09  3.613509e-09  3.667761e-09  3.711877e-09  3.745458e-09  3.768328e-09  3.780521e-09  3.782269e-09  3.773968e-09
3           1            0.000000e+00  0.000000e+00  0.000000e+00  0.000000e+00  0.000000e+00  0.000000e+00  0.000000e+00  0.000000e+00  0.000000e+00  0.000000e+00  0.000000e+00  0.000000e+00  0.000000e+00  0.000000e+00  0.000000e+00  0.000000e+00  0.000000e+00  0.000000e+00  0.000000e+00  0.000000e+00  0.000000e+00  0.000000e+00  0.000000e+00  0.000000e+00  0.000000e+00  0.000000e+00  2.317329e-11  1.516332e-10  2.909914e-10  4.420478e-10  6.056210e-10  7.825372e-10  9.736153e-10  1.179648e-09  1.401378e-09  1.639468e-09  1.894470e-09  2.166775e-09  2.456574e-09  2.763796e-09  3.088047e-09  3.428539e-09  3.784014e-09  4.152666e-09  4.532052e-09  4.919014e-09  5.309595e-09  5.698967e-09  6.081371e-09  6.451403e-09  6.807363e-09  7.148749e-09  7.475605e-09  7.788581e-09  8.088963e-09  8.378694e-09  8.660201e-09  8.934159e-09  9.199755e-09  9.456264e-09  9.703094e-09  9.939796e-09  1.016606e-08  1.038186e-08  1.058773e-08  1.078434e-08  1.097247e-08  1.115288e-08  1.132639e-08  1.149378e-08  1.165617e-08  1.181483e-08  1.197084e-08  1.212508e-08  1.227826e-08  1.243084e-08  1.258314e-08  1.273401e-08  1.287940e-08  1.301570e-08
3           2            0.000000e+00  0.000000e+00  0.000000e+00  0.000000e+00  0.000000e+00  0.000000e+00  0.000000e+00  0.000000e+00  0.000000e+00  0.000000e+00  0.000000e+00  0.000000e+00  0.000000e+00  0.000000e+00  0.000000e+00  0.000000e+00  0.000000e+00  0.000000e+00  0.000000e+00  0.000000e+00  0.000000e+00  0.000000e+00  0.000000e+00  0.000000e+00  0.000000e+00  3.832411e-11  1.332261e-10  2.357460e-10  3.464265e-10  4.658294e-10  5.945313e-10  7.331175e-10  8.821736e-10  1.042275e-09  1.213976e-09  1.397790e-09  1.594172e-09  1.803497e-09  2.026031e-09  2.261901e-09  2.511056e-09  2.773232e-09  3.047903e-09  3.334235e-09  3.631038e-09  3.936711e-09  4.249192e-09  4.565909e-09  4.883735e-09  5.198953e-09  5.507930e-09  5.809304e-09  6.102534e-09  6.387413e-09  6.664107e-09  6.933182e-09  7.195617e-09  7.452739e-09  7.705066e-09  7.952288e-09  8.194182e-09  8.430643e-09  8.661673e-09  8.887372e-09  9.107513e-09  9.320579e-09  9.524882e-09  9.718876e-09  9.901203e-09  1.007071e-08  1.022658e-08  1.036993e-08  1.050326e-08  1.062889e-08  1.074885e-08  1.086487e-08  1.097839e-08  1.109055e-08  1.120094e-08  1.130563e-08

