# pyathena.photchem atomic data : CIV
# CHIANTI source : ion c_4
# Levels kept    : lowest 3 of CHIANTI (padded to 5 if smaller)
# T grid tier    : hot
# T grid         : 80 log-spaced points, 1e+04 K -> 1e+07 K
# Generated by   : pyathena/photchem/data/build_chianti_tables.py
#
# Indices below are 0-based pyathena indices (level 0 = ground).
# CHIANTI level numbers are 1-based and shown for cross-reference.
#
LEVELS N=3
# idx  chianti_lvl  conf            term       j     g    E_erg            E_K
0     1            1s2.2s          2S0.5      0.5   2     0.000000e+00   0.000000e+00
1     2            1s2.2p          2P0.5      0.5   2     1.280652e-11   9.275726e+04
2     3            1s2.2p          2P1.5      1.5   4     1.282791e-11   9.291219e+04

A_COEFFS N=2
# upper_idx  lower_idx   A [s^-1]
1           0            2.640000e+08
2           0            2.650000e+08

T_GRID N=80
 1.000000e+04
 1.091377e+04
 1.191103e+04
 1.299942e+04
 1.418727e+04
 1.548365e+04
 1.689850e+04
 1.844263e+04
 2.012785e+04
 2.196707e+04
 2.397435e+04
 2.616505e+04
 2.855592e+04
 3.116527e+04
 3.401305e+04
 3.712105e+04
 4.051305e+04
 4.421500e+04
 4.825522e+04
 5.266462e+04
 5.747694e+04
 6.272900e+04
 6.846097e+04
 7.471671e+04
 8.154407e+04
 8.899530e+04
 9.712740e+04
 1.060026e+05
 1.156888e+05
 1.262600e+05
 1.377972e+05
 1.503887e+05
 1.641307e+05
 1.791284e+05
 1.954966e+05
 2.133605e+05
 2.328566e+05
 2.541343e+05
 2.773563e+05
 3.027002e+05
 3.303599e+05
 3.605471e+05
 3.934927e+05
 4.294488e+05
 4.686904e+05
 5.115178e+05
 5.582586e+05
 6.092705e+05
 6.649436e+05
 7.257040e+05
 7.920164e+05
 8.643883e+05
 9.433732e+05
 1.029576e+06
 1.123655e+06
 1.226331e+06
 1.338389e+06
 1.460686e+06
 1.594159e+06
 1.739828e+06
 1.898808e+06
 2.072315e+06
 2.261676e+06
 2.468340e+06
 2.693889e+06
 2.940048e+06
 3.208700e+06
 3.501900e+06
 3.821893e+06
 4.171125e+06
 4.552268e+06
 4.968240e+06
 5.422221e+06
 5.917686e+06
 6.458424e+06
 7.048574e+06
 7.692650e+06
 8.395579e+06
 9.162739e+06
 1.000000e+07

UPSILON_E N_trans=3
# upper_idx  lower_idx   upsilon(T_GRID[0]..T_GRID[N-1])
1           0            2.870574e+00  2.874355e+00  2.878549e+00  2.883199e+00  2.888350e+00  2.894053e+00  2.900359e+00  2.907323e+00  2.915001e+00  2.923453e+00  2.932737e+00  2.942913e+00  2.954038e+00  2.966170e+00  2.979359e+00  2.993652e+00  3.009089e+00  3.025703e+00  3.043515e+00  3.062536e+00  3.082765e+00  3.104189e+00  3.126794e+00  3.150643e+00  3.175845e+00  3.202515e+00  3.230780e+00  3.260773e+00  3.292633e+00  3.326502e+00  3.362526e+00  3.400813e+00  3.441379e+00  3.484212e+00  3.529293e+00  3.576595e+00  3.626082e+00  3.677711e+00  3.731435e+00  3.787198e+00  3.844971e+00  3.904902e+00  3.967186e+00  4.031989e+00  4.099445e+00  4.169660e+00  4.242710e+00  4.318646e+00  4.397495e+00  4.479258e+00  4.563922e+00  4.651452e+00  4.741800e+00  4.834889e+00  4.930539e+00  5.028534e+00  5.128675e+00  5.230778e+00  5.334670e+00  5.440190e+00  5.547193e+00  5.655542e+00  5.765110e+00  5.875782e+00  5.987453e+00  6.100023e+00  6.213405e+00  6.327515e+00  6.442278e+00  6.557627e+00  6.673498e+00  6.789834e+00  6.906585e+00  7.023701e+00  7.141140e+00  7.258864e+00  7.376837e+00  7.495026e+00  7.613402e+00  7.731940e+00
2           0            5.724895e+00  5.733927e+00  5.743762e+00  5.754466e+00  5.766115e+00  5.778785e+00  5.792559e+00  5.807527e+00  5.823783e+00  5.841426e+00  5.860561e+00  5.881298e+00  5.903751e+00  5.928038e+00  5.954283e+00  5.982609e+00  6.013144e+00  6.046015e+00  6.081348e+00  6.119269e+00  6.159898e+00  6.203351e+00  6.249737e+00  6.299158e+00  6.351701e+00  6.407447e+00  6.466459e+00  6.528798e+00  6.594554e+00  6.663823e+00  6.736697e+00  6.813258e+00  6.893583e+00  6.977736e+00  7.065773e+00  7.157737e+00  7.253687e+00  7.353862e+00  7.458569e+00  7.568101e+00  7.682729e+00  7.802701e+00  7.928235e+00  8.059515e+00  8.196691e+00  8.339875e+00  8.489120e+00  8.644303e+00  8.805222e+00  8.971666e+00  9.143412e+00  9.320232e+00  9.501894e+00  9.688165e+00  9.878810e+00  1.007360e+01  1.027230e+01  1.047470e+01  1.068057e+01  1.088970e+01  1.110190e+01  1.131695e+01  1.153460e+01  1.175461e+01  1.197677e+01  1.220086e+01  1.242670e+01  1.265411e+01  1.288295e+01  1.311305e+01  1.334430e+01  1.357657e+01  1.380974e+01  1.404373e+01  1.427843e+01  1.451376e+01  1.474965e+01  1.498603e+01  1.522283e+01  1.546000e+01
2           1            1.159320e+00  1.156375e+00  1.153327e+00  1.150205e+00  1.147040e+00  1.143872e+00  1.140747e+00  1.137714e+00  1.134831e+00  1.132161e+00  1.129769e+00  1.127728e+00  1.126113e+00  1.125001e+00  1.124472e+00  1.124605e+00  1.125483e+00  1.127185e+00  1.129789e+00  1.133372e+00  1.137977e+00  1.143448e+00  1.149539e+00  1.156001e+00  1.162580e+00  1.169026e+00  1.175091e+00  1.180535e+00  1.185124e+00  1.188633e+00  1.190849e+00  1.191569e+00  1.190602e+00  1.187771e+00  1.182910e+00  1.175866e+00  1.166526e+00  1.155024e+00  1.141611e+00  1.126524e+00  1.109993e+00  1.092235e+00  1.073456e+00  1.053849e+00  1.033598e+00  1.012876e+00  9.918426e-01  9.706502e-01  9.494398e-01  9.283431e-01  9.074827e-01  8.869724e-01  8.669179e-01  8.474170e-01  8.285601e-01  8.104306e-01  7.931053e-01  7.766548e-01  7.611222e-01  7.464748e-01  7.326662e-01  7.196518e-01  7.073895e-01  6.958391e-01  6.849622e-01  6.747224e-01  6.650851e-01  6.560171e-01  6.474871e-01  6.394653e-01  6.319231e-01  6.248337e-01  6.181712e-01  6.119113e-01  6.060307e-01  6.005072e-01  5.953199e-01  5.904488e-01  5.858748e-01  5.815798e-01

UPSILON_P N_trans=0
# upper_idx  lower_idx   upsilon(T_GRID[0]..T_GRID[N-1])

