# CIE bound-bound cooling efficiency for He (Z=2)
# Source: CHIANTI v11.0.2 via ChiantiPy ion.boundBoundLoss
# Units: erg cm^3 / s, per ion per electron, low-density limit (n_e = 1 cm^-3)
# T grid: 121 log-spaced points, 10^3.00 K -> 10^9.00 K
# Generated by pyathena/photchem/data/build_cool_tables.py
#
# log_T_K        L_He0          L_He1          L_He2        
         3.0000  1.991641e-123  2.848695e-224   0.000000e+00
         3.0500  3.899377e-112  6.280042e-202   0.000000e+00
         3.1000  4.513157e-102  5.113464e-182   0.000000e+00
         3.1500   4.199382e-93  2.827739e-164   0.000000e+00
         3.2000   4.131299e-85  1.827687e-148   0.000000e+00
         3.2500   5.485304e-78  2.239908e-134   0.000000e+00
         3.3000   1.221785e-71  8.011234e-122   0.000000e+00
         3.3500   5.541725e-66  1.228057e-110   0.000000e+00
         3.4000   6.083565e-61  1.136434e-100   0.000000e+00
         3.4500   1.885268e-56   8.615020e-92   0.000000e+00
         3.5000   1.891702e-52   7.022870e-84   0.000000e+00
         3.5500   6.945129e-49   7.845654e-77   0.000000e+00
         3.6000   1.040327e-45   1.490927e-70   0.000000e+00
         3.6500   7.006483e-43   5.843122e-65   0.000000e+00
         3.7000   2.313539e-40   5.607196e-60   0.000000e+00
         3.7500   4.046117e-38   1.535327e-55   0.000000e+00
         3.8000   4.015152e-36   1.374758e-51   0.000000e+00
         3.8500   2.404149e-34   4.545647e-48   0.000000e+00
         3.9000   9.175735e-33   6.185055e-45   0.000000e+00
         3.9500   2.344269e-31   3.814059e-42   0.000000e+00
         4.0000   4.188395e-30   1.161677e-39   0.000000e+00
         4.0500   5.441410e-29   1.886828e-37   0.000000e+00
         4.1000   5.322654e-28   1.749857e-35   0.000000e+00
         4.1500   4.043925e-27   9.847925e-34   0.000000e+00
         4.2000   2.453494e-26   3.550861e-32   0.000000e+00
         4.2500   1.218454e-25   8.609630e-31   0.000000e+00
         4.3000   5.063260e-25   1.465655e-29   0.000000e+00
         4.3500   1.795329e-24   1.820447e-28   0.000000e+00
         4.4000   5.527096e-24   1.707322e-27   0.000000e+00
         4.4500   1.500333e-23   1.246582e-26   0.000000e+00
         4.5000   3.640491e-23   7.281668e-26   0.000000e+00
         4.5500   7.992671e-23   3.486569e-25   0.000000e+00
         4.6000   1.605001e-22   1.398392e-24   0.000000e+00
         4.6500   2.976315e-22   4.789697e-24   0.000000e+00
         4.7000   5.140547e-22   1.425313e-23   0.000000e+00
         4.7500   8.332291e-22   3.741981e-23   0.000000e+00
         4.8000   1.276087e-21   8.786774e-23   0.000000e+00
         4.8500   1.857695e-21   1.868119e-22   0.000000e+00
         4.9000   2.584537e-21   3.635541e-22   0.000000e+00
         4.9500   3.452940e-21   6.539711e-22   0.000000e+00
         5.0000   4.448919e-21   1.096876e-21   0.000000e+00
         5.0500   5.549354e-21   1.728815e-21   0.000000e+00
         5.1000   6.724189e-21   2.578421e-21   0.000000e+00
         5.1500   7.939214e-21   3.661635e-21   0.000000e+00
         5.2000   9.158962e-21   4.978859e-21   0.000000e+00
         5.2500   1.034936e-20   6.514442e-21   0.000000e+00
         5.3000   1.147981e-20   8.238384e-21   0.000000e+00
         5.3500   1.252472e-20   1.010960e-20   0.000000e+00
         5.4000   1.346422e-20   1.207996e-20   0.000000e+00
         5.4500   1.428447e-20   1.409851e-20   0.000000e+00
         5.5000   1.497734e-20   1.611499e-20   0.000000e+00
         5.5500   1.553985e-20   1.808260e-20   0.000000e+00
         5.6000   1.597341e-20   1.995984e-20   0.000000e+00
         5.6500   1.628292e-20   2.171171e-20   0.000000e+00
         5.7000   1.647588e-20   2.331583e-20   0.000000e+00
         5.7500   1.656165e-20   2.476557e-20   0.000000e+00
         5.8000   1.655066e-20   2.606189e-20   0.000000e+00
         5.8500   1.645389e-20   2.721005e-20   0.000000e+00
         5.9000   1.628233e-20   2.821718e-20   0.000000e+00
         5.9500   1.604668e-20   2.909043e-20   0.000000e+00
         6.0000   1.575707e-20   2.983621e-20   0.000000e+00
         6.0500   1.542287e-20   3.046005e-20   0.000000e+00
         6.1000   1.505266e-20   3.096566e-20   0.000000e+00
         6.1500   1.465410e-20   3.135517e-20   0.000000e+00
         6.2000   1.423400e-20   3.162991e-20   0.000000e+00
         6.2500   1.379832e-20   3.179110e-20   0.000000e+00
         6.3000   1.335221e-20   3.184047e-20   0.000000e+00
         6.3500   1.290011e-20   3.178078e-20   0.000000e+00
         6.4000   1.244577e-20   3.161601e-20   0.000000e+00
         6.4500   1.199237e-20   3.135148e-20   0.000000e+00
         6.5000   1.154252e-20   3.099376e-20   0.000000e+00
         6.5500   1.109841e-20   3.055047e-20   0.000000e+00
         6.6000   1.066179e-20   3.003001e-20   0.000000e+00
         6.6500   1.023409e-20   2.944132e-20   0.000000e+00
         6.7000   9.816413e-21   2.879355e-20   0.000000e+00
         6.7500   9.409625e-21   2.809580e-20   0.000000e+00
         6.8000   9.014367e-21   2.735697e-20   0.000000e+00
         6.8500   8.631095e-21   2.658550e-20   0.000000e+00
         6.9000   8.260110e-21   2.578929e-20   0.000000e+00
         6.9500   7.901586e-21   2.497561e-20   0.000000e+00
         7.0000   7.555586e-21   2.415104e-20   0.000000e+00
         7.0500   7.222086e-21   2.332144e-20   0.000000e+00
         7.1000   6.900987e-21   2.249199e-20   0.000000e+00
         7.1500   6.592132e-21   2.166718e-20   0.000000e+00
         7.2000   6.295313e-21   2.085087e-20   0.000000e+00
         7.2500   6.010286e-21   2.004631e-20   0.000000e+00
         7.3000   5.736776e-21   1.925624e-20   0.000000e+00
         7.3500   5.474486e-21   1.848286e-20   0.000000e+00
         7.4000   5.223100e-21   1.772797e-20   0.000000e+00
         7.4500   4.982292e-21   1.699297e-20   0.000000e+00
         7.5000   4.751726e-21   1.627892e-20   0.000000e+00
         7.5500   4.531061e-21   1.558659e-20   0.000000e+00
         7.6000   4.319957e-21   1.491648e-20   0.000000e+00
         7.6500   4.118073e-21   1.426888e-20   0.000000e+00
         7.7000   3.925069e-21   1.364391e-20   0.000000e+00
         7.7500   3.740613e-21   1.304152e-20   0.000000e+00
         7.8000   3.564375e-21   1.246154e-20   0.000000e+00
         7.8500   3.396034e-21   1.190367e-20   0.000000e+00
         7.9000   3.235274e-21   1.136756e-20   0.000000e+00
         7.9500   3.081789e-21   1.085277e-20   0.000000e+00
         8.0000   2.935281e-21   1.035879e-20   0.000000e+00
         8.0500   2.795460e-21   9.885101e-21   0.000000e+00
         8.1000   2.662045e-21   9.431127e-21   0.000000e+00
         8.1500   2.534764e-21   8.996277e-21   0.000000e+00
         8.2000   2.413357e-21   8.579945e-21   0.000000e+00
         8.2500   2.297569e-21   8.181516e-21   0.000000e+00
         8.3000   2.187156e-21   7.800371e-21   0.000000e+00
         8.3500   2.081884e-21   7.435891e-21   0.000000e+00
         8.4000   1.981526e-21   7.087464e-21   0.000000e+00
         8.4500   1.885865e-21   6.754483e-21   0.000000e+00
         8.5000   1.794692e-21   6.436352e-21   0.000000e+00
         8.5500   1.707806e-21   6.132488e-21   0.000000e+00
         8.6000   1.625015e-21   5.842319e-21   0.000000e+00
         8.6500   1.546134e-21   5.565290e-21   0.000000e+00
         8.7000   1.470985e-21   5.300860e-21   0.000000e+00
         8.7500   1.399400e-21   5.048505e-21   0.000000e+00
         8.8000   1.331216e-21   4.807716e-21   0.000000e+00
         8.8500   1.266277e-21   4.578001e-21   0.000000e+00
         8.9000   1.204433e-21   4.358887e-21   0.000000e+00
         8.9500   1.145544e-21   4.149915e-21   0.000000e+00
         9.0000   1.089471e-21   3.950643e-21   0.000000e+00
