# CIE bound-bound cooling efficiency for Mg (Z=12)
# Source: CHIANTI v11.0.2 via ChiantiPy ion.boundBoundLoss
# Units: erg cm^3 / s, per ion per electron, low-density limit (n_e = 1 cm^-3)
# T grid: 121 log-spaced points, 10^3.00 K -> 10^9.00 K
# Generated by pyathena/photchem/data/build_cool_tables.py
#
# log_T_K        L_Mg0          L_Mg1          L_Mg2          L_Mg3          L_Mg4          L_Mg5          L_Mg6          L_Mg7          L_Mg8          L_Mg9          L_Mg10         L_Mg11         L_Mg12       
         3.0000   4.317602e-24   3.820655e-23   2.891024e-22   3.941307e-22   1.450749e-23   4.413496e-21   6.297081e-22   3.709909e-21   6.621002e-21   4.538452e-20   5.550048e-20   4.996268e-20   0.000000e+00
         3.0500   4.083943e-24   3.609552e-23   2.730147e-22   3.721976e-22   1.369803e-23   4.166819e-21   5.945062e-22   3.502566e-21   6.250780e-21   4.284791e-20   5.239593e-20   4.693298e-20   0.000000e+00
         3.1000   3.863717e-24   3.410403e-23   2.578320e-22   3.514981e-22   1.293398e-23   3.933954e-21   5.612747e-22   3.306831e-21   6.049724e-21   4.045332e-20   4.946504e-20   4.464503e-20   0.000000e+00
         3.1500   3.656180e-24   3.222544e-23   2.435039e-22   3.319636e-22   1.221279e-23   3.714129e-21   5.299037e-22   3.905732e-21   5.711497e-21   3.819281e-20   4.669812e-20   5.125017e-20   0.000000e+00
         3.2000   3.460629e-24   3.045352e-23   2.299829e-22   3.135294e-22   1.153238e-23   3.506614e-21   5.002890e-22   3.687497e-21   5.392200e-21   3.605890e-20   6.307907e-20   4.845942e-20   0.000000e+00
         3.2500   3.276398e-24   2.878236e-23   2.172242e-22   2.961344e-22   1.088988e-23   3.310722e-21   4.723336e-22   3.481485e-21   5.090777e-21   3.404451e-20   5.955072e-20   4.575120e-20   0.000000e+00
         3.3000   3.102861e-24   2.720640e-23   2.051854e-22   2.797209e-22   1.029691e-23   3.125803e-21   4.459427e-22   3.287012e-21   4.806228e-21   3.214297e-20   5.621974e-20   4.319468e-20   0.000000e+00
         3.3500   2.939422e-24   2.572038e-23   1.938268e-22   2.642344e-22   9.723861e-24   2.951246e-21   4.210699e-22   3.103435e-21   4.537609e-21   3.034796e-20   5.307512e-20   4.103308e-20   0.000000e+00
         3.4000   2.785518e-24   2.431934e-23   1.831106e-22   4.630940e-22   9.183043e-24   2.786470e-21   3.975505e-22   4.515984e-21   4.567650e-21   2.865354e-20   5.010642e-20   3.841428e-20   0.000000e+00
         3.4500   2.640619e-24   2.299860e-23   1.730013e-22   4.374229e-22   8.947514e-24   2.630930e-21   3.753488e-22   4.263749e-21   4.312445e-21   2.705410e-20   4.730361e-20   5.363576e-20   0.000000e+00
         3.5000   2.504220e-24   2.175373e-23   1.634655e-22   4.132014e-22   8.451077e-24   2.484110e-21   3.552077e-22   4.025646e-21   4.071535e-21   2.554433e-20   4.465780e-20   5.069920e-20   0.000000e+00
         3.5500   2.375844e-24   2.058055e-23   1.544714e-22   3.903494e-22   7.982647e-24   2.345524e-21   3.353795e-22   3.800886e-21   3.844120e-21   2.411922e-20   4.216001e-20   4.792641e-20   0.000000e+00
         3.6000   2.255039e-24   1.947511e-23   1.459893e-22   3.687910e-22   1.057230e-23   2.214712e-21   3.166630e-22   3.588725e-21   3.629446e-21   2.277406e-20   5.834684e-20   4.516811e-20   0.000000e+00
         3.6500   2.141378e-24   1.843369e-23   1.379910e-22   3.484547e-22   9.992102e-24   2.091240e-21   3.080016e-22   3.388458e-21   3.426803e-21   2.150438e-20   5.508354e-20   4.275721e-20   0.000000e+00
         3.7000   2.034454e-24   1.745276e-23   1.304501e-22   3.292732e-22   9.444993e-24   1.974699e-21   2.908270e-22   3.199423e-21   3.235518e-21   2.030598e-20   5.200272e-20   4.037064e-20   0.000000e+00
         3.7500   1.933882e-24   1.652897e-23   1.233415e-22   3.111826e-22   2.815960e-23   1.864719e-21   2.746163e-22   3.020991e-21   3.054957e-21   1.917487e-20   4.908049e-20   3.803313e-20   0.000000e+00
         3.8000   1.839298e-24   1.565919e-23   1.166417e-22   2.941231e-22   2.663607e-23   1.760902e-21   3.164797e-22   4.401178e-21   3.161485e-21   1.810732e-20   4.633643e-20   3.586315e-20   0.000000e+00
         3.8500   1.750353e-24   1.484041e-23   1.103284e-22   2.780381e-22   2.520065e-23   1.662921e-21   2.988718e-22   4.155640e-21   2.985157e-21   1.709978e-20   4.374501e-20   5.088548e-20   0.000000e+00
         3.9000   1.666716e-24   1.406981e-23   1.043807e-22   2.628739e-22   2.384853e-23   1.570774e-21   2.822543e-22   3.923876e-21   2.818723e-21   1.614892e-20   4.130074e-20   4.812268e-20   0.000000e+00
         3.9500   1.588071e-24   1.334471e-23   9.877890e-23   2.485804e-22   2.257521e-23   1.483491e-21   2.665721e-22   3.705116e-21   2.661631e-21   1.525157e-20   3.899108e-20   4.543785e-20   0.000000e+00
         4.0000   1.514119e-24   1.266256e-23   9.350434e-23   2.351101e-22   8.636965e-23   1.401123e-21   4.560561e-22   3.498637e-21   2.513362e-21   1.440476e-20   3.676973e-20   4.290368e-20   0.000000e+00
         4.0500   1.444574e-24   1.202096e-23   8.853954e-23   2.224180e-22   8.174763e-23   1.326966e-21   4.307718e-22   3.303752e-21   2.373422e-21   1.360569e-20   3.472055e-20   4.061766e-20   0.000000e+00
         4.1000   1.379166e-24   1.141760e-23   8.386798e-23   2.104619e-22   7.739559e-23   1.253434e-21   4.069146e-22   3.119816e-21   2.241349e-21   1.285170e-20   3.278558e-20   3.836044e-20   0.000000e+00
         4.1500   1.317634e-24   1.085031e-23   7.947413e-23   2.622960e-22   7.329895e-23   1.184054e-21   3.844053e-22   2.946219e-21   2.116703e-21   1.214030e-20   3.095582e-20   3.615141e-20   0.000000e+00
         4.2000   1.259733e-24   1.031701e-23   7.534336e-23   2.481822e-22   6.944392e-23   1.118597e-21   3.631690e-22   2.782384e-21   1.999073e-21   1.146911e-20   2.924654e-20   3.413888e-20   0.000000e+00
         4.2500   1.205229e-24   9.815725e-24   7.146188e-23   2.348890e-22   1.972128e-22   1.078258e-21   3.431352e-22   2.627770e-21   1.888068e-21   1.083591e-20   2.754580e-20   3.225793e-20   0.000000e+00
         4.3000   1.153900e-24   9.344574e-24   6.781671e-23   2.223721e-22   1.867255e-22   1.018860e-21   7.146216e-22   2.481861e-21   1.783320e-21   1.023861e-20   3.183214e-20   3.041169e-20   0.000000e+00
         4.3500   1.105538e-24   8.901764e-24   6.439563e-23   2.105894e-22   1.768540e-22   9.628351e-22   6.751779e-22   2.344175e-21   1.684481e-21   9.675204e-21   3.006508e-20   2.872192e-20   0.000000e+00
         4.4000   1.059947e-24   8.485587e-24   6.118709e-23   1.995016e-22   1.675650e-22   9.099955e-22   6.379693e-22   2.214253e-21   1.591223e-21   9.143832e-21   2.838608e-20   2.712725e-20   0.000000e+00
         4.4500   1.016941e-24   8.094413e-24   5.818026e-23   1.890711e-22   1.588269e-22   9.366601e-22   6.028720e-22   2.091665e-21   1.503238e-21   8.642722e-21   2.685776e-20   2.562238e-20   0.000000e+00
         4.5000   9.763517e-25   7.726683e-24   5.536488e-23   1.792627e-22   1.506100e-22   8.855851e-22   5.697689e-22   2.460760e-21   1.506925e-21   8.170207e-21   2.534891e-20   2.417727e-20   0.000000e+00
         4.5500   9.380223e-25   7.380916e-24   5.273128e-23   1.700432e-22   1.428863e-22   8.374347e-22   5.385497e-22   2.324538e-21   1.423785e-21   7.724710e-21   2.403087e-20   2.811797e-20   0.000000e+00
         4.6000   9.018097e-25   7.055707e-24   5.027034e-23   1.613810e-22   1.356289e-22   7.920477e-22   5.091101e-22   2.196012e-21   1.345361e-21   7.304745e-21   2.269368e-20   2.655965e-20   0.000000e+00
         4.6500   8.675775e-25   6.749723e-24   4.797338e-23   1.532462e-22   2.571592e-22   7.492716e-22   4.813514e-22   2.074752e-21   1.271392e-21   6.908907e-21   2.135873e-20   2.508916e-20   0.000000e+00
         4.7000   8.352011e-25   6.461700e-24   4.583216e-23   1.456106e-22   2.438513e-22   8.635881e-22   8.364269e-22   1.960355e-21   1.201632e-21   6.535870e-21   2.017600e-20   2.370164e-20   0.000000e+00
         4.7500   8.045783e-25   6.190436e-24   4.383884e-23   1.384475e-22   2.313392e-22   8.173278e-22   7.906467e-22   1.852440e-21   1.135848e-21   6.184382e-21   1.904453e-20   2.239250e-20   0.000000e+00
         4.8000   7.756302e-25   5.934828e-24   4.198594e-23   1.317312e-22   2.195794e-22   7.737513e-22   7.474761e-22   1.750645e-21   1.073822e-21   5.853258e-21   1.798930e-20   2.115748e-20   0.000000e+00
         4.8500   7.482898e-25   5.693838e-24   4.026639e-23   1.254376e-22   2.085304e-22   7.327105e-22   7.067700e-22   1.654631e-21   1.015347e-21   5.541380e-21   1.704221e-20   1.999258e-20   0.000000e+00
         4.9000   7.224932e-25   5.466468e-24   3.867330e-23   1.195434e-22   1.981530e-22   6.940647e-22   6.683914e-22   1.564075e-21   9.602267e-22   5.247690e-21   1.610303e-20   1.889396e-20   0.000000e+00
         4.9500   6.981879e-25   5.251780e-24   3.719997e-23   1.140266e-22   1.884097e-22   6.576808e-22   6.322106e-22   1.478673e-21   9.082779e-22   4.971187e-21   1.531607e-20   1.785781e-20   0.000000e+00
         5.0000   6.753554e-25   5.048929e-24   3.583981e-23   1.088658e-22   1.792645e-22   6.234327e-22   5.981049e-22   1.398137e-21   8.593261e-22   4.710924e-21   1.444598e-20   1.688052e-20   0.000000e+00
         5.0500   6.540087e-25   4.857204e-24   3.458634e-23   1.040405e-22   1.706833e-22   5.912004e-22   5.659579e-22   1.322194e-21   8.132069e-22   4.466003e-21   1.367402e-20   1.595876e-20   0.000000e+00
         5.1000   6.341724e-25   4.675980e-24   3.343329e-23   9.953100e-23   1.626332e-22   7.119140e-22   5.356595e-22   1.250587e-21   7.697648e-22   4.235575e-21   1.295382e-20   1.508942e-20   0.000000e+00
         5.1500   6.158725e-25   4.504647e-24   3.237442e-23   9.531811e-23   1.550825e-22   6.752916e-22   5.071052e-22   1.183073e-21   7.288530e-22   4.018833e-21   1.222421e-20   1.426962e-20   0.000000e+00
         5.2000   5.991526e-25   4.342616e-24   3.140347e-23   9.138316e-23   1.480007e-22   6.408292e-22   4.801956e-22   1.119419e-21   6.903327e-22   3.815014e-21   1.156895e-20   1.349662e-20   0.000000e+00
         5.2500   5.840815e-25   4.189407e-24   3.051406e-23   8.770800e-23   1.413583e-22   6.084023e-22   4.548365e-22   1.059407e-21   6.540726e-22   3.623391e-21   1.094558e-20   1.276796e-20   0.000000e+00
         5.3000   5.707492e-25   4.044729e-24   2.969990e-23   8.427488e-23   1.351268e-22   5.778917e-22   4.309381e-22   1.002829e-21   6.199484e-22   3.443275e-21   1.034952e-20   1.208129e-20   0.000000e+00
         5.3500   5.592627e-25   3.908381e-24   2.895462e-23   8.106632e-23   1.694166e-22   5.491836e-22   4.084148e-22   9.494884e-22   5.878425e-22   3.274007e-21   9.772885e-21   1.143428e-20   0.000000e+00
         5.4000   5.497596e-25   3.780171e-24   2.827137e-23   7.806527e-23   1.617594e-22   5.221692e-22   5.064971e-22   8.991987e-22   5.576436e-22   3.114964e-21   9.227398e-21   1.082475e-20   0.000000e+00
         5.4500   5.423997e-25   3.659947e-24   2.764303e-23   7.525516e-23   1.545575e-22   4.967440e-22   4.798736e-22   8.517826e-22   5.292461e-22   2.965552e-21   8.736653e-21   1.025062e-20   0.000000e+00
         5.5000   5.373571e-25   3.547647e-24   2.706327e-23   7.261954e-23   1.477786e-22   4.728083e-22   4.547649e-22   8.070714e-22   5.025497e-22   2.825206e-21   8.274884e-21   9.709919e-21   0.000000e+00
         5.5500   5.348159e-25   3.443306e-24   2.652624e-23   7.014175e-23   1.413913e-22   4.502658e-22   4.310790e-22   7.649046e-22   4.774595e-22   2.693386e-21   7.840681e-21   9.200725e-21   0.000000e+00
         5.6000   5.349857e-25   3.347033e-24   2.602493e-23   6.780602e-23   1.353656e-22   4.290238e-22   4.087286e-22   7.251290e-22   4.538845e-22   2.569576e-21   7.444726e-21   8.721138e-21   0.000000e+00
         5.6500   5.381167e-25   3.259041e-24   2.555123e-23   6.559825e-23   1.296721e-22   4.089950e-22   3.876295e-22   6.875986e-22   4.317384e-22   2.453282e-21   7.074516e-21   8.269385e-21   0.000000e+00
         5.7000   5.444995e-25   3.179664e-24   2.509777e-23   6.350451e-23   1.242827e-22   3.900957e-22   3.677024e-22   6.521742e-22   4.109402e-22   2.344030e-21   6.717013e-21   7.843838e-21   0.000000e+00
         5.7500   5.544562e-25   3.109273e-24   2.465989e-23   6.150905e-23   1.191708e-22   3.722411e-22   3.488722e-22   6.187248e-22   3.914124e-22   2.241367e-21   6.380968e-21   7.442961e-21   0.000000e+00
         5.8000   5.683399e-25   3.048240e-24   2.423433e-23   5.959590e-23   1.143114e-22   3.553506e-22   3.310654e-22   5.871267e-22   3.730774e-22   2.144859e-21   6.058346e-21   7.065334e-21   0.000000e+00
         5.8500   5.865365e-25   2.996970e-24   2.381625e-23   5.775243e-23   1.096799e-22   3.840516e-22   3.142105e-22   5.572601e-22   3.558651e-22   2.054090e-21   5.762973e-21   6.709649e-21   0.000000e+00
         5.9000   6.094735e-25   2.955960e-24   2.339754e-23   5.597030e-23   1.052529e-22   3.665040e-22   2.982433e-22   5.290058e-22   3.397138e-22   1.968669e-21   5.469434e-21   6.374728e-21   0.000000e+00
         5.9500   6.376283e-25   2.925858e-24   2.297019e-23   5.424221e-23   1.010090e-22   3.498571e-22   2.831077e-22   5.022545e-22   3.245577e-22   1.888225e-21   5.202867e-21   6.059466e-21   0.000000e+00
         6.0000   6.715330e-25   2.907406e-24   2.253027e-23   5.255654e-23   9.692947e-23   3.340215e-22   2.687465e-22   4.769130e-22   3.103132e-22   1.812385e-21   4.950419e-21   5.762780e-21   0.000000e+00
         6.0500   7.117804e-25   2.901408e-24   2.207665e-23   5.089934e-23   9.299770e-23   3.189186e-22   2.550953e-22   4.528928e-22   2.969179e-22   1.740771e-21   4.712640e-21   5.483588e-21   0.000000e+00
         6.1000   7.590322e-25   2.908712e-24   2.160818e-23   4.925974e-23   8.919770e-23   3.045071e-22   2.420908e-22   4.300898e-22   2.843520e-22   1.673054e-21   4.491060e-21   5.220840e-21   0.000000e+00
         6.1500   8.140303e-25   2.930217e-24   2.112275e-23   4.763405e-23   8.551379e-23   2.907619e-22   2.296906e-22   4.083955e-22   2.725960e-22   1.608972e-21   4.273599e-21   4.973534e-21   0.000000e+00
         6.2000   8.776001e-25   2.966909e-24   2.061905e-23   4.602072e-23   8.193223e-23   2.776378e-22   2.178697e-22   3.877275e-22   2.615465e-22   1.548261e-21   4.075846e-21   4.740707e-21   0.000000e+00
         6.2500   9.506580e-25   3.019864e-24   2.009540e-23   4.441740e-23   7.844297e-23   2.650500e-22   2.066031e-22   3.680463e-22   2.510551e-22   1.490567e-21   3.889909e-21   4.521449e-21   0.000000e+00
         6.3000   1.034223e-24   3.090259e-24   1.954909e-23   4.282163e-23   7.503843e-23   2.529151e-22   1.958384e-22   3.493220e-22   2.410614e-22   1.435494e-21   3.715015e-21   4.314892e-21   0.000000e+00
         6.3500   1.129432e-24   3.179391e-24   1.897845e-23   4.123188e-23   7.171237e-23   2.411977e-22   1.855155e-22   3.314813e-22   2.316476e-22   1.382805e-21   3.550341e-21   4.120191e-21   0.000000e+00
         6.4000   1.237559e-24   3.288697e-24   1.838586e-23   3.964465e-23   6.845963e-23   2.298947e-22   1.755912e-22   3.144129e-22   2.229149e-22   1.332447e-21   3.392708e-21   3.936576e-21   0.000000e+00
         6.4500   1.360028e-24   3.419755e-24   1.777542e-23   3.805624e-23   6.527666e-23   2.190022e-22   1.660550e-22   2.980188e-22   2.147815e-22   1.284399e-21   3.246376e-21   3.763325e-21   0.000000e+00
         6.5000   1.498424e-24   3.574272e-24   1.715057e-23   3.646659e-23   6.216064e-23   2.085017e-22   1.569033e-22   2.822690e-22   2.070137e-22   1.238372e-21   3.108222e-21   3.599750e-21   0.000000e+00
         6.5500   1.654515e-24   3.754097e-24   1.651284e-23   3.488128e-23   5.910945e-23   1.983741e-22   1.481279e-22   2.671631e-22   1.994247e-22   1.193903e-21   2.977696e-21   3.445202e-21   0.000000e+00
         6.6000   1.830276e-24   3.961246e-24   1.586380e-23   3.330657e-23   5.612248e-23   1.885868e-22   1.397144e-22   2.527005e-22   1.920614e-22   1.150623e-21   2.854296e-21   3.299067e-21   0.000000e+00
         6.6500   2.027911e-24   4.197942e-24   1.520562e-23   3.174632e-23   5.320176e-23   1.790942e-22   1.316455e-22   2.388591e-22   1.850304e-22   1.108505e-21   2.737573e-21   3.160789e-21   0.000000e+00
         6.7000   2.249881e-24   4.466640e-24   1.454144e-23   3.020256e-23   5.035039e-23   1.698601e-22   1.238893e-22   2.256107e-22   1.784039e-22   1.067631e-21   2.627057e-21   3.029828e-21   0.000000e+00
         6.7500   2.498935e-24   4.770024e-24   1.387456e-23   2.867762e-23   4.757140e-23   1.608938e-22   1.164161e-22   2.128971e-22   1.721682e-22   1.028051e-21   2.522304e-21   2.905652e-21   0.000000e+00
         6.8000   2.778140e-24   5.111029e-24   1.320817e-23   2.717500e-23   4.486728e-23   1.522219e-22   1.092156e-22   2.006554e-22   1.662996e-22   9.896891e-22   2.422874e-21   2.787776e-21   0.000000e+00
         6.8500   3.090918e-24   5.492866e-24   1.254533e-23   2.569889e-23   4.224069e-23   1.438606e-22   1.023012e-22   1.888457e-22   1.606635e-22   9.524374e-22   2.328261e-21   2.675718e-21   0.000000e+00
         6.9000   3.441086e-24   5.919061e-24   1.188913e-23   2.425333e-23   3.969453e-23   1.357982e-22   9.568672e-23   1.774878e-22   1.550905e-22   9.160352e-22   2.237979e-21   2.568956e-21   0.000000e+00
         6.9500   3.832903e-24   6.393485e-24   1.124245e-23   2.284207e-23   3.723188e-23   1.280194e-22   8.937102e-23   1.666127e-22   1.494887e-22   8.802240e-22   2.151723e-21   2.467008e-21   0.000000e+00
         7.0000   4.271116e-24   6.920392e-24   1.060715e-23   2.146875e-23   3.485559e-23   1.205139e-22   8.334242e-23   1.562319e-22   1.439688e-22   8.448929e-22   2.069230e-21   2.369533e-21   0.000000e+00
         7.0500   4.761023e-24   7.504452e-24   9.984545e-24   2.013692e-23   3.256816e-23   1.132835e-22   7.758962e-23   1.463221e-22   1.386594e-22   8.102091e-22   1.990013e-21   2.276209e-21   0.000000e+00
         7.1000   5.308530e-24   8.150788e-24   9.376406e-24   1.884914e-23   3.037165e-23   1.063321e-22   7.210664e-23   1.368563e-22   1.336036e-22   7.763678e-22   1.913587e-21   2.186564e-21   0.000000e+00
         7.1500   5.920220e-24   8.865014e-24   8.785157e-24   1.760639e-23   2.826778e-23   9.966283e-23   6.689178e-23   1.278137e-22   1.287247e-22   7.434283e-22   1.839774e-21   2.100165e-21   0.000000e+00
         7.2000   6.603433e-24   9.653282e-24   8.212973e-24   1.640943e-23   2.625769e-23   9.327783e-23   6.194296e-23   1.191892e-22   1.239480e-22   7.112810e-22   1.768594e-21   2.016801e-21   0.000000e+00
         7.2500   7.366349e-24   1.052233e-23   7.661155e-24   1.526020e-23   2.434163e-23   8.718007e-23   5.725784e-23   1.109805e-22   1.192321e-22   6.798135e-22   1.700069e-21   1.936408e-21   0.000000e+00
         7.3000   8.218080e-24   1.147956e-23   7.130433e-24   1.416099e-23   2.251930e-23   8.137006e-23   5.283434e-23   1.031850e-22   1.145837e-22   6.489718e-22   1.633826e-21   1.858911e-21   0.000000e+00
         7.3500   9.168782e-24   1.253305e-23   6.621362e-24   1.311330e-23   2.079032e-23   7.583760e-23   4.866983e-23   9.580057e-23   1.100120e-22   6.187903e-22   1.569236e-21   1.783945e-21   0.000000e+00
         7.4000   1.022976e-23   1.369168e-23   6.134547e-24   1.211728e-23   1.915424e-23   7.056889e-23   4.475605e-23   8.882421e-23   1.055237e-22   5.893156e-22   1.506130e-21   1.711006e-21   0.000000e+00
         7.4500   1.141362e-23   1.496516e-23   5.670539e-24   1.117256e-23   1.761017e-23   6.555775e-23   4.107975e-23   8.224582e-23   1.011325e-22   5.605908e-22   1.444734e-21   1.639946e-21   0.000000e+00
         7.5000   1.273436e-23   1.636413e-23   5.229704e-24   1.027867e-23   1.615652e-23   6.080834e-23   3.762861e-23   7.604280e-23   9.685780e-23   5.326601e-22   1.385122e-21   1.570866e-21   0.000000e+00
         7.5500   1.420761e-23   1.790022e-23   4.812201e-24   9.435228e-24   1.479128e-23   5.632412e-23   3.439841e-23   7.019118e-23   9.269969e-23   5.055628e-22   1.327050e-21   1.503758e-21   0.000000e+00
         7.6000   1.585072e-23   1.958618e-23   4.417987e-24   8.641669e-24   1.351215e-23   5.210017e-23   3.138694e-23   6.468099e-23   8.861527e-23   4.792999e-22   1.270385e-21   1.438430e-21   0.000000e+00
         7.6500   1.768302e-23   2.143595e-23   4.046870e-24   7.897186e-24   1.231672e-23   4.812567e-23   2.858942e-23   5.951239e-23   8.456039e-23   4.538187e-22   1.215213e-21   1.374797e-21   0.000000e+00
         7.7000   1.972599e-23   2.346477e-23   3.698535e-24   7.200697e-24   1.120236e-23   4.438926e-23   2.599524e-23   5.468387e-23   8.054837e-23   4.290694e-22   1.161357e-21   1.312907e-21   0.000000e+00
         7.7500   2.200352e-23   2.568931e-23   3.372552e-24   6.550900e-24   1.016627e-23   4.088210e-23   2.359272e-23   5.018237e-23   7.662589e-23   4.050878e-22   1.108452e-21   1.252588e-21   0.000000e+00
         7.8000   2.454218e-23   2.812778e-23   3.068394e-24   5.946327e-24   9.205436e-24   3.759706e-23   2.137076e-23   4.598906e-23   7.283235e-23   3.819478e-22   1.056572e-21   1.193574e-21   0.000000e+00
         7.8500   2.737148e-23   3.080007e-23   2.785439e-24   5.385370e-24   8.316707e-24   3.452655e-23   1.932019e-23   4.208510e-23   6.916380e-23   3.597118e-22   1.006066e-21   1.135936e-21   0.000000e+00
         7.9000   3.052420e-23   3.372792e-23   2.522976e-24   4.866313e-24   7.496814e-24   3.166230e-23   1.743230e-23   3.845546e-23   6.560234e-23   3.383738e-22   9.570873e-22   1.079910e-21   0.000000e+00
         7.9500   3.403674e-23   3.693505e-23   2.280217e-24   4.387350e-24   6.742404e-24   2.899507e-23   1.569839e-23   3.508778e-23   6.213494e-23   3.179036e-22   9.095095e-22   1.025587e-21   0.000000e+00
         8.0000   3.794954e-23   4.044735e-23   2.056319e-24   3.946596e-24   6.050075e-24   2.651554e-23   1.410957e-23   3.196973e-23   5.876361e-23   2.982733e-22   8.632121e-22   9.728874e-22   0.000000e+00
         8.0500   4.230743e-23   4.429306e-23   1.850392e-24   3.542111e-24   5.416395e-24   2.421450e-23   1.265687e-23   2.908858e-23   5.549629e-23   2.794776e-22   8.181945e-22   9.217442e-22   0.000000e+00
         8.1000   4.716016e-23   4.850298e-23   1.661512e-24   3.171921e-24   4.837932e-24   2.208290e-23   1.133153e-23   2.643083e-23   5.233979e-23   2.615211e-22   7.745243e-22   8.721647e-22   0.000000e+00
         8.1500   5.256291e-23   5.311067e-23   1.488739e-24   2.834032e-24   4.311274e-24   2.011202e-23   1.012506e-23   2.398312e-23   4.929787e-23   2.444036e-22   7.322572e-22   8.241905e-22   0.000000e+00
         8.2000   5.857678e-23   5.815272e-23   1.331121e-24   2.526453e-24   3.833054e-24   1.829322e-23   9.029263e-24   2.173257e-23   4.637112e-23   2.281172e-22   6.914172e-22   7.778553e-22   0.000000e+00
         8.2500   6.526951e-23   6.366895e-23   1.187708e-24   2.247211e-24   3.399968e-24   1.661794e-23   8.036326e-24   1.966681e-23   4.355950e-23   2.126454e-22   6.520019e-22   7.331753e-22   0.000000e+00
         8.3000   7.271607e-23   6.970270e-23   1.057560e-24   1.994370e-24   3.008798e-24   1.507765e-23   7.138719e-24   1.777413e-23   4.086259e-23   1.979699e-22   6.140180e-22   6.901514e-22   0.000000e+00
         8.3500   8.099943e-23   7.630116e-23   9.397532e-25   1.766039e-24   2.656424e-24   1.366400e-23   6.329230e-24   1.604328e-23   3.828004e-23   1.840716e-22   5.775251e-22   6.487923e-22   0.000000e+00
         8.4000   9.021134e-23   8.351559e-23   8.333917e-25   1.560384e-24   2.339841e-24   1.236881e-23   5.600970e-24   1.446338e-23   3.581165e-23   1.709311e-22   5.425420e-22   6.091407e-22   0.000000e+00
         8.4500   1.004532e-22   9.140174e-23   7.376076e-25   1.375639e-24   2.056170e-24   1.118414e-23   4.947370e-24   1.302388e-23   3.345688e-23   1.585295e-22   5.089599e-22   5.711966e-22   0.000000e+00
         8.5000   1.118371e-22   1.000201e-22   6.515662e-25   1.210109e-24   1.802665e-24   1.010234e-23   4.362183e-24   1.171464e-23   3.121473e-23   1.468469e-22   4.767130e-22   5.348718e-22   0.000000e+00
         8.5500   1.244866e-22   1.094364e-22   5.744690e-25   1.062180e-24   1.576719e-24   9.116058e-24   3.839506e-24   1.052594e-23   2.908386e-23   1.358608e-22   4.458853e-22   5.001191e-22   0.000000e+00
         8.6000   1.385382e-22   1.197219e-22   5.055558e-25   9.303220e-25   1.375874e-24   8.218221e-24   3.373774e-24   9.448459e-24   2.706248e-23   1.255472e-22   4.165523e-22   4.669881e-22   0.000000e+00
         8.6500   1.541422e-22   1.309538e-22   4.441063e-25   8.130908e-25   1.197815e-24   7.402090e-24   2.959770e-24   8.473400e-24   2.514839e-23   1.158810e-22   3.886825e-22   4.355130e-22   0.000000e+00
         8.7000   1.714642e-22   1.432157e-22   3.894419e-25   7.091310e-25   1.040376e-24   6.661280e-24   2.592609e-24   7.592401e-24   2.333909e-23   1.068357e-22   3.622061e-22   4.056537e-22   0.000000e+00
         8.7500   1.906864e-22   1.565982e-22   3.409272e-25   6.171755e-25   9.015411e-25   5.989788e-24   2.267733e-24   6.797559e-24   2.163187e-23   9.838456e-23   3.370705e-22   3.773488e-22   0.000000e+00
         8.8000   2.120091e-22   1.711992e-22   2.979691e-25   5.360444e-25   7.794360e-25   5.381968e-24   1.980911e-24   6.081450e-24   2.002382e-23   9.050067e-23   3.132560e-22   3.505477e-22   0.000000e+00
         8.8500   2.356523e-22   1.871243e-22   2.600171e-25   4.646437e-25   6.723298e-25   4.832512e-24   1.728227e-24   5.437129e-24   1.851185e-23   8.315688e-23   2.907421e-22   3.252181e-22   0.000000e+00
         8.9000   2.618573e-22   2.044876e-22   2.265619e-25   4.019631e-25   5.786287e-25   4.336442e-24   1.506078e-24   4.858147e-24   1.709267e-23   7.632606e-23   2.695006e-22   3.013255e-22   0.000000e+00
         8.9500   2.908889e-22   2.234123e-22   1.971340e-25   3.470734e-25   4.968709e-25   3.889100e-24   1.311160e-24   4.338523e-24   1.576282e-23   6.998134e-23   2.494927e-22   2.788302e-22   0.000000e+00
         9.0000   3.230365e-22   2.440307e-22   1.713029e-25   2.991234e-25   4.257213e-25   3.486124e-24   1.140458e-24   3.872713e-24   1.451876e-23   6.409640e-23   2.306762e-22   2.576859e-22   0.000000e+00
