# CIE bound-bound cooling efficiency for H (Z=1)
# Source: CHIANTI v11.0.2 via ChiantiPy ion.boundBoundLoss
# Units: erg cm^3 / s, per ion per electron, low-density limit (n_e = 1 cm^-3)
# T grid: 121 log-spaced points, 10^3.00 K -> 10^9.00 K
# Generated by pyathena/photchem/data/build_cool_tables.py
#
# log_T_K        L_H0           L_H1         
         3.0000   5.152045e-70   8.182306e-24
         3.0500   1.901889e-64   7.744681e-24
         3.1000   1.732959e-59   7.332513e-24
         3.1500   4.538570e-55   6.944452e-24
         3.2000   3.913082e-51   6.579188e-24
         3.2500   1.253500e-47   6.235480e-24
         3.3000   1.661737e-44   5.912154e-24
         3.3500   1.003630e-41   5.608097e-24
         3.4000   3.008619e-39   5.322217e-24
         3.4500   4.831901e-37   5.053439e-24
         3.5000   4.450515e-35   4.801000e-24
         3.5500   2.498246e-33   4.563879e-24
         3.6000   9.022853e-32   4.341173e-24
         3.6500   2.200698e-30   4.132104e-24
         3.7000   3.784915e-29   3.935963e-24
         3.7500   4.770778e-28   3.752117e-24
         3.8000   4.561544e-27   3.579967e-24
         3.8500   3.411548e-26   3.418928e-24
         3.9000   2.051017e-25   3.268422e-24
         3.9500   1.015555e-24   3.127895e-24
         4.0000   4.231565e-24   2.996825e-24
         4.0500   1.512308e-23   2.874717e-24
         4.1000   4.714646e-23   2.761116e-24
         4.1500   1.301409e-22   2.655589e-24
         4.2000   3.223158e-22   2.557727e-24
         4.2500   7.246927e-22   2.467173e-24
         4.3000   1.494745e-21   2.383601e-24
         4.3500   2.854721e-21   2.306711e-24
         4.4000   5.090413e-21   2.236232e-24
         4.4500   8.538082e-21   2.171926e-24
         4.5000   1.356028e-20   2.113592e-24
         4.5500   2.051411e-20   2.061042e-24
         4.6000   2.971713e-20   2.014105e-24
         4.6500   4.141644e-20   1.972639e-24
         4.7000   5.576474e-20   1.936501e-24
         4.7500   7.280534e-20   1.905527e-24
         4.8000   9.246836e-20   1.879581e-24
         4.8500   1.145772e-19   1.858588e-24
         4.9000   1.388619e-19   1.842430e-24
         4.9500   1.649775e-19   1.830863e-24
         5.0000   1.925254e-19   1.823635e-24
         5.0500   2.210750e-19   1.820545e-24
         5.1000   2.501853e-19   1.821392e-24
         5.1500   2.794244e-19   1.825858e-24
         5.2000   3.083987e-19   1.833389e-24
         5.2500   3.367900e-19   1.843357e-24
         5.3000   3.643318e-19   1.855380e-24
         5.3500   3.907996e-19   1.869195e-24
         5.4000   4.160074e-19   1.884535e-24
         5.4500   4.398038e-19   1.901150e-24
         5.5000   4.620675e-19   1.918993e-24
         5.5500   4.827041e-19   1.938202e-24
         5.6000   5.016429e-19   1.958883e-24
         5.6500   5.188340e-19   1.981250e-24
         5.7000   5.342465e-19   2.005815e-24
         5.7500   5.478663e-19   2.033208e-24
         5.8000   5.596946e-19   2.063987e-24
         5.8500   5.697467e-19   2.098660e-24
         5.9000   5.780505e-19   2.137758e-24
         5.9500   5.846454e-19   2.181857e-24
         6.0000   5.895813e-19   2.231466e-24
         6.0500   5.929167e-19   2.287102e-24
         6.1000   5.947185e-19   2.349300e-24
         6.1500   5.950597e-19   2.418533e-24
         6.2000   5.940190e-19   2.495244e-24
         6.2500   5.916793e-19   2.579901e-24
         6.3000   5.881263e-19   2.672940e-24
         6.3500   5.834478e-19   2.774749e-24
         6.4000   5.777321e-19   2.885764e-24
         6.4500   5.710677e-19   3.006479e-24
         6.5000   5.635420e-19   3.137391e-24
         6.5500   5.552405e-19   3.278971e-24
         6.6000   5.462467e-19   3.431716e-24
         6.6500   5.366407e-19   3.596158e-24
         6.7000   5.264997e-19   3.772871e-24
         6.7500   5.158970e-19   3.962463e-24
         6.8000   5.049019e-19   4.165572e-24
         6.8500   4.935798e-19   4.382883e-24
         6.9000   4.819918e-19   4.615123e-24
         6.9500   4.701950e-19   4.864997e-24
         7.0000   4.582422e-19   5.135990e-24
         7.0500   4.461821e-19   5.424286e-24
         7.1000   4.340594e-19   5.730843e-24
         7.1500   4.219151e-19   6.056674e-24
         7.2000   4.097862e-19   6.402856e-24
         7.2500   3.977065e-19   6.770533e-24
         7.3000   3.857063e-19   7.160916e-24
         7.3500   3.738127e-19   7.575292e-24
         7.4000   3.620499e-19   8.015024e-24
         7.4500   3.504393e-19   8.481562e-24
         7.5000   3.389998e-19   8.976441e-24
         7.5500   3.277477e-19   9.501291e-24
         7.6000   3.166972e-19   1.005784e-23
         7.6500   3.058605e-19   1.064793e-23
         7.7000   2.952477e-19   1.127349e-23
         7.7500   2.848674e-19   1.193659e-23
         7.8000   2.747265e-19   1.263943e-23
         7.8500   2.648304e-19   1.338431e-23
         7.9000   2.551833e-19   1.417370e-23
         7.9500   2.457881e-19   1.501020e-23
         8.0000   2.366466e-19   1.589657e-23
         8.0500   2.277599e-19   1.683576e-23
         8.1000   2.191277e-19   1.783085e-23
         8.1500   2.107495e-19   1.888514e-23
         8.2000   2.026237e-19   2.000212e-23
         8.2500   1.947482e-19   2.118547e-23
         8.3000   1.871205e-19   2.243913e-23
         8.3500   1.797372e-19   2.376723e-23
         8.4000   1.725951e-19   2.517417e-23
         8.4500   1.656900e-19   2.666462e-23
         8.5000   1.590179e-19   2.824350e-23
         8.5500   1.525741e-19   2.991604e-23
         8.6000   1.463541e-19   3.168779e-23
         8.6500   1.403529e-19   3.356461e-23
         8.7000   1.345655e-19   3.555272e-23
         8.7500   1.289867e-19   3.765870e-23
         8.8000   1.236112e-19   3.988954e-23
         8.8500   1.184338e-19   4.225262e-23
         8.9000   1.134491e-19   4.475578e-23
         8.9500   1.086517e-19   4.740731e-23
         9.0000   1.040362e-19   5.021599e-23
