# CIE bound-bound cooling efficiency for He (Z=2)
# Source: CHIANTI v11.0.2 via ChiantiPy ion.boundBoundLoss
# Units: erg cm^3 / s, per ion per electron, low-density limit (n_e = 1 cm^-3)
# T grid: 121 log-spaced points, 10^3.00 K -> 10^9.00 K
# Generated by pyathena/photchem/data/build_cool_tables.py
#
# log_T_K        L_He0          L_He1          L_He2        
         3.0000   2.410506e-23   1.286873e-22   0.000000e+00
         3.0500   2.277894e-23   1.215564e-22   0.000000e+00
         3.1000   2.153016e-23   1.148274e-22   0.000000e+00
         3.1500   2.034290e-23   1.084782e-22   0.000000e+00
         3.2000   1.922972e-23   1.024878e-22   0.000000e+00
         3.2500   1.818035e-23   9.683661e-23   0.000000e+00
         3.3000   1.718284e-23   9.150650e-23   0.000000e+00
         3.3500   1.626311e-23   8.647963e-23   0.000000e+00
         3.4000   1.540645e-23   8.173854e-23   0.000000e+00
         3.4500   1.457627e-23   7.726675e-23   0.000000e+00
         3.5000   1.380614e-23   7.304906e-23   0.000000e+00
         3.5500   1.307927e-23   6.907137e-23   0.000000e+00
         3.6000   1.238949e-23   6.532038e-23   0.000000e+00
         3.6500   1.174457e-23   6.178365e-23   0.000000e+00
         3.7000   1.113260e-23   5.844998e-23   0.000000e+00
         3.7500   1.057492e-23   5.530849e-23   0.000000e+00
         3.8000   1.005885e-23   5.234854e-23   0.000000e+00
         3.8500   9.555059e-24   4.956012e-23   0.000000e+00
         3.9000   9.092674e-24   4.693370e-23   0.000000e+00
         3.9500   8.656497e-24   4.446023e-23   0.000000e+00
         4.0000   8.238303e-24   4.213088e-23   0.000000e+00
         4.0500   7.853211e-24   3.993691e-23   0.000000e+00
         4.1000   7.487275e-24   3.787026e-23   0.000000e+00
         4.1500   7.144979e-24   3.592350e-23   0.000000e+00
         4.2000   6.825580e-24   3.408960e-23   0.000000e+00
         4.2500   6.527374e-24   3.236208e-23   0.000000e+00
         4.3000   6.244855e-24   3.073501e-23   0.000000e+00
         4.3500   5.984409e-24   2.920303e-23   0.000000e+00
         4.4000   5.734533e-24   2.776104e-23   0.000000e+00
         4.4500   5.510677e-24   2.640405e-23   0.000000e+00
         4.5000   5.302529e-24   2.512707e-23   0.000000e+00
         4.5500   5.103820e-24   2.392529e-23   0.000000e+00
         4.6000   4.921749e-24   2.279412e-23   0.000000e+00
         4.6500   4.751107e-24   2.172913e-23   0.000000e+00
         4.7000   4.588361e-24   2.072617e-23   0.000000e+00
         4.7500   4.438379e-24   1.978123e-23   0.000000e+00
         4.8000   4.300620e-24   1.889047e-23   0.000000e+00
         4.8500   4.169884e-24   1.805037e-23   0.000000e+00
         4.9000   4.048620e-24   1.725762e-23   0.000000e+00
         4.9500   3.935358e-24   1.650908e-23   0.000000e+00
         5.0000   3.829825e-24   1.580176e-23   0.000000e+00
         5.0500   3.730395e-24   1.513288e-23   0.000000e+00
         5.1000   3.636145e-24   1.449989e-23   0.000000e+00
         5.1500   3.548121e-24   1.390030e-23   0.000000e+00
         5.2000   3.464305e-24   1.333167e-23   0.000000e+00
         5.2500   3.384790e-24   1.279180e-23   0.000000e+00
         5.3000   3.308482e-24   1.227843e-23   0.000000e+00
         5.3500   3.235024e-24   1.178914e-23   0.000000e+00
         5.4000   3.164055e-24   1.132179e-23   0.000000e+00
         5.4500   3.094387e-24   1.087488e-23   0.000000e+00
         5.5000   3.026385e-24   1.044684e-23   0.000000e+00
         5.5500   2.958918e-24   1.003544e-23   0.000000e+00
         5.6000   2.891848e-24   9.638810e-24   0.000000e+00
         5.6500   2.824970e-24   9.256094e-24   0.000000e+00
         5.7000   2.757868e-24   8.887061e-24   0.000000e+00
         5.7500   2.690222e-24   8.531250e-24   0.000000e+00
         5.8000   2.621936e-24   8.186765e-24   0.000000e+00
         5.8500   2.552781e-24   7.851384e-24   0.000000e+00
         5.9000   2.482362e-24   7.524711e-24   0.000000e+00
         5.9500   2.410633e-24   7.207224e-24   0.000000e+00
         6.0000   2.337852e-24   6.898732e-24   0.000000e+00
         6.0500   2.264192e-24   6.598333e-24   0.000000e+00
         6.1000   2.189650e-24   6.305765e-24   0.000000e+00
         6.1500   2.114255e-24   6.021221e-24   0.000000e+00
         6.2000   2.038143e-24   5.743721e-24   0.000000e+00
         6.2500   1.961523e-24   5.472158e-24   0.000000e+00
         6.3000   1.884622e-24   5.207097e-24   0.000000e+00
         6.3500   1.807669e-24   4.949601e-24   0.000000e+00
         6.4000   1.730884e-24   4.699927e-24   0.000000e+00
         6.4500   1.654498e-24   4.457692e-24   0.000000e+00
         6.5000   1.578783e-24   4.222614e-24   0.000000e+00
         6.5500   1.503992e-24   3.994779e-24   0.000000e+00
         6.6000   1.430268e-24   3.774376e-24   0.000000e+00
         6.6500   1.357756e-24   3.561552e-24   0.000000e+00
         6.7000   1.286707e-24   3.356371e-24   0.000000e+00
         6.7500   1.217361e-24   3.158832e-24   0.000000e+00
         6.8000   1.149867e-24   2.968997e-24   0.000000e+00
         6.8500   1.084322e-24   2.787070e-24   0.000000e+00
         6.9000   1.020820e-24   2.612981e-24   0.000000e+00
         6.9500   9.594587e-25   2.446306e-24   0.000000e+00
         7.0000   9.003225e-25   2.286906e-24   0.000000e+00
         7.0500   8.434741e-25   2.135026e-24   0.000000e+00
         7.1000   7.889556e-25   1.990785e-24   0.000000e+00
         7.1500   7.367930e-25   1.853964e-24   0.000000e+00
         7.2000   6.869986e-25   1.724279e-24   0.000000e+00
         7.2500   6.395727e-25   1.601512e-24   0.000000e+00
         7.3000   5.945048e-25   1.485517e-24   0.000000e+00
         7.3500   5.517735e-25   1.376132e-24   0.000000e+00
         7.4000   5.113465e-25   1.273170e-24   0.000000e+00
         7.4500   4.731823e-25   1.176413e-24   0.000000e+00
         7.5000   4.372310e-25   1.085635e-24   0.000000e+00
         7.5500   4.034350e-25   1.000607e-24   0.000000e+00
         7.6000   3.717307e-25   9.210964e-25   0.000000e+00
         7.6500   3.420489e-25   8.468730e-25   0.000000e+00
         7.7000   3.143159e-25   7.777034e-25   0.000000e+00
         7.7500   2.884546e-25   7.133499e-25   0.000000e+00
         7.8000   2.643847e-25   6.535744e-25   0.000000e+00
         7.8500   2.420239e-25   5.981390e-25   0.000000e+00
         7.9000   2.212889e-25   5.468072e-25   0.000000e+00
         7.9500   2.020954e-25   4.993470e-25   0.000000e+00
         8.0000   1.843596e-25   4.555316e-25   0.000000e+00
         8.0500   1.679981e-25   4.151400e-25   0.000000e+00
         8.1000   1.529288e-25   3.779577e-25   0.000000e+00
         8.1500   1.390710e-25   3.437772e-25   0.000000e+00
         8.2000   1.263463e-25   3.123989e-25   0.000000e+00
         8.2500   1.146790e-25   2.836311e-25   0.000000e+00
         8.3000   1.039959e-25   2.572910e-25   0.000000e+00
         8.3500   9.422711e-26   2.332039e-25   0.000000e+00
         8.4000   8.530579e-26   2.112040e-25   0.000000e+00
         8.4500   7.716841e-26   1.911334e-25   0.000000e+00
         8.5000   6.975475e-26   1.728427e-25   0.000000e+00
         8.5500   6.300802e-26   1.561916e-25   0.000000e+00
         8.6000   5.687479e-26   1.410484e-25   0.000000e+00
         8.6500   5.130500e-26   1.272902e-25   0.000000e+00
         8.7000   4.625184e-26   1.148023e-25   0.000000e+00
         8.7500   4.167167e-26   1.034777e-25   0.000000e+00
         8.8000   3.752385e-26   9.321696e-26   0.000000e+00
         8.8500   3.377070e-26   8.392786e-26   0.000000e+00
         8.9000   3.037737e-26   7.552507e-26   0.000000e+00
         8.9500   2.731167e-26   6.792987e-26   0.000000e+00
         9.0000   2.454397e-26   6.106973e-26   0.000000e+00
