# CIE bound-bound cooling efficiency for Ca (Z=20)
# Source: CHIANTI v11.0.2 via ChiantiPy ion.boundBoundLoss
# Units: erg cm^3 / s, per ion per electron, low-density limit (n_e = 1 cm^-3)
# T grid: 121 log-spaced points, 10^3.00 K -> 10^9.00 K
# Generated by pyathena/photchem/data/build_cool_tables.py
#
# log_T_K        L_Ca0          L_Ca1          L_Ca2          L_Ca3          L_Ca4          L_Ca5          L_Ca6          L_Ca7          L_Ca8          L_Ca9          L_Ca10         L_Ca11         L_Ca12         L_Ca13         L_Ca14         L_Ca15         L_Ca16         L_Ca17         L_Ca18         L_Ca19         L_Ca20       
         3.0000   0.000000e+00   4.700216e-26   1.880087e-25   4.230195e-25   7.520346e-25   1.175054e-24   1.692078e-24   2.303106e-24   3.008138e-24   3.807175e-24   4.700216e-24   5.687262e-24   6.768311e-24   7.943365e-24   9.212424e-24   1.057549e-23   1.203255e-23   1.358362e-23   1.522870e-23   1.696778e-23   1.880087e-23
         3.0500   0.000000e+00   4.978722e-26   1.991489e-25   4.480849e-25   7.965955e-25   1.244680e-24   1.792340e-24   2.439574e-24   3.186382e-24   4.032764e-24   4.978722e-24   6.024253e-24   7.169359e-24   8.414039e-24   9.758294e-24   1.120212e-23   1.274553e-23   1.438851e-23   1.613106e-23   1.797318e-23   1.991489e-23
         3.1000   0.000000e+00   5.273729e-26   2.109492e-25   4.746356e-25   8.437967e-25   1.318432e-24   1.898543e-24   2.584127e-24   3.375187e-24   4.271721e-24   5.273729e-24   6.381213e-24   7.594170e-24   8.912603e-24   1.033651e-23   1.186589e-23   1.350075e-23   1.524108e-23   1.708688e-23   1.903816e-23   2.109492e-23
         3.1500   0.000000e+00   5.599966e-26   2.234487e-25   5.027596e-25   8.937948e-25   1.396554e-24   2.011038e-24   2.737247e-24   3.575179e-24   4.524836e-24   5.586217e-24   6.759323e-24   8.044153e-24   9.440708e-24   1.094899e-23   1.256899e-23   1.430072e-23   1.614417e-23   1.809934e-23   2.016625e-23   2.234487e-23
         3.2000   0.000000e+00   5.953315e-26   2.366889e-25   5.325500e-25   9.467555e-25   1.479305e-24   2.130200e-24   2.899439e-24   3.787022e-24   4.792950e-24   5.917222e-24   7.159838e-24   8.520799e-24   1.000010e-23   1.159775e-23   1.331375e-23   1.514809e-23   1.710077e-23   1.917180e-23   2.136117e-23   2.366889e-23
         3.2500   0.000000e+00   6.330772e-26   2.507136e-25   5.641055e-25   1.002854e-24   1.566960e-24   2.256422e-24   3.071241e-24   4.011417e-24   5.076950e-24   6.267839e-24   7.584085e-24   9.025688e-24   1.059265e-23   1.228496e-23   1.410264e-23   1.604567e-23   1.811406e-23   2.030780e-23   2.262690e-23   2.507136e-23
         3.3000   0.000000e+00   6.734181e-26   2.655693e-25   5.975309e-25   1.062277e-24   1.659808e-24   2.390123e-24   3.253224e-24   4.249108e-24   5.377778e-24   6.639232e-24   8.033471e-24   9.560494e-24   1.122030e-23   1.301289e-23   1.493827e-23   1.699643e-23   1.918738e-23   2.151111e-23   2.396763e-23   2.655693e-23
         3.3500   0.000000e+00   7.165551e-26   2.813052e-25   6.329368e-25   1.125221e-24   1.758158e-24   2.531747e-24   3.445989e-24   4.500884e-24   5.696431e-24   7.032631e-24   8.509484e-24   1.012699e-23   1.188515e-23   1.378396e-23   1.582342e-23   1.800354e-23   2.032430e-23   2.278572e-23   2.538780e-23   2.813052e-23
         3.4000   0.000000e+00   7.627078e-26   2.979736e-25   6.704407e-25   1.191895e-24   1.862335e-24   2.681763e-24   3.650177e-24   4.767578e-24   6.033966e-24   7.449341e-24   9.013702e-24   1.072705e-23   1.258939e-23   1.460071e-23   1.676102e-23   1.907031e-23   2.152859e-23   2.413586e-23   2.689212e-23   2.979736e-23
         3.4500   0.000000e+00   8.121160e-26   3.166681e-25   7.101668e-25   1.262519e-24   1.972685e-24   2.840667e-24   3.866464e-24   5.050075e-24   6.391501e-24   7.890742e-24   9.547798e-24   1.136267e-23   1.333535e-23   1.546585e-23   1.775417e-23   2.020030e-23   2.280424e-23   2.556600e-23   2.848558e-23   3.156297e-23
         3.5000   0.000000e+00   8.650416e-26   3.366716e-25   7.522468e-25   1.337328e-24   2.089574e-24   3.008987e-24   4.095566e-24   5.349311e-24   6.770221e-24   8.358298e-24   1.011354e-23   1.203595e-23   1.412552e-23   1.638226e-23   1.880617e-23   2.139724e-23   2.415548e-23   2.708088e-23   3.017346e-23   3.343319e-23
         3.5500   0.000000e+00   9.217704e-26   3.580423e-25   7.968202e-25   1.416569e-24   2.213390e-24   3.187281e-24   4.338243e-24   5.666277e-24   7.171382e-24   8.853558e-24   1.071281e-23   1.274912e-23   1.496251e-23   1.735297e-23   1.992051e-23   2.266511e-23   2.558678e-23   2.868553e-23   3.196134e-23   3.541423e-23
         3.6000   0.000000e+00   9.826140e-26   3.808852e-25   8.440348e-25   1.500506e-24   2.344541e-24   3.376139e-24   4.595301e-24   6.002025e-24   7.596313e-24   9.378164e-24   1.134758e-23   1.350456e-23   1.584910e-23   1.838120e-23   2.110087e-23   2.400810e-23   2.710290e-23   3.038525e-23   3.385517e-23   3.751266e-23
         3.6500   0.000000e+00   1.047914e-25   4.053144e-25   8.940470e-25   1.589417e-24   2.483464e-24   3.576188e-24   4.867589e-24   6.357668e-24   8.046423e-24   9.933856e-24   1.201997e-23   1.430475e-23   1.678822e-23   1.947036e-23   2.235117e-23   2.543067e-23   2.870884e-23   3.218569e-23   3.586122e-23   3.973542e-23
         3.7000   0.000000e+00   1.118043e-25   4.314549e-25   9.470226e-25   1.683596e-24   2.630618e-24   3.788090e-24   5.156012e-24   6.734383e-24   8.523204e-24   1.052247e-23   1.273219e-23   1.515236e-23   1.778298e-23   2.062405e-23   2.367557e-23   2.693753e-23   3.040995e-23   3.409281e-23   3.798613e-23   4.208989e-23
         3.7500   0.000000e+00   1.193406e-25   4.594434e-25   1.003137e-24   1.783355e-24   2.786492e-24   4.012549e-24   5.461525e-24   7.133420e-24   9.028235e-24   1.114597e-23   1.348662e-23   1.605020e-23   1.883669e-23   2.184610e-23   2.507843e-23   2.853368e-23   3.221185e-23   3.611294e-23   4.023695e-23   4.458388e-23
         3.8000   0.000000e+00   1.274447e-25   4.894288e-25   1.062577e-24   1.889026e-24   2.951602e-24   4.250307e-24   5.785141e-24   7.556102e-24   9.563192e-24   1.180641e-23   1.428576e-23   1.700123e-23   1.995283e-23   2.314056e-23   2.656442e-23   3.022441e-23   3.412052e-23   3.825277e-23   4.262114e-23   4.722564e-23
         3.8500   0.000000e+00   1.361649e-25   5.215735e-25   1.125538e-24   2.000957e-24   3.126496e-24   4.502154e-24   6.127932e-24   8.003829e-24   1.012985e-23   1.250598e-23   1.513224e-23   1.800862e-23   2.113511e-23   2.451173e-23   2.813846e-23   3.201532e-23   3.614229e-23   4.051939e-23   4.514660e-23   5.002393e-23
         3.9000   0.000000e+00   1.455537e-25   5.560552e-25   1.192231e-24   2.119521e-24   3.311752e-24   4.768923e-24   6.491035e-24   8.478086e-24   1.073008e-23   1.324701e-23   1.602888e-23   1.907569e-23   2.238745e-23   2.596414e-23   2.980577e-23   3.391234e-23   3.828386e-23   4.292031e-23   4.782170e-23   5.298804e-23
         3.9500   0.000000e+00   1.556683e-25   5.930683e-25   1.262875e-24   2.245111e-24   3.507986e-24   5.051500e-24   6.875653e-24   8.980444e-24   1.136587e-23   1.403194e-23   1.697865e-23   2.020600e-23   2.371399e-23   2.750261e-23   3.157187e-23   3.592178e-23   4.055232e-23   4.546350e-23   5.065532e-23   5.612778e-23
         4.0000   0.000000e+00   1.665707e-25   6.328244e-25   1.337705e-24   2.378142e-24   3.715847e-24   5.350820e-24   7.283061e-24   9.512569e-24   1.203934e-23   1.486339e-23   1.798470e-23   2.140328e-23   2.511913e-23   2.913224e-23   3.344262e-23   3.805028e-23   4.295519e-23   4.815738e-23   5.365683e-23   5.945356e-23
         4.0500   0.000000e+00   1.783279e-25   6.755544e-25   1.418454e-24   2.519056e-24   3.936025e-24   5.667876e-24   7.714609e-24   1.007622e-23   1.275272e-23   1.574410e-23   1.905036e-23   2.267150e-23   2.660753e-23   3.085844e-23   3.542423e-23   4.030490e-23   4.550045e-23   5.101088e-23   5.683620e-23   6.297640e-23
         4.1000   0.000000e+00   1.910122e-25   7.215103e-25   1.507785e-24   2.668319e-24   4.169249e-24   6.003719e-24   8.171728e-24   1.067328e-23   1.350837e-23   1.667700e-23   2.017917e-23   2.401488e-23   2.818412e-23   3.268691e-23   3.752324e-23   4.269311e-23   4.819652e-23   5.403347e-23   6.020396e-23   6.670799e-23
         4.1500   0.000000e+00   2.047010e-25   7.709673e-25   1.603192e-24   2.826427e-24   4.416293e-24   6.359461e-24   8.655934e-24   1.130571e-23   1.430879e-23   1.766517e-23   2.137486e-23   2.543785e-23   2.985414e-23   3.462373e-23   3.974663e-23   4.522284e-23   5.105234e-23   5.723515e-23   6.377127e-23   7.066068e-23
         4.2000   0.000000e+00   2.194772e-25   8.242240e-25   1.705137e-24   3.003045e-24   4.677974e-24   6.736283e-24   9.168830e-24   1.197561e-23   1.515664e-23   1.871190e-23   2.264140e-23   2.694513e-23   3.162311e-23   3.667532e-23   4.210177e-23   4.790246e-23   5.407739e-23   6.062655e-23   6.754995e-23   7.484759e-23
         4.2500   0.000000e+00   2.354276e-25   8.816049e-25   1.814124e-24   3.192683e-24   4.955162e-24   7.135433e-24   9.712117e-24   1.268521e-23   1.605472e-23   1.982065e-23   2.398298e-23   2.854173e-23   3.349689e-23   3.884847e-23   4.459646e-23   5.074086e-23   5.728167e-23   6.421890e-23   7.155254e-23   7.928259e-23
         4.3000   0.000000e+00   2.526432e-25   9.434626e-25   1.930704e-24   3.395277e-24   5.265154e-24   7.558234e-24   1.028760e-23   1.343686e-23   1.700603e-23   2.099509e-23   2.540406e-23   3.023294e-23   3.548171e-23   4.115039e-23   4.723896e-23   5.374744e-23   6.067582e-23   6.802411e-23   7.579229e-23   8.398038e-23
         4.3500   0.000000e+00   2.712167e-25   1.010177e-24   2.055476e-24   3.611818e-24   5.597671e-24   8.006088e-24   1.089717e-23   1.423304e-23   1.801370e-23   2.223913e-23   2.690935e-23   3.202435e-23   3.758413e-23   4.358870e-23   5.003805e-23   5.693218e-23   6.427109e-23   7.205479e-23   8.028327e-23   8.895653e-23
         4.4000   0.000000e+00   2.912399e-25   1.082158e-24   2.189096e-24   3.843390e-24   5.952908e-24   8.501173e-24   1.154287e-23   1.507641e-23   1.908108e-23   2.355688e-23   2.850383e-23   3.392191e-23   3.981113e-23   4.617149e-23   5.300299e-23   6.030562e-23   6.807939e-23   7.632430e-23   8.504035e-23   9.422754e-23
         4.4500   0.000000e+00   3.128002e-25   1.159845e-24   2.332282e-24   4.091174e-24   6.332605e-24   9.037568e-24   1.224157e-23   1.596974e-23   2.021170e-23   2.495272e-23   3.019279e-23   3.593191e-23   4.217009e-23   4.890733e-23   5.614361e-23   6.387896e-23   7.211335e-23   8.084680e-23   9.007931e-23   9.981087e-23
         4.5000   0.000000e+00   3.359717e-25   1.243704e-24   2.485814e-24   4.356463e-24   6.738661e-24   9.610559e-24   1.301267e-23   1.692105e-23   2.140932e-23   2.643126e-23   3.198182e-23   3.806101e-23   4.466883e-23   5.180527e-23   5.947033e-23   6.766402e-23   7.638634e-23   8.563728e-23   9.541684e-23   1.057250e-22
         4.5500   0.000000e+00   3.608117e-25   1.334227e-24   2.650546e-24   4.640668e-24   7.173150e-24   1.022294e-23   1.383625e-23   1.798560e-23   2.267790e-23   2.799741e-23   3.387686e-23   4.031627e-23   4.731562e-23   5.487492e-23   6.299417e-23   7.167337e-23   8.091251e-23   9.071160e-23   1.010706e-22   1.119896e-22
         4.6000   0.000000e+00   3.873440e-25   1.431923e-24   2.827412e-24   4.945328e-24   7.638341e-24   1.087777e-23   1.471629e-23   1.912243e-23   2.402165e-23   2.965636e-23   3.588420e-23   4.270516e-23   5.011925e-23   5.812646e-23   6.672681e-23   7.592028e-23   8.570688e-23   9.608661e-23   1.070595e-22   1.186254e-22
         4.6500   0.000000e+00   4.155570e-25   1.537310e-24   3.017429e-24   5.272122e-24   8.136707e-24   1.157838e-23   1.565714e-23   2.033704e-23   2.552715e-23   3.141361e-23   3.801047e-23   4.523560e-23   5.308900e-23   6.157067e-23   7.068062e-23   8.041884e-23   9.078533e-23   1.017801e-22   1.134031e-22   1.256544e-22
         4.7000   0.000000e+00   4.453866e-25   1.650895e-24   3.221707e-24   5.622892e-24   8.670946e-24   1.232840e-23   1.666355e-23   2.163540e-23   2.713953e-23   3.338367e-23   4.026273e-23   4.791598e-23   5.623472e-23   6.521897e-23   7.486871e-23   8.518396e-23   9.616470e-23   1.078109e-22   1.201227e-22   1.330999e-22
         4.7500   0.000000e+00   4.767191e-25   1.773154e-24   3.441457e-24   5.999641e-24   9.244007e-24   1.313181e-23   1.774072e-23   2.302403e-23   2.886210e-23   3.549240e-23   4.264845e-23   5.075518e-23   5.956684e-23   6.908343e-23   7.930496e-23   9.023142e-23   1.018628e-22   1.141991e-22   1.272404e-22   1.409866e-22
         4.8000   0.000000e+00   5.093860e-25   1.904480e-24   3.677999e-24   6.404554e-24   9.859119e-24   1.399295e-23   1.889432e-23   2.451005e-23   3.070331e-23   3.774526e-23   4.517553e-23   5.376261e-23   6.309639e-23   7.317688e-23   8.400408e-23   9.557797e-23   1.078986e-22   1.209659e-22   1.347799e-22   1.493406e-22
         4.8500   0.000000e+00   5.431818e-25   2.045155e-24   3.932766e-24   6.840018e-24   1.051980e-23   1.491655e-23   2.013054e-23   2.610124e-23   3.267237e-23   4.015329e-23   4.785234e-23   5.694824e-23   6.683509e-23   7.751289e-23   8.898163e-23   1.012413e-22   1.142920e-22   1.281335e-22   1.427661e-22   1.581896e-22
         4.9000   0.000000e+00   5.778687e-25   2.195271e-24   4.207317e-24   7.308638e-24   1.122987e-23   1.590780e-23   2.145611e-23   2.780609e-23   3.477935e-23   4.272855e-23   5.068777e-23   6.032264e-23   7.079532e-23   8.210581e-23   9.425412e-23   1.072402e-22   1.210642e-22   1.357259e-22   1.512255e-22   1.675629e-22
         4.9500   0.000000e+00   6.132155e-25   2.354695e-24   4.503338e-24   7.813241e-24   1.199353e-23   1.697234e-23   2.287843e-23   2.963387e-23   3.703525e-23   4.548421e-23   5.369121e-23   6.389698e-23   7.499021e-23   8.697089e-23   9.983903e-23   1.135946e-22   1.282377e-22   1.437682e-22   1.601862e-22   1.774916e-22
         5.0000   0.000000e+00   6.490041e-25   2.523010e-24   4.822649e-24   8.356901e-24   1.281535e-23   1.811634e-23   2.440556e-23   3.159470e-23   3.945208e-23   4.843465e-23   5.687262e-23   6.768311e-23   7.943365e-23   9.212424e-23   1.057549e-22   1.203255e-22   1.358362e-22   1.522870e-22   1.696778e-22   1.880087e-22
         5.0500   0.000000e+00   6.850732e-25   2.699506e-24   5.167208e-24   8.942956e-24   1.370027e-23   1.934651e-23   2.604630e-23   3.369966e-23   4.204292e-23   5.159558e-23   6.024253e-23   7.169359e-23   8.414039e-23   9.758294e-23   1.120212e-22   1.274553e-22   1.438851e-22   1.613106e-22   1.797318e-22   1.991489e-22
         5.1000   0.000000e+00   7.213250e-25   2.883188e-24   5.539108e-24   9.575009e-24   1.465371e-23   2.067020e-23   2.781021e-23   3.596080e-23   4.482209e-23   5.498414e-23   6.381340e-23   7.594170e-23   8.912603e-23   1.033651e-22   1.186589e-22   1.350075e-22   1.524108e-22   1.708688e-22   1.903816e-22   2.109492e-22
         5.1500   0.000000e+00   7.577425e-25   3.072861e-24   5.940566e-24   1.025694e-23   1.568150e-23   2.209538e-23   2.970779e-23   3.839128e-23   4.780525e-23   5.861902e-23   6.782654e-23   8.046719e-23   9.440708e-23   1.094899e-22   1.256899e-22   1.430072e-22   1.614417e-22   1.809934e-22   2.016625e-22   2.234487e-22
         5.2000   0.000000e+00   7.943990e-25   3.267196e-24   6.373906e-24   1.099291e-23   1.678997e-23   2.363073e-23   3.175043e-23   4.100548e-23   5.100946e-23   6.252074e-23   7.211197e-23   8.552976e-23   1.000755e-22   1.159775e-22   1.331375e-22   1.514809e-22   1.710077e-22   1.917180e-22   2.136117e-22   2.366889e-22
         5.2500   0.000000e+00   8.314470e-25   3.464900e-24   6.841516e-24   1.178736e-23   1.798592e-23   2.528565e-23   3.395051e-23   4.381906e-23   5.445330e-23   6.671160e-23   7.669042e-23   9.093605e-23   1.063754e-22   1.229309e-22   1.410264e-22   1.604567e-22   1.811406e-22   2.030780e-22   2.262690e-22   2.507136e-22
         5.3000   0.000000e+00   8.691156e-25   3.664839e-24   7.345818e-24   1.264494e-23   1.927665e-23   2.707033e-23   3.632149e-23   4.684903e-23   5.815710e-23   7.121592e-23   8.158436e-23   9.671226e-23   1.131035e-22   1.306687e-22   1.495923e-22   1.699643e-22   1.918738e-22   2.151111e-22   2.396763e-22   2.655693e-22
         5.3500   0.000000e+00   9.076917e-25   3.866159e-24   7.889123e-24   1.357048e-23   2.066995e-23   2.899573e-23   3.887795e-23   5.011388e-23   6.214303e-23   7.606028e-23   8.681830e-23   1.028868e-22   1.202924e-22   1.389323e-22   1.590178e-22   1.804468e-22   2.032430e-22   2.278572e-22   2.538780e-22   2.813052e-22
         5.4000   0.000000e+00   9.475086e-25   4.068449e-24   8.473544e-24   1.456894e-23   2.217395e-23   3.107360e-23   4.163558e-23   5.363367e-23   6.643514e-23   8.127367e-23   9.241905e-23   1.094906e-22   1.279775e-22   1.477618e-22   1.690849e-22   1.918300e-22   2.158143e-22   2.415016e-22   2.689212e-22   2.979736e-22
         5.4500   0.000000e+00   9.889211e-25   4.271702e-24   9.100761e-24   1.564514e-23   2.379714e-23   3.331653e-23   4.461130e-23   5.743003e-23   7.105960e-23   8.688758e-23   9.841588e-23   1.165576e-22   1.361975e-22   1.572006e-22   1.798425e-22   2.039895e-22   2.294317e-22   2.567013e-22   2.848558e-22   3.156297e-22
         5.5000   0.000000e+00   1.032303e-24   4.476456e-24   9.771784e-24   1.680366e-23   2.554819e-23   3.573771e-23   4.782319e-23   6.152627e-23   7.604480e-23   9.293622e-23   1.048407e-22   1.241248e-22   1.449947e-22   1.672962e-22   1.913438e-22   2.169848e-22   2.439782e-22   2.729336e-22   3.017346e-22   3.343319e-22
         5.5500   0.000000e+00   1.078031e-24   4.683653e-24   1.048674e-23   1.804828e-23   2.743554e-23   3.835093e-23   5.129035e-23   6.594732e-23   8.142138e-23   9.945673e-23   1.117285e-22   1.322326e-22   1.544153e-22   1.781006e-22   2.036471e-22   2.308804e-22   2.595248e-22   2.902773e-22   3.196134e-22   3.541423e-22
         5.6000   0.000000e+00   1.126486e-24   4.894663e-24   1.124451e-23   1.938181e-23   2.946719e-23   4.117028e-23   5.503284e-23   7.071973e-23   8.722237e-23   1.064892e-22   1.191172e-22   1.409250e-22   1.645097e-22   1.896704e-22   2.168158e-22   2.457470e-22   2.761489e-22   3.088178e-22   3.385517e-22   3.751266e-22
         5.6500   0.000000e+00   1.177994e-24   5.111141e-24   1.204272e-23   2.080522e-23   3.164973e-23   4.420972e-23   5.907120e-23   7.587128e-23   9.348313e-23   1.140768e-22   1.270486e-22   1.502502e-22   1.753328e-22   2.020676e-22   2.309193e-22   2.616617e-22   2.939352e-22   3.286483e-22   3.586122e-22   3.973542e-22
         5.7000   0.000000e+00   1.232890e-24   5.335005e-24   1.287753e-23   2.231744e-23   3.398804e-23   4.748249e-23   6.342628e-23   8.143073e-23   1.002414e-22   1.222658e-22   1.355680e-22   1.602608e-22   1.869448e-22   2.153595e-22   2.460333e-22   2.787090e-22   3.129761e-22   3.498706e-22   3.798613e-22   4.208989e-22
         5.7500   0.000000e+00   1.291525e-24   5.568233e-24   1.374396e-23   2.391466e-23   3.648376e-23   5.099989e-23   6.811792e-23   8.742742e-23   1.075366e-22   1.311055e-22   1.447250e-22   1.710143e-22   1.994114e-22   2.296200e-22   2.622405e-22   2.969806e-22   3.333726e-22   3.725962e-22   4.023695e-22   4.458388e-22
         5.8000   0.000000e+00   1.354221e-24   5.812936e-24   1.463611e-23   2.559033e-23   3.913493e-23   5.477063e-23   7.316414e-23   9.388959e-23   1.154099e-22   1.406476e-22   1.545735e-22   1.825732e-22   2.128043e-22   2.449298e-22   2.796312e-22   3.165770e-22   3.552346e-22   3.969465e-22   4.262114e-22   4.722564e-22
         5.8500   0.000000e+00   1.421270e-24   6.071227e-24   1.554788e-23   2.733511e-23   4.193477e-23   5.879837e-23   7.857924e-23   1.008438e-22   1.239032e-22   1.509458e-22   1.651727e-22   1.950058e-22   2.272013e-22   2.613768e-22   2.983043e-22   3.376079e-22   3.786824e-22   4.230540e-22   4.514660e-22   5.002393e-22
         5.9000   0.000000e+00   1.492967e-24   6.345166e-24   1.647326e-23   2.913777e-23   4.487173e-23   6.308139e-23   8.437152e-23   1.083113e-22   1.330574e-22   1.620548e-22   1.765865e-22   2.083868e-22   2.426879e-22   2.790567e-22   3.183671e-22   3.601934e-22   4.038475e-22   4.510635e-22   4.782170e-22   5.298804e-22
         5.9500   0.000000e+00   1.569612e-24   6.636551e-24   1.740757e-23   3.098563e-23   4.792938e-23   6.760997e-23   9.054175e-23   1.163069e-22   1.429109e-22   1.740281e-22   1.888844e-22   2.227968e-22   2.593570e-22   2.980743e-22   3.399370e-22   3.844638e-22   4.308736e-22   4.811335e-22   5.065532e-22   5.612778e-22
         6.0000   0.000000e+00   1.651501e-24   6.947269e-24   1.834731e-23   3.286640e-23   5.108796e-23   7.236692e-23   9.707969e-23   1.248345e-22   1.534955e-22   1.869159e-22   2.021422e-22   2.383240e-22   2.773096e-22   3.185437e-22   3.631422e-22   4.105617e-22   4.599169e-22   5.134367e-22   5.365683e-22   5.945356e-22
         6.0500   0.000000e+00   1.738936e-24   7.279290e-24   1.929136e-23   3.476906e-23   5.432531e-23   7.732669e-23   1.039644e-22   1.338843e-22   1.648344e-22   2.007595e-22   2.164411e-22   2.550637e-22   2.966552e-22   3.405889e-22   3.881223e-22   4.386428e-22   4.911480e-22   5.481609e-22   5.688361e-22   6.297640e-22
         6.1000   0.000000e+00   1.832228e-24   7.634329e-24   2.024050e-23   3.668534e-23   5.761987e-23   8.245811e-23   1.111623e-22   1.434309e-22   1.769352e-22   2.155892e-22   2.318691e-22   2.731188e-22   3.175128e-22   3.643443e-22   4.150286e-22   4.688763e-22   5.247533e-22   5.855121e-22   6.046495e-22   6.686420e-22
         6.1500   0.000000e+00   1.931698e-24   8.014013e-24   2.119797e-23   3.861096e-23   6.095245e-23   8.772505e-23   1.186301e-22   1.534321e-22   1.897875e-22   2.314145e-22   2.485202e-22   2.926001e-22   3.400106e-22   3.899562e-22   4.440259e-22   5.014459e-22   5.609355e-22   6.257141e-22   6.428974e-22   7.108255e-22
         6.2000   0.000000e+00   2.037682e-24   8.420000e-24   2.216887e-23   4.054561e-23   6.430866e-23   9.309243e-23   1.263168e-22   1.638301e-22   2.033580e-22   2.482216e-22   2.664944e-22   3.136263e-22   3.642865e-22   4.175817e-22   4.752924e-22   5.365513e-22   5.999146e-22   6.690102e-22   6.837655e-22   7.558862e-22
         6.2500   0.000000e+00   2.150535e-24   8.853960e-24   2.316015e-23   4.249408e-23   6.768117e-23   9.852706e-23   1.341700e-22   1.745560e-22   2.175900e-22   2.659669e-22   2.858968e-22   3.363234e-22   3.904883e-22   4.473905e-22   5.090203e-22   5.744084e-22   6.419296e-22   7.156649e-22   7.274552e-22   8.040444e-22
         6.3000   0.000000e+00   2.270630e-24   9.317542e-24   2.417994e-23   4.446508e-23   7.106956e-23   1.040044e-22   1.421380e-22   1.855353e-22   2.324034e-22   2.845756e-22   3.068361e-22   3.608237e-22   4.187725e-22   4.795639e-22   5.454161e-22   6.152498e-22   6.872388e-22   7.659649e-22   7.741867e-22   8.555395e-22
         6.3500   0.000000e+00   2.398365e-24   9.812439e-24   2.523740e-23   4.647143e-23   7.448237e-23   1.095096e-22   1.501812e-22   1.966949e-22   2.477021e-22   3.039428e-22   3.294235e-22   3.872639e-22   4.493033e-22   5.142942e-22   5.847009e-22   6.593249e-22   7.361206e-22   8.202193e-22   8.242002e-22   9.106334e-22
         6.4000   0.000000e+00   2.534157e-24   1.034040e-23   2.634191e-23   4.852871e-23   7.793501e-23   1.150399e-22   1.582704e-22   2.079738e-22   2.633789e-22   3.239429e-22   3.537665e-22   4.157834e-22   4.822498e-22   5.517833e-22   6.271080e-22   7.069009e-22   7.888736e-22   8.787609e-22   8.777588e-22   9.696124e-22
         6.4500   0.000000e+00   2.678450e-24   1.090323e-23   2.750334e-23   5.065505e-23   8.145002e-23   1.206064e-22   1.663964e-22   2.193255e-22   2.793294e-22   3.444355e-22   3.799667e-22   4.465165e-22   5.177841e-22   5.922391e-22   6.728821e-22   7.582578e-22   8.458170e-22   9.419460e-22   9.351489e-22   1.032789e-21
         6.5000   0.000000e+00   2.831719e-24   1.150282e-23   2.873165e-23   5.286929e-23   8.505481e-23   1.262321e-22   1.745672e-22   2.307308e-22   2.954615e-22   3.652843e-22   4.081067e-22   4.795891e-22   5.560707e-22   6.358732e-22   7.222738e-22   8.136890e-22   9.072857e-22   1.010153e-21   9.966832e-22   1.100504e-21
         6.5500   0.000000e+00   2.994469e-24   1.214119e-23   3.003584e-23   5.519144e-23   8.878115e-23   1.319519e-22   1.828114e-22   2.421924e-22   3.117063e-22   3.863696e-22   4.382455e-22   5.151026e-22   5.972620e-22   6.828884e-22   7.755365e-22   8.734939e-22   9.736300e-22   1.083778e-21   1.062704e-21   1.173128e-21
         6.6000   0.000000e+00   3.168285e-24   1.282043e-23   3.142439e-23   5.764160e-23   9.266206e-23   1.378092e-22   1.911735e-22   2.537443e-22   3.280295e-22   4.076010e-22   4.704009e-22   5.531267e-22   6.414797e-22   7.334729e-22   8.329112e-22   9.379702e-22   1.045207e-21   1.163229e-21   1.133584e-21   1.251071e-21
         6.6500   0.000000e+00   3.356018e-24   1.354279e-23   3.290626e-23   6.023958e-23   9.673263e-23   1.438546e-22   1.997142e-22   2.654425e-22   3.444300e-22   4.289349e-22   5.045416e-22   5.936794e-22   6.888014e-22   7.877773e-22   8.946147e-22   1.007401e-21   1.122372e-21   1.248924e-21   1.209732e-21   1.334775e-21
         6.7000   0.000000e+00   3.554875e-24   1.431064e-23   3.449040e-23   6.300251e-23   1.010281e-22   1.501421e-22   2.085035e-22   2.773670e-22   3.609506e-22   4.503701e-22   5.405760e-22   6.367140e-22   7.392420e-22   8.458992e-22   9.608187e-22   1.082028e-21   1.205460e-21   1.341262e-21   1.291592e-21   1.424725e-21
         6.7500   0.000000e+00   3.765514e-24   1.512647e-23   3.618444e-23   6.594830e-23   1.055829e-22   1.567282e-22   2.176208e-22   2.896127e-22   3.776667e-22   4.719630e-22   5.783493e-22   6.821097e-22   7.927309e-22   9.078585e-22   1.031618e-21   1.162042e-21   1.294757e-21   1.440614e-21   1.379648e-21   1.521449e-21
         6.8000   0.000000e+00   3.988635e-24   1.599299e-23   3.799604e-23   6.909573e-23   1.104273e-22   1.636703e-22   2.271470e-22   3.022891e-22   3.946884e-22   4.938128e-22   6.176468e-22   7.296642e-22   8.491076e-22   9.735715e-22   1.107017e-21   1.247524e-21   1.390486e-21   1.547277e-21   1.474429e-21   1.625524e-21
         6.8500   0.000000e+00   4.224976e-24   1.691304e-23   3.993296e-23   7.246131e-23   1.155925e-22   1.710262e-22   2.371668e-22   3.155082e-22   4.121488e-22   5.160637e-22   6.582114e-22   7.791032e-22   9.081093e-22   1.042844e-21   1.186882e-21   1.338444e-21   1.492737e-21   1.661447e-21   1.576509e-21   1.737578e-21
         6.9000   0.000000e+00   4.475322e-24   1.790129e-23   4.200294e-23   7.606051e-23   1.211114e-22   1.788454e-22   2.477662e-22   3.293891e-22   4.302023e-22   5.388900e-22   6.997592e-22   8.300990e-22   9.693889e-22   1.115355e-21   1.270950e-21   1.434604e-21   1.601466e-21   1.783166e-21   1.686512e-21   1.858291e-21
         6.9500   0.000000e+00   4.740501e-24   1.896201e-23   4.421369e-23   7.990912e-23   1.270128e-22   1.871788e-22   2.590219e-22   3.440516e-22   4.490087e-22   5.624938e-22   7.420140e-22   8.822970e-22   1.032533e-21   1.190680e-21   1.358803e-21   1.535644e-21   1.716427e-21   1.912274e-21   1.805114e-21   1.988403e-21
         7.0000   0.000000e+00   5.021394e-24   2.008558e-23   4.657321e-23   8.402303e-23   1.333239e-22   1.960798e-22   2.710070e-22   3.596091e-22   4.687381e-22   5.870839e-22   7.847373e-22   9.353502e-22   1.097107e-21   1.268312e-21   1.449911e-21   1.641028e-21   1.837181e-21   2.048394e-21   1.933043e-21   2.128715e-21
         7.0500   0.000000e+00   5.318930e-24   2.127572e-23   4.908972e-23   8.841794e-23   1.400723e-22   2.055972e-22   2.837990e-22   3.761632e-22   4.895610e-22   6.128826e-22   8.277488e-22   9.889688e-22   1.162683e-21   1.347716e-21   1.543644e-21   1.750098e-21   1.963081e-21   2.190900e-21   2.071086e-21   2.280089e-21
         7.1000   0.000000e+00   5.634097e-24   2.253639e-23   5.177179e-23   9.310994e-23   1.472858e-22   2.157754e-22   2.974743e-22   3.938210e-22   5.116439e-22   6.401128e-22   8.709659e-22   1.042933e-21   1.228919e-21   1.428366e-21   1.639369e-21   1.862086e-21   2.093333e-21   2.338960e-21   2.220080e-21   2.443449e-21
         7.1500   0.000000e+00   5.967938e-24   2.387175e-23   5.462843e-23   9.811561e-23   1.549920e-22   2.266591e-22   3.120985e-22   4.126928e-22   5.351322e-22   6.689920e-22   9.143911e-22   1.097151e-21   1.295555e-21   1.509836e-21   1.736458e-21   1.976246e-21   2.227021e-21   2.491581e-21   2.380916e-21   2.619785e-21
         7.2000   0.000000e+00   6.321560e-24   2.528624e-23   5.766909e-23   1.034522e-22   1.632190e-22   2.382941e-22   3.277373e-22   4.328733e-22   5.601778e-22   6.997099e-22   9.581442e-22   1.151637e-21   1.362501e-21   1.591805e-21   1.834439e-21   2.091864e-21   2.363255e-21   2.647708e-21   2.554526e-21   2.810135e-21
         7.2500   0.000000e+00   6.696136e-24   2.678455e-23   6.090388e-23   1.091376e-22   1.719958e-22   2.507251e-22   3.444579e-22   4.544545e-22   5.869399e-22   7.324654e-22   1.002431e-21   1.206554e-21   1.429793e-21   1.674155e-21   1.932965e-21   2.208412e-21   2.501193e-21   2.806306e-21   2.741871e-21   3.015585e-21
         7.3000   0.000000e+00   7.092907e-24   2.837163e-23   6.434339e-23   1.151909e-22   1.813527e-22   2.639981e-22   3.623264e-22   4.775302e-22   6.155571e-22   7.674662e-22   1.047546e-21   1.262169e-21   1.497652e-21   1.756928e-21   2.031941e-21   2.325559e-21   2.640213e-21   2.966533e-21   2.943926e-21   3.237243e-21
         7.3500   0.000000e+00   7.513188e-24   3.005275e-23   6.799889e-23   1.216320e-22   1.913211e-22   2.781601e-22   3.814097e-22   5.021941e-22   6.461608e-22   8.048935e-22   1.093847e-21   1.318862e-21   1.566424e-21   1.840388e-21   2.131475e-21   2.443239e-21   2.779938e-21   3.127751e-21   3.161625e-21   3.476212e-21
         7.4000   0.000000e+00   7.958373e-24   3.183349e-23   7.188233e-23   1.284822e-22   2.019344e-22   2.932602e-22   4.017765e-22   5.285393e-22   6.788849e-22   8.449188e-22   1.141745e-21   1.377084e-21   1.636594e-21   1.924961e-21   2.231928e-21   2.561672e-21   2.920301e-21   3.289720e-21   3.395829e-21   3.733537e-21
         7.4500   0.000000e+00   8.429936e-24   3.371974e-23   7.600656e-23   1.357640e-22   2.132276e-22   3.093492e-22   4.234976e-22   5.566617e-22   7.138639e-22   8.877170e-22   1.191663e-21   1.437358e-21   1.708730e-21   2.011236e-21   2.333857e-21   2.681340e-21   3.061585e-21   3.452515e-21   3.647223e-21   4.010113e-21
         7.5000   0.000000e+00   8.929441e-24   3.571776e-23   8.038499e-23   1.435011e-22   2.252380e-22   3.264810e-22   4.466471e-22   5.866599e-22   7.512309e-22   9.334641e-22   1.244052e-21   1.500214e-21   1.783480e-21   2.099911e-21   2.438006e-21   2.802971e-21   3.204376e-21   3.616648e-21   3.916238e-21   4.306635e-21
         7.5500   0.000000e+00   9.458544e-24   3.783418e-23   8.512690e-23   1.517191e-22   2.380049e-22   3.447123e-22   4.713024e-22   6.186367e-22   7.911227e-22   9.823342e-22   1.299365e-21   1.566221e-21   1.861506e-21   2.191782e-21   2.545238e-21   2.927485e-21   3.349557e-21   3.782947e-21   4.202950e-21   4.623402e-21
         7.6000   0.000000e+00   1.001900e-23   4.007599e-23   9.017098e-23   1.604449e-22   2.515700e-22   3.641033e-22   4.975455e-22   6.526996e-22   8.336797e-22   1.034506e-21   1.358037e-21   1.635946e-21   1.943506e-21   2.287662e-21   2.656518e-21   3.055952e-21   3.498233e-21   3.952569e-21   4.506942e-21   4.960295e-21
         7.6500   0.000000e+00   1.061266e-23   4.245064e-23   9.551395e-23   1.698026e-22   2.659781e-22   3.847176e-22   5.254632e-22   6.889618e-22   8.790485e-22   1.090163e-21   1.420454e-21   1.709929e-21   2.030188e-21   2.388411e-21   2.772838e-21   3.189519e-21   3.651689e-21   4.126881e-21   4.827290e-21   5.316564e-21
         7.7000   0.000000e+00   1.124150e-23   4.496600e-23   1.011735e-22   1.798640e-22   2.812764e-22   4.066224e-22   5.551472e-22   7.275436e-22   9.273814e-22   1.149496e-21   1.487019e-21   1.788652e-21   2.122199e-21   2.494896e-21   2.895228e-21   3.329387e-21   3.811293e-21   4.307447e-21   5.162488e-21   5.690875e-21
         7.7500   0.000000e+00   1.190760e-23   4.763041e-23   1.071684e-22   1.905216e-22   2.976900e-22   4.298899e-22   5.866946e-22   7.685718e-22   9.788399e-22   1.212706e-21   1.558153e-21   1.872625e-21   2.220139e-21   2.607921e-21   3.024736e-21   3.476777e-21   3.978483e-21   4.495862e-21   5.510556e-21   6.081229e-21
         7.8000   0.000000e+00   1.261317e-23   5.045268e-23   1.135185e-22   2.018107e-22   3.153293e-22   4.545968e-22   6.202085e-22   8.121809e-22   1.033594e-21   1.280003e-21   1.634219e-21   1.962373e-21   2.324641e-21   2.728221e-21   3.162286e-21   3.632925e-21   4.154714e-21   4.693822e-21   5.869137e-21   6.485183e-21
         7.8500   0.000000e+00   1.336055e-23   5.344219e-23   1.202449e-22   2.137688e-22   3.340137e-22   4.809797e-22   6.557999e-22   8.585130e-22   1.091825e-21   1.351609e-21   1.715564e-21   2.058344e-21   2.436345e-21   2.856572e-21   3.308771e-21   3.798887e-21   4.341454e-21   4.903029e-21   6.235770e-21   6.899895e-21
         7.9000   0.000000e+00   1.415221e-23   5.660884e-23   1.273699e-22   2.264354e-22   3.538053e-22   5.094796e-22   6.935843e-22   9.077215e-22   1.153722e-21   1.427762e-21   1.802545e-21   2.160976e-21   2.555797e-21   2.993766e-21   3.465138e-21   3.975742e-21   4.539958e-21   5.125069e-21   6.608025e-21   7.322599e-21
         7.9500   0.000000e+00   1.499078e-23   5.996313e-23   1.349170e-22   2.398525e-22   3.747695e-22   5.396681e-22   7.345483e-22   9.599672e-22   1.219489e-21   1.508709e-21   1.895516e-21   2.270716e-21   2.683539e-21   3.140477e-21   3.632310e-21   4.164628e-21   4.751515e-21   5.361388e-21   6.983982e-21   7.750664e-21
         8.0000   0.000000e+00   1.587904e-23   6.351617e-23   1.429114e-22   2.540647e-22   3.969760e-22   5.716455e-22   7.780730e-22   1.016259e-21   1.289342e-21   1.594716e-21   1.994830e-21   2.388007e-21   2.820123e-21   3.297369e-21   3.811082e-21   4.366592e-21   4.977484e-21   5.613512e-21   7.362186e-21   8.182147e-21
         8.0500   0.000000e+00   1.681993e-23   6.727974e-23   1.513794e-22   2.691189e-22   4.204983e-22   6.055176e-22   8.241768e-22   1.076476e-21   1.363510e-21   1.686067e-21   2.100850e-21   2.513294e-21   2.966096e-21   3.465121e-21   4.002256e-21   4.582576e-21   5.219104e-21   5.883000e-21   7.742137e-21   8.615833e-21
         8.1000   0.000000e+00   1.781658e-23   7.126631e-23   1.603492e-22   2.850652e-22   4.454144e-22   6.413968e-22   8.730123e-22   1.140261e-21   1.443143e-21   1.783060e-21   2.213948e-21   2.647032e-21   3.122006e-21   3.644408e-21   4.206650e-21   4.813535e-21   5.477496e-21   6.171180e-21   8.124082e-21   9.051497e-21
         8.1500   0.000000e+00   1.887228e-23   7.548910e-23   1.698505e-22   3.019564e-22   4.718069e-22   6.794019e-22   9.247415e-22   1.207826e-21   1.528654e-21   1.887228e-21   2.334513e-21   2.789690e-21   3.288418e-21   3.835903e-21   4.425069e-21   5.060439e-21   5.753801e-21   6.479361e-21   8.509277e-21   9.489971e-21
         8.2000   0.000000e+00   1.999053e-23   7.996212e-23   1.799148e-22   3.198485e-22   4.997632e-22   7.196590e-22   9.795359e-22   1.279394e-21   1.619233e-21   1.999053e-21   2.462950e-21   2.941757e-21   3.465913e-21   4.040301e-21   4.658328e-21   5.324246e-21   6.049178e-21   6.808875e-21   8.899725e-21   9.933053e-21
         8.2500   0.000000e+00   2.117504e-23   8.470017e-23   1.905754e-22   3.388007e-22   5.293761e-22   7.623015e-22   1.037577e-21   1.355203e-21   1.715178e-21   2.117504e-21   2.599688e-21   3.103743e-21   3.655098e-21   4.258315e-21   4.907265e-21   5.605927e-21   6.364764e-21   7.161050e-21   9.298184e-21   1.038345e-20
         8.3000   0.000000e+00   2.242974e-23   8.971897e-23   2.018677e-22   3.588759e-22   5.607436e-22   8.074707e-22   1.099057e-21   1.435504e-21   1.816809e-21   2.242974e-21   2.745178e-21   3.276188e-21   3.856607e-21   4.490691e-21   5.172745e-21   5.906486e-21   6.701723e-21   7.537212e-21   9.707891e-21   1.084458e-20
         8.3500   0.000000e+00   2.375879e-23   9.503515e-23   2.138291e-22   3.801406e-22   5.939697e-22   8.553164e-22   1.164181e-21   1.520562e-21   1.924462e-21   2.375879e-21   2.899900e-21   3.459662e-21   4.071110e-21   4.738210e-21   5.455671e-21   6.226962e-21   7.061251e-21   7.938724e-21   1.013253e-20   1.132042e-20
         8.4000   0.000000e+00   2.516658e-23   1.006663e-22   2.264993e-22   4.026654e-22   6.291646e-22   9.059971e-22   1.233163e-21   1.610661e-21   2.038493e-21   2.516658e-21   3.064362e-21   3.654770e-21   4.299317e-21   5.001693e-21   5.756991e-21   6.568437e-21   7.444591e-21   8.366991e-21   1.057587e-20   1.181520e-20
         8.4500   0.000000e+00   2.665780e-23   1.066312e-22   2.399202e-22   4.265248e-22   6.664450e-22   9.596808e-22   1.306232e-21   1.706099e-21   2.159282e-21   2.665780e-21   3.239098e-21   3.862151e-21   4.541979e-21   5.282013e-21   6.077703e-21   6.932055e-21   7.853037e-21   8.823477e-21   1.104186e-20   1.233338e-20
         8.5000   0.000000e+00   2.823737e-23   1.129495e-22   2.541364e-22   4.517980e-22   7.059343e-22   1.016545e-21   1.383631e-21   1.807192e-21   2.287227e-21   2.823737e-21   3.424687e-21   4.082480e-21   4.799889e-21   5.580092e-21   6.418871e-21   7.319018e-21   8.287954e-21   9.309715e-21   1.153453e-20   1.287948e-20
         8.5500   0.000000e+00   2.991054e-23   1.196422e-22   2.691949e-22   4.785687e-22   7.477636e-22   1.076780e-21   1.465617e-21   1.914275e-21   2.422754e-21   2.991054e-21   3.621738e-21   4.316488e-21   5.073889e-21   5.896906e-21   6.781613e-21   7.730607e-21   8.750782e-21   9.827321e-21   1.205753e-20   1.345807e-20
         8.6000   0.000000e+00   3.168285e-23   1.267314e-22   2.851457e-22   5.069256e-22   7.920713e-22   1.140583e-21   1.552460e-21   2.027703e-21   2.566311e-21   3.168285e-21   3.833625e-21   4.564938e-21   5.364888e-21   6.233488e-21   7.167116e-21   8.168170e-21   9.243051e-21   1.037801e-20   1.261427e-20   1.407305e-20
         8.6500   0.000000e+00   3.356018e-23   1.342407e-22   3.020416e-22   5.369629e-22   8.390045e-22   1.208166e-21   1.644449e-21   2.147852e-21   2.718375e-21   3.356018e-21   4.060782e-21   4.832666e-21   5.673833e-21   6.590953e-21   7.576641e-21   8.633135e-21   9.766375e-21   1.096359e-20   1.320834e-20   1.472843e-20
         8.7000   0.000000e+00   3.554875e-23   1.421950e-22   3.199387e-22   5.687799e-22   8.887186e-22   1.279755e-21   1.741889e-21   2.275120e-21   2.879448e-21   3.554875e-21   4.301398e-21   5.119019e-21   6.007738e-21   6.970467e-21   8.011543e-21   9.127032e-21   1.032246e-20   1.158598e-20   1.384338e-20   1.542840e-20
         8.7500   0.000000e+00   3.765514e-23   1.506206e-22   3.388963e-22   6.024823e-22   9.413785e-22   1.355585e-21   1.845102e-21   2.409929e-21   3.050066e-21   3.765514e-21   4.556272e-21   5.422340e-21   6.363719e-21   7.380408e-21   8.473234e-21   9.651489e-21   1.091314e-20   1.224722e-20   1.452247e-20   1.617685e-20
         8.8000   0.000000e+00   3.988635e-23   1.595454e-22   3.589771e-22   6.381816e-22   9.971587e-22   1.435909e-21   1.954431e-21   2.552726e-21   3.230794e-21   3.988635e-21   4.826248e-21   5.743634e-21   6.740793e-21   7.817724e-21   8.974428e-21   1.021091e-20   1.154035e-20   1.294948e-20   1.524868e-20   1.697725e-20
         8.8500   0.000000e+00   4.224976e-23   1.689991e-22   3.802479e-22   6.759962e-22   1.056244e-21   1.520991e-21   2.070238e-21   2.703985e-21   3.422231e-21   4.224976e-21   5.112221e-21   6.083966e-21   7.140210e-21   8.280954e-21   9.506197e-21   1.081594e-20   1.221018e-20   1.369507e-20   1.602515e-20   1.783315e-20
         8.9000   0.000000e+00   4.475322e-23   1.790129e-22   4.027790e-22   7.160515e-22   1.118830e-21   1.611116e-21   2.192908e-21   2.864206e-21   3.625011e-21   4.475322e-21   5.415140e-21   6.444464e-21   7.563294e-21   8.771631e-21   1.006947e-20   1.145682e-20   1.293368e-20   1.450004e-20   1.685499e-20   1.874813e-20
         8.9500   0.000000e+00   4.740501e-23   1.896201e-22   4.266451e-22   7.584802e-22   1.185125e-21   1.706581e-21   2.322846e-21   3.033921e-21   3.839806e-21   4.740501e-21   5.736007e-21   6.826322e-21   8.011447e-21   9.291383e-21   1.066613e-20   1.213568e-20   1.370005e-20   1.535922e-20   1.774130e-20   1.972574e-20
         9.0000   0.000000e+00   5.021394e-23   2.008558e-22   4.519254e-22   8.034230e-22   1.255348e-21   1.807702e-21   2.460483e-21   3.213692e-21   4.067329e-21   5.021394e-21   6.075887e-21   7.230807e-21   8.486156e-21   9.841932e-21   1.129814e-20   1.285477e-20   1.451183e-20   1.626932e-20   1.868729e-20   2.076957e-20
