# CIE bound-bound cooling efficiency for Ar (Z=18)
# Source: CHIANTI v11.0.2 via ChiantiPy ion.boundBoundLoss
# Units: erg cm^3 / s, per ion per electron, low-density limit (n_e = 1 cm^-3)
# T grid: 121 log-spaced points, 10^3.00 K -> 10^9.00 K
# Generated by pyathena/photchem/data/build_cool_tables.py
#
# log_T_K        L_Ar0          L_Ar1          L_Ar2          L_Ar3          L_Ar4          L_Ar5          L_Ar6          L_Ar7          L_Ar8          L_Ar9          L_Ar10         L_Ar11         L_Ar12         L_Ar13         L_Ar14         L_Ar15         L_Ar16         L_Ar17         L_Ar18       
         3.0000   0.000000e+00   0.000000e+00   0.000000e+00   0.000000e+00   0.000000e+00   0.000000e+00   5.124271e-21   8.066136e-21   1.239230e-20   2.868864e-21   1.169648e-22   4.943887e-21   5.690101e-22   8.992175e-21   5.708274e-20   2.955639e-19   3.109185e-19   7.632910e-19   0.000000e+00
         3.0500   0.000000e+00   0.000000e+00   0.000000e+00   0.000000e+00   0.000000e+00   0.000000e+00   4.837999e-21   7.615423e-21   1.169967e-20   2.708436e-21   1.104158e-22   4.667398e-21   5.371932e-22   8.489260e-21   5.389013e-20   2.790358e-19   2.935262e-19   7.206727e-19   0.000000e+00
         3.1000   0.000000e+00   0.000000e+00   0.000000e+00   0.000000e+00   0.000000e+00   0.000000e+00   4.567764e-21   7.189951e-21   1.104581e-20   2.556986e-21   1.042328e-22   4.406379e-21   5.071570e-22   8.014483e-21   5.087615e-20   2.634327e-19   3.921669e-19   6.803446e-19   0.000000e+00
         3.1500   0.000000e+00   0.000000e+00   0.000000e+00   0.000000e+00   0.000000e+00   0.000000e+00   4.312668e-21   6.788311e-21   1.042856e-20   2.446774e-21   9.839532e-23   4.159965e-21   4.788017e-22   7.566281e-21   4.803080e-20   2.487027e-19   3.702299e-19   6.422903e-19   0.000000e+00
         3.2000   0.000000e+00   0.000000e+00   0.000000e+00   0.000000e+00   0.000000e+00   0.000000e+00   4.071867e-21   6.409172e-21   9.845885e-21   2.309971e-21   9.288397e-23   3.927340e-21   4.520335e-22   7.143147e-21   4.534465e-20   2.347970e-19   3.495200e-19   6.068576e-19   0.000000e+00
         3.2500   0.000000e+00   0.000000e+00   0.000000e+00   0.000000e+00   0.000000e+00   0.000000e+00   3.844563e-21   6.051275e-21   9.295841e-21   2.180825e-21   8.768050e-23   3.707733e-21   4.267636e-22   6.744148e-21   4.280880e-20   2.216696e-19   3.299687e-19   5.736817e-19   0.000000e+00
         3.3000   0.000000e+00   0.000000e+00   0.000000e+00   0.000000e+00   0.000000e+00   0.000000e+00   3.630001e-21   5.713437e-21   8.776610e-21   2.266912e-21   8.276766e-23   3.500415e-21   4.029082e-22   6.367018e-21   4.041485e-20   2.092770e-19   3.115111e-19   5.416078e-19   0.000000e+00
         3.3500   0.000000e+00   0.000000e+00   0.000000e+00   0.000000e+00   0.000000e+00   0.000000e+00   3.427471e-21   5.394535e-21   8.286469e-21   2.140203e-21   7.812916e-23   3.304700e-21   3.803884e-22   6.010992e-21   3.815485e-20   1.975780e-19   2.940860e-19   5.113129e-19   0.000000e+00
         3.4000   0.000000e+00   0.000000e+00   0.000000e+00   0.000000e+00   0.000000e+00   0.000000e+00   3.236301e-21   5.093514e-21   7.823794e-21   2.020589e-21   7.374964e-23   3.119939e-21   3.591293e-22   5.684253e-21   3.602133e-20   1.865340e-19   2.776356e-19   4.831104e-19   0.000000e+00
         3.4500   0.000000e+00   0.000000e+00   0.000000e+00   0.000000e+00   0.000000e+00   0.000000e+00   3.055858e-21   4.809375e-21   7.387052e-21   1.907671e-21   6.961458e-23   2.945519e-21   3.390606e-22   5.366438e-21   3.400720e-20   1.761082e-19   2.621056e-19   4.560542e-19   0.000000e+00
         3.5000   0.000000e+00   0.000000e+00   0.000000e+00   0.000000e+00   0.000000e+00   0.000000e+00   2.885542e-21   4.541177e-21   6.974795e-21   2.544476e-21   6.571026e-23   2.780862e-21   3.201159e-22   5.066410e-21   3.401838e-20   1.662661e-19   3.598023e-19   4.302291e-19   0.000000e+00
         3.5500   0.000000e+00   0.000000e+00   0.000000e+00   0.000000e+00   0.000000e+00   0.000000e+00   2.724791e-21   4.288030e-21   6.585656e-21   2.402337e-21   6.202604e-23   2.625422e-21   3.022321e-22   4.886440e-21   3.211641e-20   1.569751e-19   3.396762e-19   4.067437e-19   0.000000e+00
         3.6000   0.000000e+00   0.000000e+00   0.000000e+00   0.000000e+00   0.000000e+00   0.000000e+00   2.573070e-21   4.049095e-21   6.218345e-21   2.268161e-21   5.854499e-23   2.478685e-21   2.853501e-22   4.613288e-21   3.032089e-20   1.482045e-19   3.206760e-19   3.844102e-19   0.000000e+00
         3.6500   0.000000e+00   0.000000e+00   0.000000e+00   0.000000e+00   0.000000e+00   0.000000e+00   2.429877e-21   3.868845e-21   5.871645e-21   2.141503e-21   5.536079e-23   2.340163e-21   2.694183e-22   4.355427e-21   2.862587e-20   1.399250e-19   3.027387e-19   3.635977e-19   0.000000e+00
         3.7000   0.000000e+00   0.000000e+00   0.000000e+00   0.000000e+00   0.000000e+00   0.000000e+00   2.294736e-21   3.653473e-21   6.284680e-21   2.021943e-21   5.225125e-23   2.209399e-21   2.543749e-22   4.767633e-21   2.702574e-20   1.321094e-19   2.858049e-19   3.437353e-19   0.000000e+00
         3.7500   0.000000e+00   0.000000e+00   0.000000e+00   0.000000e+00   0.000000e+00   0.000000e+00   2.167201e-21   3.450209e-21   5.934415e-21   1.909085e-21   4.931492e-23   2.085957e-21   2.403712e-22   4.501191e-21   2.551518e-20   1.247317e-19   2.698184e-19   3.238770e-19   0.000000e+00
         3.8000   0.000000e+00   0.000000e+00   0.000000e+00   0.000000e+00   0.000000e+00   0.000000e+00   2.046846e-21   3.258379e-21   5.603819e-21   3.222841e-21   4.864363e-23   1.969429e-21   2.269560e-22   4.249668e-21   2.408920e-20   1.177674e-19   2.547262e-19   3.058709e-19   0.000000e+00
         3.8500   0.000000e+00   0.000000e+00   0.000000e+00   0.000000e+00   0.000000e+00   0.000000e+00   1.933274e-21   3.077347e-21   5.291797e-21   3.042978e-21   4.590834e-23   1.859430e-21   2.142931e-22   4.012232e-21   2.274306e-20   1.111934e-19   2.404787e-19   2.888101e-19   0.000000e+00
         3.9000   0.000000e+00   0.000000e+00   0.000000e+00   0.000000e+00   0.000000e+00   0.000000e+00   1.826108e-21   2.906513e-21   4.997313e-21   2.873202e-21   4.332523e-23   1.755595e-21   2.063594e-22   6.131312e-21   2.147231e-20   1.049880e-19   2.270280e-19   2.722278e-19   0.000000e+00
         3.9500   0.000000e+00   0.000000e+00   0.000000e+00   0.000000e+00   0.000000e+00   0.000000e+00   1.724991e-21   2.745309e-21   4.719392e-21   2.712949e-21   6.406446e-23   1.657578e-21   1.948534e-22   5.788751e-21   2.027272e-20   9.913054e-20   2.143301e-19   2.575194e-19   0.000000e+00
         4.0000   0.000000e+00   0.000000e+00   0.000000e+00   0.000000e+00   0.000000e+00   0.000000e+00   1.629589e-21   2.593202e-21   4.457113e-21   2.561688e-21   6.047332e-23   1.565054e-21   1.839932e-22   5.465377e-21   1.914034e-20   9.360168e-20   2.023468e-19   2.431207e-19   0.000000e+00
         4.0500   0.000000e+00   0.000000e+00   0.000000e+00   0.000000e+00   0.000000e+00   0.000000e+00   1.539584e-21   2.449685e-21   4.209605e-21   2.418917e-21   5.708263e-23   1.477816e-21   2.180688e-22   5.160118e-21   1.807139e-20   8.838305e-20   1.910293e-19   2.302769e-19   0.000000e+00
         4.1000   0.000000e+00   0.000000e+00   0.000000e+00   0.000000e+00   0.000000e+00   0.000000e+00   1.454677e-21   2.314284e-21   3.976048e-21   2.284164e-21   2.010205e-22   1.395372e-21   2.059230e-22   4.871962e-21   1.706235e-20   8.345737e-20   1.803501e-19   2.172683e-19   0.000000e+00
         4.1500   0.000000e+00   0.000000e+00   0.000000e+00   0.000000e+00   0.000000e+00   0.000000e+00   1.374586e-21   2.186547e-21   3.755667e-21   2.156980e-21   1.898235e-22   1.317553e-21   1.944598e-22   4.599954e-21   1.610986e-20   7.880829e-20   1.702639e-19   2.044006e-19   0.000000e+00
         4.2000   0.000000e+00   0.000000e+00   0.000000e+00   0.000000e+00   0.000000e+00   0.000000e+00   1.299045e-21   2.066051e-21   3.547732e-21   3.423898e-21   1.792555e-22   1.246106e-21   4.650513e-22   8.819851e-21   1.521076e-20   7.442041e-20   1.607680e-19   1.930806e-19   0.000000e+00
         4.2500   0.000000e+00   0.000000e+00   0.000000e+00   0.000000e+00   0.000000e+00   0.000000e+00   1.227802e-21   1.952394e-21   3.351552e-21   3.233171e-21   1.692814e-22   1.176667e-21   4.391493e-22   8.327265e-21   1.436208e-20   7.027918e-20   1.850134e-19   1.824215e-19   0.000000e+00
         4.3000   0.000000e+00   0.000000e+00   0.000000e+00   0.000000e+00   0.000000e+00   0.000000e+00   1.160620e-21   1.845199e-21   3.166476e-21   3.053160e-21   6.857063e-22   1.134532e-21   4.147026e-22   7.862279e-21   1.356101e-20   6.637087e-20   1.746704e-19   1.719749e-19   0.000000e+00
         4.3500   0.000000e+00   0.000000e+00   0.000000e+00   0.000000e+00   0.000000e+00   0.000000e+00   1.097274e-21   1.744110e-21   2.991891e-21   2.883267e-21   6.476059e-22   1.071382e-21   3.916300e-22   7.423352e-21   1.280488e-20   6.268252e-20   1.649022e-19   1.623682e-19   0.000000e+00
         4.4000   0.000000e+00   0.000000e+00   0.000000e+00   0.000000e+00   0.000000e+00   0.000000e+00   1.037553e-21   1.648788e-21   2.827216e-21   2.722930e-21   6.116512e-22   1.011783e-21   1.375585e-21   7.009028e-21   1.209119e-20   5.920189e-20   1.557759e-19   1.534700e-19   0.000000e+00
         4.4500   0.000000e+00   0.000000e+00   0.000000e+00   0.000000e+00   0.000000e+00   0.000000e+00   9.812569e-22   1.558915e-21   2.671904e-21   2.571615e-21   5.777228e-22   9.555363e-22   1.298951e-21   6.617934e-21   1.141758e-20   5.591744e-20   1.471974e-19   1.449008e-19   0.000000e+00
         4.5000   0.000000e+00   0.000000e+00   0.000000e+00   0.000000e+00   0.000000e+00   0.000000e+00   9.281968e-22   1.474192e-21   2.525440e-21   2.428822e-21   5.457081e-22   1.042795e-21   1.226621e-21   6.248773e-21   1.078181e-20   5.281828e-20   1.389743e-19   1.366349e-19   0.000000e+00
         4.5500   0.000000e+00   0.000000e+00   0.000000e+00   0.000000e+00   0.000000e+00   0.000000e+00   8.781944e-22   1.394335e-21   2.387337e-21   2.294077e-21   5.155007e-22   9.849564e-22   1.158355e-21   5.900321e-21   1.018177e-20   4.989412e-20   1.312012e-19   1.289087e-19   0.000000e+00
         4.6000   0.000000e+00   0.000000e+00   0.000000e+00   0.000000e+00   0.000000e+00   0.000000e+00   8.310809e-22   1.319075e-21   2.257134e-21   2.166932e-21   1.491790e-21   9.303810e-22   1.093927e-21   9.942977e-21   9.615482e-21   4.713526e-20   1.238674e-19   1.217166e-19   0.000000e+00
         4.6500   0.000000e+00   0.000000e+00   0.000000e+00   0.000000e+00   0.000000e+00   0.000000e+00   7.866969e-22   1.248159e-21   2.134398e-21   2.046965e-21   1.409098e-21   8.788873e-22   1.033122e-21   9.388199e-21   9.081056e-21   4.453254e-20   1.171994e-19   1.150887e-19   0.000000e+00
         4.7000   0.000000e+00   0.000000e+00   0.000000e+00   0.000000e+00   0.000000e+00   0.000000e+00   7.448916e-22   1.181347e-21   2.018719e-21   1.933778e-21   1.331072e-21   1.331802e-21   2.897305e-21   8.864534e-21   8.576725e-21   4.207731e-20   1.106653e-19   1.086717e-19   0.000000e+00
         4.7500   0.000000e+00   0.000000e+00   0.000000e+00   0.000000e+00   0.000000e+00   0.000000e+00   7.055221e-22   1.118415e-21   1.909712e-21   1.826995e-21   1.257454e-21   1.258270e-21   2.736017e-21   8.370243e-21   8.100815e-21   3.976142e-20   1.046557e-19   1.026146e-19   0.000000e+00
         4.8000   0.000000e+00   0.000000e+00   0.000000e+00   0.000000e+00   0.000000e+00   0.000000e+00   6.684534e-22   1.059146e-21   1.807011e-21   1.726260e-21   1.187998e-21   1.188903e-21   2.583794e-21   7.903689e-21   7.651747e-21   3.757716e-20   9.882685e-20   9.711908e-20   0.000000e+00
         4.8500   0.000000e+00   0.000000e+00   0.000000e+00   0.000000e+00   0.000000e+00   0.000000e+00   6.335571e-22   1.003339e-21   1.710271e-21   1.631240e-21   1.122475e-21   1.123469e-21   2.440128e-21   7.463323e-21   7.228033e-21   3.551728e-20   9.332576e-20   9.152950e-20   0.000000e+00
         4.9000   0.000000e+00   0.000000e+00   0.000000e+00   0.000000e+00   0.000000e+00   0.000000e+00   6.007119e-22   9.508008e-22   1.619168e-21   1.975758e-21   1.060665e-21   1.061751e-21   2.304544e-21   7.047684e-21   6.828265e-21   3.357490e-20   8.813423e-20   8.646738e-20   0.000000e+00
         4.9500   0.000000e+00   0.000000e+00   0.000000e+00   0.000000e+00   0.000000e+00   0.000000e+00   5.698024e-22   9.013504e-22   1.533394e-21   1.866990e-21   1.002363e-21   1.003542e-21   2.176590e-21   6.655392e-21   6.451116e-21   3.174356e-20   8.331039e-20   8.169802e-20   0.000000e+00
         5.0000   0.000000e+00   0.000000e+00   0.000000e+00   0.000000e+00   0.000000e+00   0.000000e+00   5.407191e-22   8.548147e-22   1.452658e-21   1.764397e-21   1.928621e-21   1.907108e-21   2.055841e-21   6.285145e-21   6.095334e-21   3.001714e-20   7.859277e-20   7.715573e-20   0.000000e+00
         5.0500   0.000000e+00   0.000000e+00   0.000000e+00   0.000000e+00   0.000000e+00   0.000000e+00   5.133578e-22   8.110299e-22   1.376684e-21   1.667637e-21   1.822269e-21   1.802450e-21   1.941894e-21   5.935712e-21   5.759737e-21   2.838987e-20   7.442020e-20   7.275859e-20   0.000000e+00
         5.1000   0.000000e+00   0.000000e+00   0.000000e+00   0.000000e+00   0.000000e+00   0.000000e+00   4.876194e-22   7.698402e-22   1.305214e-21   1.576386e-21   1.721943e-21   1.703745e-21   3.710858e-21   5.605933e-21   5.443210e-21   2.685630e-20   7.030288e-20   6.871861e-20   0.000000e+00
         5.1500   0.000000e+00   0.000000e+00   0.000000e+00   0.000000e+00   0.000000e+00   0.000000e+00   4.634096e-22   7.310978e-22   1.237999e-21   1.490339e-21   1.627307e-21   1.610663e-21   3.504781e-21   5.294709e-21   5.144698e-21   2.541128e-20   6.666388e-20   6.490609e-20   0.000000e+00
         5.2000   0.000000e+00   0.000000e+00   0.000000e+00   0.000000e+00   0.000000e+00   0.000000e+00   4.406384e-22   6.946616e-22   1.174806e-21   1.409207e-21   1.538045e-21   1.522890e-21   3.310302e-21   5.001007e-21   4.863208e-21   2.404995e-20   6.295200e-20   6.125334e-20   0.000000e+00
         5.2500   0.000000e+00   0.000000e+00   0.000000e+00   0.000000e+00   0.000000e+00   0.000000e+00   4.192201e-22   6.603975e-22   1.115414e-21   1.332717e-21   1.453858e-21   1.440130e-21   3.126771e-21   4.723846e-21   4.597802e-21   2.276770e-20   5.939775e-20   5.783089e-20   0.000000e+00
         5.3000   0.000000e+00   0.000000e+00   0.000000e+00   0.000000e+00   0.000000e+00   0.000000e+00   3.990726e-22   6.281777e-22   1.059611e-21   1.260611e-21   1.374462e-21   1.362105e-21   2.953577e-21   5.830717e-21   4.347595e-21   2.156018e-20   5.612464e-20   5.463339e-20   0.000000e+00
         5.3500   0.000000e+00   0.000000e+00   0.000000e+00   0.000000e+00   0.000000e+00   0.000000e+00   3.801181e-22   5.978803e-22   1.007196e-21   1.192644e-21   1.299591e-21   2.279342e-21   2.790141e-21   5.507429e-21   4.111749e-21   2.042329e-20   5.315871e-20   5.161648e-20   0.000000e+00
         5.4000   0.000000e+00   0.000000e+00   0.000000e+00   0.000000e+00   0.000000e+00   0.000000e+00   3.622816e-22   5.693889e-22   9.579793e-22   1.128586e-21   1.228990e-21   2.155258e-21   2.635916e-21   5.202343e-21   3.889475e-21   1.935313e-20   5.016734e-20   4.876997e-20   0.000000e+00
         5.4500   0.000000e+00   0.000000e+00   0.000000e+00   0.000000e+00   0.000000e+00   0.000000e+00   3.454918e-22   5.425924e-22   9.117786e-22   1.068217e-21   1.162421e-21   2.038251e-21   2.490384e-21   4.914437e-21   3.680027e-21   1.834601e-20   4.743477e-20   4.608439e-20   0.000000e+00
         5.5000   0.000000e+00   0.000000e+00   0.000000e+00   0.000000e+00   0.000000e+00   0.000000e+00   3.296809e-22   5.173847e-22   8.684202e-22   1.011329e-21   1.099655e-21   1.927924e-21   2.353058e-21   4.642748e-21   3.482700e-21   1.739844e-20   4.482423e-20   4.355081e-20   0.000000e+00
         5.5500   0.000000e+00   0.000000e+00   0.000000e+00   0.000000e+00   0.000000e+00   0.000000e+00   3.147841e-22   4.936650e-22   8.277373e-22   9.577252e-22   1.040477e-21   1.823898e-21   2.223473e-21   4.386364e-21   3.296828e-21   1.650711e-20   4.243207e-20   4.116084e-20   0.000000e+00
         5.6000   0.000000e+00   0.000000e+00   0.000000e+00   0.000000e+00   0.000000e+00   0.000000e+00   3.007392e-22   4.713371e-22   7.895697e-22   9.072185e-22   9.846830e-22   1.725818e-21   2.101191e-21   4.144423e-21   3.121781e-21   1.566887e-20   4.011770e-20   3.890681e-20   0.000000e+00
         5.6500   0.000000e+00   0.000000e+00   0.000000e+00   0.000000e+00   0.000000e+00   0.000000e+00   2.874874e-22   4.503088e-22   7.537652e-22   8.596309e-22   9.320782e-22   1.633342e-21   1.985798e-21   3.916109e-21   2.956964e-21   1.488074e-20   3.787887e-20   3.678152e-20   0.000000e+00
         5.7000   0.000000e+00   0.000000e+00   0.000000e+00   0.000000e+00   0.000000e+00   0.000000e+00   2.749732e-22   4.304923e-22   7.201780e-22   8.147929e-22   1.189584e-21   1.546149e-21   1.876901e-21   3.700649e-21   2.801813e-21   1.413989e-20   3.584286e-20   3.477784e-20   0.000000e+00
         5.7500   0.000000e+00   0.000000e+00   0.000000e+00   0.000000e+00   0.000000e+00   0.000000e+00   2.631445e-22   4.118052e-22   6.886677e-22   7.725432e-22   1.125752e-21   1.463932e-21   1.774125e-21   3.497313e-21   2.655795e-21   1.344362e-20   3.392503e-20   3.288901e-20   0.000000e+00
         5.8000   0.000000e+00   0.000000e+00   0.000000e+00   0.000000e+00   0.000000e+00   0.000000e+00   2.519506e-22   3.941700e-22   6.590984e-22   7.327276e-22   1.065541e-21   1.386399e-21   2.264470e-21   3.305406e-21   2.518405e-21   1.278936e-20   3.217557e-20   3.110867e-20   0.000000e+00
         5.8500   0.000000e+00   0.000000e+00   0.000000e+00   0.000000e+00   0.000000e+00   0.000000e+00   2.413428e-22   3.775115e-22   6.313382e-22   6.951996e-22   1.008739e-21   1.313273e-21   2.140144e-21   3.124274e-21   2.389164e-21   1.217467e-20   3.054034e-20   2.943078e-20   0.000000e+00
         5.9000   0.000000e+00   0.000000e+00   0.000000e+00   0.000000e+00   0.000000e+00   0.000000e+00   2.312764e-22   3.617574e-22   6.052592e-22   6.598194e-22   9.551422e-22   1.244287e-21   2.022769e-21   2.953292e-21   2.267618e-21   1.159724e-20   2.890304e-20   2.784954e-20   0.000000e+00
         5.9500   0.000000e+00   0.000000e+00   0.000000e+00   0.000000e+00   0.000000e+00   0.000000e+00   2.217122e-22   3.468405e-22   5.807375e-22   6.264525e-22   9.045576e-22   1.179190e-21   1.911938e-21   2.791870e-21   2.153335e-21   1.105483e-20   2.739737e-20   2.635920e-20   0.000000e+00
         6.0000   0.000000e+00   0.000000e+00   0.000000e+00   0.000000e+00   0.000000e+00   0.000000e+00   2.126145e-22   3.327015e-22   5.576567e-22   5.949701e-22   8.568008e-22   1.117740e-21   1.807268e-21   2.639447e-21   2.045904e-21   1.054533e-20   2.597646e-20   2.495437e-20   0.000000e+00
         6.0500   0.000000e+00   0.000000e+00   0.000000e+00   0.000000e+00   0.000000e+00   0.000000e+00   2.039476e-22   3.192869e-22   5.359058e-22   5.652517e-22   8.116962e-22   1.059708e-21   1.708391e-21   2.495493e-21   1.944934e-21   1.006671e-20   2.467538e-20   2.363014e-20   0.000000e+00
         6.1000   0.000000e+00   0.000000e+00   0.000000e+00   0.000000e+00   0.000000e+00   0.000000e+00   1.956758e-22   3.065436e-22   5.153681e-22   5.371830e-22   7.690763e-22   1.297784e-21   1.614962e-21   2.359502e-21   1.850057e-21   9.617027e-21   2.341713e-20   2.238188e-20   0.000000e+00
         6.1500   0.000000e+00   0.000000e+00   0.000000e+00   0.000000e+00   0.000000e+00   0.000000e+00   1.877674e-22   2.944185e-22   4.959320e-22   5.106458e-22   7.287819e-22   1.229765e-21   1.526650e-21   2.230994e-21   1.760922e-21   9.194404e-21   2.220643e-20   2.120528e-20   0.000000e+00
         6.2000   0.000000e+00   0.000000e+00   0.000000e+00   0.000000e+00   0.000000e+00   0.000000e+00   1.801976e-22   2.828624e-22   4.775052e-22   4.855276e-22   6.906614e-22   1.165453e-21   1.443143e-21   2.109514e-21   1.677180e-21   8.797069e-21   2.109220e-20   2.009637e-20   0.000000e+00
         6.2500   0.000000e+00   0.000000e+00   0.000000e+00   0.000000e+00   0.000000e+00   0.000000e+00   1.729452e-22   2.718363e-22   4.600090e-22   4.617369e-22   6.545708e-22   1.104602e-21   1.364146e-21   1.994637e-21   1.598508e-21   8.423309e-21   2.004324e-20   1.905155e-20   0.000000e+00
         6.3000   0.000000e+00   0.000000e+00   0.000000e+00   0.000000e+00   0.000000e+00   0.000000e+00   1.659891e-22   2.613070e-22   4.433437e-22   4.391983e-22   6.203736e-22   1.046972e-21   1.289375e-21   1.885957e-21   1.524620e-21   8.071521e-21   1.905913e-20   1.806746e-20   0.000000e+00
         6.3500   0.000000e+00   0.000000e+00   0.000000e+00   0.000000e+00   0.000000e+00   0.000000e+00   1.593088e-22   2.512421e-22   4.273909e-22   4.178125e-22   5.879407e-22   9.923585e-22   1.218564e-21   1.783069e-21   1.455236e-21   7.740171e-21   1.810548e-20   1.714083e-20   0.000000e+00
         6.4000   0.000000e+00   0.000000e+00   0.000000e+00   0.000000e+00   0.000000e+00   0.000000e+00   1.528863e-22   2.416099e-22   4.120466e-22   3.974568e-22   5.571506e-22   9.405867e-22   1.151466e-21   1.685604e-21   1.389994e-21   7.427714e-21   1.723142e-20   1.626842e-20   0.000000e+00
         6.4500   0.000000e+00   0.000000e+00   0.000000e+00   0.000000e+00   0.000000e+00   0.000000e+00   1.467060e-22   2.323815e-22   3.972750e-22   3.780228e-22   5.278891e-22   8.914569e-22   1.087849e-21   1.593248e-21   1.328581e-21   7.132608e-21   1.640920e-20   1.544706e-20   0.000000e+00
         6.5000   0.000000e+00   0.000000e+00   0.000000e+00   0.000000e+00   0.000000e+00   0.000000e+00   1.407545e-22   2.235312e-22   3.830695e-22   3.594763e-22   5.000497e-22   8.447384e-22   1.027488e-21   1.505717e-21   1.270857e-21   6.853508e-21   1.563624e-20   1.467374e-20   0.000000e+00
         6.5500   0.000000e+00   0.000000e+00   0.000000e+00   0.000000e+00   0.000000e+00   0.000000e+00   1.350213e-22   2.150368e-22   3.693871e-22   3.418150e-22   4.735331e-22   8.002157e-22   9.701681e-22   1.422666e-21   1.216778e-21   6.589353e-21   1.490946e-20   1.394557e-20   0.000000e+00
         6.6000   0.000000e+00   0.000000e+00   0.000000e+00   0.000000e+00   0.000000e+00   0.000000e+00   1.294999e-22   2.068791e-22   3.561041e-22   3.249993e-22   4.482479e-22   7.577835e-22   9.156881e-22   1.343721e-21   1.165968e-21   6.339026e-21   1.421507e-20   1.325981e-20   0.000000e+00
         6.6500   0.000000e+00   0.000000e+00   0.000000e+00   0.000000e+00   0.000000e+00   0.000000e+00   1.241834e-22   1.990455e-22   3.430888e-22   3.088993e-22   4.241100e-22   7.173928e-22   8.638796e-22   1.268584e-21   1.117796e-21   6.101040e-21   1.357232e-20   1.261387e-20   0.000000e+00
         6.7000   0.000000e+00   0.000000e+00   0.000000e+00   0.000000e+00   0.000000e+00   0.000000e+00   1.190634e-22   1.915232e-22   3.302937e-22   2.933786e-22   4.010430e-22   6.789600e-22   8.145931e-22   1.197136e-21   1.071818e-21   5.873777e-21   1.296696e-20   1.200519e-20   0.000000e+00
         6.7500   0.000000e+00   0.000000e+00   0.000000e+00   0.000000e+00   0.000000e+00   0.000000e+00   1.141303e-22   1.842977e-22   3.177417e-22   2.783874e-22   3.789780e-22   6.422681e-22   7.676804e-22   1.129301e-21   1.028305e-21   5.656334e-21   1.239631e-20   1.143145e-20   0.000000e+00
         6.8000   0.000000e+00   0.000000e+00   0.000000e+00   0.000000e+00   0.000000e+00   0.000000e+00   1.093757e-22   1.773520e-22   3.054626e-22   2.639474e-22   3.578532e-22   6.070834e-22   7.229835e-22   1.064866e-21   9.877230e-22   5.448512e-21   1.185803e-20   1.089045e-20   0.000000e+00
         6.8500   0.000000e+00   0.000000e+00   0.000000e+00   0.000000e+00   0.000000e+00   0.000000e+00   1.047950e-22   1.706702e-22   2.934545e-22   2.500812e-22   3.376140e-22   5.732837e-22   6.803549e-22   1.003452e-21   9.500007e-22   5.250199e-21   1.134995e-20   1.038015e-20   0.000000e+00
         6.9000   0.000000e+00   0.000000e+00   0.000000e+00   0.000000e+00   0.000000e+00   0.000000e+00   1.003852e-22   1.642409e-22   2.817041e-22   2.367795e-22   3.182123e-22   5.408695e-22   6.396798e-22   9.447071e-22   9.141765e-22   5.060100e-21   1.087000e-20   9.898574e-21   0.000000e+00
         6.9500   0.000000e+00   0.000000e+00   0.000000e+00   0.000000e+00   0.000000e+00   0.000000e+00   9.614345e-23   1.580567e-22   2.701683e-22   2.240245e-22   2.996068e-22   5.098554e-22   6.008704e-22   8.885196e-22   8.792828e-22   4.876314e-21   1.041629e-20   9.443890e-21   0.000000e+00
         7.0000   0.000000e+00   0.000000e+00   0.000000e+00   0.000000e+00   0.000000e+00   0.000000e+00   9.206560e-23   1.521099e-22   2.587793e-22   2.117675e-22   2.817617e-22   4.802174e-22   5.638499e-22   8.348993e-22   8.452694e-22   4.697407e-21   9.987169e-21   9.014409e-21   0.000000e+00
         7.0500   0.000000e+00   0.000000e+00   0.000000e+00   0.000000e+00   0.000000e+00   0.000000e+00   8.814625e-23   1.463917e-22   2.474846e-22   1.999239e-22   2.646470e-22   4.519096e-22   5.285425e-22   7.838564e-22   8.125980e-22   4.523316e-21   9.580911e-21   8.608514e-21   0.000000e+00
         7.1000   0.000000e+00   0.000000e+00   0.000000e+00   0.000000e+00   0.000000e+00   0.000000e+00   8.437970e-23   1.408914e-22   2.363161e-22   1.884221e-22   2.482375e-22   4.248491e-22   4.948774e-22   7.353216e-22   7.816919e-22   4.354385e-21   9.195875e-21   8.224605e-21   0.000000e+00
         7.1500   0.000000e+00   0.000000e+00   0.000000e+00   0.000000e+00   0.000000e+00   0.000000e+00   8.075992e-23   1.355977e-22   2.253462e-22   1.772786e-22   2.325122e-22   3.988954e-22   4.627822e-22   6.892039e-22   7.525783e-22   4.190798e-21   8.830528e-21   7.861214e-21   0.000000e+00
         7.2000   0.000000e+00   0.000000e+00   0.000000e+00   0.000000e+00   0.000000e+00   0.000000e+00   7.728057e-23   1.304993e-22   2.146307e-22   1.665528e-22   2.174541e-22   3.739239e-22   4.321834e-22   6.453044e-22   7.251828e-22   4.032236e-21   8.483131e-21   7.516891e-21   0.000000e+00
         7.2500   0.000000e+00   0.000000e+00   0.000000e+00   0.000000e+00   0.000000e+00   0.000000e+00   7.393591e-23   1.255840e-22   2.041672e-22   1.562878e-22   2.030489e-22   3.499272e-22   4.030171e-22   6.033822e-22   6.990467e-22   3.878234e-21   8.151831e-21   7.190066e-21   0.000000e+00
         7.3000   0.000000e+00   0.000000e+00   0.000000e+00   0.000000e+00   0.000000e+00   0.000000e+00   7.072094e-23   1.208412e-22   1.939373e-22   1.464675e-22   1.892846e-22   3.269776e-22   3.752461e-22   5.632570e-22   6.734144e-22   3.727686e-21   7.835299e-21   6.879258e-21   0.000000e+00
         7.3500   0.000000e+00   0.000000e+00   0.000000e+00   0.000000e+00   0.000000e+00   0.000000e+00   6.763103e-23   1.162610e-22   1.839286e-22   1.370614e-22   1.761512e-22   3.051331e-22   3.488473e-22   5.249687e-22   6.477044e-22   3.579548e-21   7.532679e-21   6.583418e-21   0.000000e+00
         7.4000   0.000000e+00   0.000000e+00   0.000000e+00   0.000000e+00   0.000000e+00   0.000000e+00   6.466110e-23   1.118350e-22   1.741542e-22   1.280447e-22   1.636395e-22   2.843671e-22   3.237963e-22   4.886159e-22   6.222395e-22   3.433457e-21   7.242551e-21   6.301582e-21   0.000000e+00
         7.4500   0.000000e+00   0.000000e+00   0.000000e+00   0.000000e+00   0.000000e+00   0.000000e+00   6.180529e-23   1.075544e-22   1.646355e-22   1.194142e-22   1.517409e-22   2.646214e-22   3.000565e-22   4.542386e-22   5.976113e-22   3.290126e-21   6.962978e-21   6.032309e-21   0.000000e+00
         7.5000   0.000000e+00   0.000000e+00   0.000000e+00   0.000000e+00   0.000000e+00   0.000000e+00   5.905743e-23   1.034099e-22   1.553925e-22   1.111727e-22   1.404469e-22   2.458425e-22   2.775883e-22   4.217414e-22   5.741894e-22   3.150349e-21   6.692909e-21   5.774205e-21   0.000000e+00
         7.5500   0.000000e+00   0.000000e+00   0.000000e+00   0.000000e+00   0.000000e+00   0.000000e+00   5.641194e-23   9.939170e-23   1.464435e-22   1.033216e-22   1.297482e-22   2.280066e-22   2.563542e-22   3.910094e-22   5.517190e-22   3.014316e-21   6.432219e-21   5.526576e-21   0.000000e+00
         7.6000   0.000000e+00   0.000000e+00   0.000000e+00   0.000000e+00   0.000000e+00   0.000000e+00   5.386426e-23   9.549115e-23   1.378062e-22   9.586287e-23   1.196349e-22   2.111031e-22   2.363221e-22   3.619450e-22   5.298587e-22   2.881571e-21   6.181201e-21   5.289181e-21   0.000000e+00
         7.6500   0.000000e+00   0.000000e+00   0.000000e+00   0.000000e+00   0.000000e+00   0.000000e+00   5.141003e-23   9.170135e-23   1.294931e-22   8.880071e-23   1.100959e-22   1.951196e-22   2.174608e-22   3.345021e-22   5.083656e-22   2.751671e-21   5.939170e-21   5.061774e-21   0.000000e+00
         7.7000   0.000000e+00   0.000000e+00   0.000000e+00   0.000000e+00   0.000000e+00   0.000000e+00   4.904490e-23   8.801631e-23   1.214965e-22   8.213566e-23   1.011188e-22   1.800442e-22   1.997385e-22   3.086435e-22   4.872340e-22   2.624420e-21   5.703905e-21   4.843237e-21   0.000000e+00
         7.7500   0.000000e+00   0.000000e+00   0.000000e+00   0.000000e+00   0.000000e+00   0.000000e+00   4.676441e-23   8.443043e-23   1.138007e-22   7.584660e-23   9.268990e-23   1.658672e-22   1.831220e-22   2.843308e-22   4.665102e-22   2.499974e-21   5.473916e-21   4.631956e-21   0.000000e+00
         7.8000   0.000000e+00   0.000000e+00   0.000000e+00   0.000000e+00   0.000000e+00   0.000000e+00   4.456439e-23   8.093827e-23   1.064031e-22   6.990329e-23   8.479390e-23   1.525745e-22   1.675777e-22   2.615310e-22   4.462292e-22   2.378527e-21   5.249827e-21   4.427370e-21   0.000000e+00
         7.8500   0.000000e+00   0.000000e+00   0.000000e+00   0.000000e+00   0.000000e+00   0.000000e+00   4.244128e-23   7.753495e-23   9.932175e-23   6.428898e-23   7.741429e-23   1.401214e-22   1.530689e-22   2.402121e-22   4.264484e-22   2.260262e-21   5.032305e-21   4.229770e-21   0.000000e+00
         7.9000   0.000000e+00   0.000000e+00   0.000000e+00   0.000000e+00   0.000000e+00   0.000000e+00   4.039204e-23   7.421670e-23   9.257625e-23   5.901095e-23   7.053332e-23   1.284480e-22   1.395526e-22   2.203239e-22   4.072502e-22   2.145367e-21   4.820786e-21   4.039113e-21   0.000000e+00
         7.9500   0.000000e+00   0.000000e+00   0.000000e+00   0.000000e+00   0.000000e+00   0.000000e+00   3.841422e-23   7.098077e-23   8.617035e-23   5.407746e-23   6.413214e-23   1.175089e-22   1.269829e-22   2.017675e-22   3.886796e-22   2.034005e-21   4.614482e-21   3.854686e-21   0.000000e+00
         8.0000   0.000000e+00   0.000000e+00   0.000000e+00   0.000000e+00   0.000000e+00   0.000000e+00   3.650576e-23   6.782541e-23   8.009381e-23   4.948202e-23   5.819099e-23   1.072963e-22   1.153162e-22   1.844354e-22   3.705751e-22   1.926160e-21   4.413520e-21   3.676061e-21   0.000000e+00
         8.0500   0.000000e+00   0.000000e+00   0.000000e+00   0.000000e+00   0.000000e+00   0.000000e+00   3.466485e-23   6.474972e-23   7.433373e-23   4.520475e-23   5.268947e-23   9.780740e-23   1.045145e-22   1.682675e-22   3.527241e-22   1.821610e-21   4.217834e-21   3.503282e-21   0.000000e+00
         8.1000   0.000000e+00   0.000000e+00   0.000000e+00   0.000000e+00   0.000000e+00   0.000000e+00   3.288970e-23   6.175328e-23   6.888117e-23   4.122503e-23   4.760670e-23   8.902170e-23   9.453956e-23   1.532498e-22   3.350989e-22   1.720166e-21   4.026070e-21   3.335803e-21   0.000000e+00
         8.1500   0.000000e+00   0.000000e+00   0.000000e+00   0.000000e+00   0.000000e+00   0.000000e+00   3.117868e-23   5.883587e-23   6.373176e-23   3.752656e-23   4.292152e-23   8.089638e-23   8.534946e-23   1.393670e-22   3.178906e-22   1.621995e-21   3.837719e-21   3.172720e-21   0.000000e+00
         8.2000   0.000000e+00   0.000000e+00   0.000000e+00   0.000000e+00   0.000000e+00   0.000000e+00   2.953031e-23   5.599744e-23   5.888037e-23   3.409762e-23   3.861273e-23   7.338686e-23   7.689933e-23   1.265654e-22   3.012910e-22   1.527399e-21   3.653963e-21   3.014125e-21   0.000000e+00
         8.2500   0.000000e+00   0.000000e+00   0.000000e+00   0.000000e+00   0.000000e+00   0.000000e+00   2.794318e-23   5.323820e-23   5.432019e-23   3.092663e-23   3.465919e-23   6.645393e-23   6.914457e-23   1.147688e-22   2.853335e-22   1.436618e-21   3.475793e-21   2.860688e-21   0.000000e+00
         8.3000   0.000000e+00   0.000000e+00   0.000000e+00   0.000000e+00   0.000000e+00   0.000000e+00   2.641606e-23   5.055845e-23   5.004189e-23   2.800154e-23   3.104002e-23   6.006715e-23   6.204237e-23   1.039027e-22   2.699344e-22   1.349610e-21   3.302978e-21   2.712643e-21   0.000000e+00
         8.3500   0.000000e+00   0.000000e+00   0.000000e+00   0.000000e+00   0.000000e+00   0.000000e+00   2.494780e-23   4.795867e-23   4.603516e-23   2.530906e-23   2.773471e-23   5.419733e-23   5.555216e-23   9.390605e-23   2.550222e-22   1.266249e-21   3.135005e-21   2.569629e-21   0.000000e+00
         8.4000   0.000000e+00   0.000000e+00   0.000000e+00   0.000000e+00   0.000000e+00   0.000000e+00   2.353729e-23   4.543942e-23   4.228959e-23   2.283572e-23   2.472325e-23   4.881557e-23   4.963455e-23   8.472928e-23   2.405784e-22   1.186418e-21   2.971665e-21   2.431314e-21   0.000000e+00
         8.4500   0.000000e+00   0.000000e+00   0.000000e+00   0.000000e+00   0.000000e+00   0.000000e+00   2.218345e-23   4.300118e-23   3.879459e-23   2.056822e-23   2.198616e-23   4.389187e-23   4.425134e-23   7.632436e-23   2.266313e-22   1.110094e-21   2.813171e-21   2.297635e-21   0.000000e+00
         8.5000   0.000000e+00   0.000000e+00   0.000000e+00   0.000000e+00   0.000000e+00   0.000000e+00   2.088525e-23   4.064441e-23   3.553986e-23   1.849366e-23   1.950462e-23   3.939632e-23   3.936541e-23   6.864381e-23   2.132066e-22   1.037289e-21   2.659742e-21   2.168680e-21   0.000000e+00
         8.5500   0.000000e+00   0.000000e+00   0.000000e+00   0.000000e+00   0.000000e+00   0.000000e+00   1.964172e-23   3.836948e-23   3.251508e-23   1.659965e-23   1.726044e-23   3.529991e-23   3.494102e-23   6.163881e-23   2.003203e-22   9.679946e-22   2.511512e-21   2.044511e-21   0.000000e+00
         8.6000   0.000000e+00   0.000000e+00   0.000000e+00   0.000000e+00   0.000000e+00   0.000000e+00   1.845196e-23   3.617670e-23   2.970960e-23   1.487428e-23   1.523619e-23   3.157473e-23   3.094397e-23   5.526189e-23   1.879716e-22   9.021679e-22   2.368485e-21   1.925125e-21   0.000000e+00
         8.6500   0.000000e+00   0.000000e+00   0.000000e+00   0.000000e+00   0.000000e+00   0.000000e+00   1.731503e-23   3.406635e-23   2.711245e-23   1.330598e-23   1.341514e-23   2.819428e-23   2.734163e-23   4.946746e-23   1.761550e-22   8.397333e-22   2.230645e-21   1.810460e-21   0.000000e+00
         8.7000   0.000000e+00   0.000000e+00   0.000000e+00   0.000000e+00   0.000000e+00   0.000000e+00   1.622995e-23   3.203853e-23   2.471260e-23   1.188360e-23   1.178134e-23   2.513335e-23   2.410303e-23   4.421214e-23   1.648637e-22   7.806076e-22   2.098133e-21   1.700484e-21   0.000000e+00
         8.7500   0.000000e+00   0.000000e+00   0.000000e+00   0.000000e+00   0.000000e+00   0.000000e+00   1.519569e-23   3.009314e-23   2.249899e-23   1.059642e-23   1.031959e-23   2.236782e-23   2.119879e-23   3.945519e-23   1.540903e-22   7.247054e-22   1.971140e-21   1.595274e-21   0.000000e+00
         8.8000   0.000000e+00   0.000000e+00   0.000000e+00   0.000000e+00   0.000000e+00   0.000000e+00   1.421114e-23   2.822985e-23   2.046064e-23   9.434134e-24   9.015473e-24   1.987469e-23   1.860109e-23   3.515802e-23   1.438289e-22   6.719396e-22   1.849397e-21   1.494809e-21   0.000000e+00
         8.8500   0.000000e+00   0.000000e+00   0.000000e+00   0.000000e+00   0.000000e+00   0.000000e+00   1.327512e-23   2.644809e-23   1.858682e-23   8.386870e-24   7.855329e-24   1.763210e-23   1.628368e-23   3.128402e-23   1.340732e-22   6.222257e-22   1.732498e-21   1.398796e-21   0.000000e+00
         8.9000   0.000000e+00   0.000000e+00   0.000000e+00   0.000000e+00   0.000000e+00   0.000000e+00   1.238638e-23   2.474702e-23   1.686703e-23   7.445259e-24   6.826285e-24   1.561927e-23   1.422184e-23   2.779857e-23   1.248151e-22   5.754741e-22   1.620587e-21   1.307045e-21   0.000000e+00
         8.9500   0.000000e+00   0.000000e+00   0.000000e+00   0.000000e+00   0.000000e+00   0.000000e+00   1.154367e-23   2.312559e-23   1.529102e-23   6.600435e-24   5.916230e-24   1.381655e-23   1.239233e-23   2.466899e-23   1.160450e-22   5.315867e-22   1.514008e-21   1.219693e-21   0.000000e+00
         9.0000   0.000000e+00   0.000000e+00   0.000000e+00   0.000000e+00   0.000000e+00   0.000000e+00   1.074569e-23   2.158258e-23   1.384890e-23   5.844036e-24   5.113820e-24   1.220540e-23   1.077340e-23   2.186443e-23   1.077521e-22   4.904582e-22   1.412795e-21   1.136849e-21   0.000000e+00
