# CIE bound-bound cooling efficiency for Ne (Z=10)
# Source: CHIANTI v11.0.2 via ChiantiPy ion.boundBoundLoss
# Units: erg cm^3 / s, per ion per electron, low-density limit (n_e = 1 cm^-3)
# T grid: 121 log-spaced points, 10^3.00 K -> 10^9.00 K
# Generated by pyathena/photchem/data/build_cool_tables.py
#
# log_T_K        L_Ne0          L_Ne1          L_Ne2          L_Ne3          L_Ne4          L_Ne5          L_Ne6          L_Ne7          L_Ne8          L_Ne9          L_Ne10       
         3.0000   0.000000e+00   4.700216e-26   1.880087e-25   4.230195e-25   7.520346e-25   1.175054e-24   1.692078e-24   2.303106e-24   3.008138e-24   3.807175e-24   4.700216e-24
         3.0500   0.000000e+00   4.978722e-26   1.991489e-25   4.480849e-25   7.965955e-25   1.244680e-24   1.792340e-24   2.439574e-24   3.186382e-24   4.032764e-24   4.978722e-24
         3.1000   0.000000e+00   5.273729e-26   2.109492e-25   4.746356e-25   8.437967e-25   1.318432e-24   1.898543e-24   2.584127e-24   3.375187e-24   4.271721e-24   5.273729e-24
         3.1500   0.000000e+00   5.586217e-26   2.234487e-25   5.027596e-25   8.937948e-25   1.396554e-24   2.011038e-24   2.737247e-24   3.575179e-24   4.524836e-24   5.586217e-24
         3.2000   0.000000e+00   5.917222e-26   2.366889e-25   5.325500e-25   9.467555e-25   1.479305e-24   2.130200e-24   2.899439e-24   3.787022e-24   4.792950e-24   5.917222e-24
         3.2500   0.000000e+00   6.267839e-26   2.507136e-25   5.641055e-25   1.002854e-24   1.566960e-24   2.256422e-24   3.071241e-24   4.011417e-24   5.076950e-24   6.267839e-24
         3.3000   0.000000e+00   6.639232e-26   2.655693e-25   5.975309e-25   1.062277e-24   1.659808e-24   2.390123e-24   3.253224e-24   4.249108e-24   5.377778e-24   6.639232e-24
         3.3500   0.000000e+00   7.032631e-26   2.813052e-25   6.329368e-25   1.125221e-24   1.758158e-24   2.531747e-24   3.445989e-24   4.500884e-24   5.696431e-24   7.032631e-24
         3.4000   0.000000e+00   7.449341e-26   2.979736e-25   6.704407e-25   1.191895e-24   1.862335e-24   2.681763e-24   3.650177e-24   4.767578e-24   6.033966e-24   7.449341e-24
         3.4500   0.000000e+00   7.890742e-26   3.156297e-25   7.101668e-25   1.262519e-24   1.972685e-24   2.840667e-24   3.866464e-24   5.050075e-24   6.391501e-24   7.890742e-24
         3.5000   0.000000e+00   8.358298e-26   3.343319e-25   7.522468e-25   1.337328e-24   2.089574e-24   3.008987e-24   4.095566e-24   5.349311e-24   6.770221e-24   8.358298e-24
         3.5500   0.000000e+00   8.853558e-26   3.541423e-25   7.968202e-25   1.416569e-24   2.213390e-24   3.187281e-24   4.338243e-24   5.666277e-24   7.171382e-24   8.853558e-24
         3.6000   0.000000e+00   9.378164e-26   3.751266e-25   8.440348e-25   1.500506e-24   2.344541e-24   3.376139e-24   4.595301e-24   6.002025e-24   7.596313e-24   9.378164e-24
         3.6500   0.000000e+00   9.933856e-26   3.973542e-25   8.940470e-25   1.589417e-24   2.483464e-24   3.576188e-24   4.867589e-24   6.357668e-24   8.046423e-24   9.933856e-24
         3.7000   0.000000e+00   1.055023e-25   4.208989e-25   9.470226e-25   1.683596e-24   2.630618e-24   3.788090e-24   5.156012e-24   6.734383e-24   8.523204e-24   1.052247e-23
         3.7500   0.000000e+00   1.121609e-25   4.458388e-25   1.003137e-24   1.783355e-24   2.786492e-24   4.012549e-24   5.461525e-24   7.133420e-24   9.028235e-24   1.114597e-23
         3.8000   0.000000e+00   1.192740e-25   4.722564e-25   1.062577e-24   1.889026e-24   2.951602e-24   4.250307e-24   5.785141e-24   7.556102e-24   9.563192e-24   1.180641e-23
         3.8500   0.000000e+00   1.268764e-25   5.002393e-25   1.125538e-24   2.000957e-24   3.126496e-24   4.502154e-24   6.127932e-24   8.003829e-24   1.012985e-23   1.250598e-23
         3.9000   0.000000e+00   1.350059e-25   5.298804e-25   1.192231e-24   2.119521e-24   3.311752e-24   4.768923e-24   6.491035e-24   8.478086e-24   1.073008e-23   1.324701e-23
         3.9500   0.000000e+00   1.437039e-25   5.616561e-25   1.262875e-24   2.245111e-24   3.507986e-24   5.051500e-24   6.875653e-24   8.980444e-24   1.136587e-23   1.403194e-23
         4.0000   0.000000e+00   1.530158e-25   5.970098e-25   1.337705e-24   2.378142e-24   3.715847e-24   5.350820e-24   7.283061e-24   9.512569e-24   1.203934e-23   1.486339e-23
         4.0500   0.000000e+00   1.629910e-25   6.347658e-25   1.416969e-24   2.519056e-24   3.936025e-24   5.667876e-24   7.714609e-24   1.007622e-23   1.275272e-23   1.574410e-23
         4.1000   0.000000e+00   1.736832e-25   6.751073e-25   1.500930e-24   2.668319e-24   4.169249e-24   6.003719e-24   8.171728e-24   1.067328e-23   1.350837e-23   1.667700e-23
         4.1500   0.000000e+00   1.851515e-25   7.182330e-25   1.592002e-24   2.826427e-24   4.416293e-24   6.359461e-24   8.655934e-24   1.130571e-23   1.430879e-23   1.766517e-23
         4.2000   0.000000e+00   1.974601e-25   7.643599e-25   1.692303e-24   2.993904e-24   4.677974e-24   6.736283e-24   9.168830e-24   1.197561e-23   1.515664e-23   1.871190e-23
         4.2500   0.000000e+00   2.106794e-25   8.137252e-25   1.799430e-24   3.171304e-24   4.955162e-24   7.135433e-24   9.712117e-24   1.268521e-23   1.605472e-23   1.982065e-23
         4.3000   0.000000e+00   2.248857e-25   8.665879e-25   1.913905e-24   3.359215e-24   5.248774e-24   7.558234e-24   1.028760e-23   1.343686e-23   1.700603e-23   2.099509e-23
         4.3500   0.000000e+00   2.401628e-25   9.232307e-25   2.036292e-24   3.566763e-24   5.559783e-24   8.006088e-24   1.089717e-23   1.423304e-23   1.801370e-23   2.223913e-23
         4.4000   0.000000e+00   2.566019e-25   9.839619e-25   2.167211e-24   3.791798e-24   5.889221e-24   8.480478e-24   1.154287e-23   1.507641e-23   1.908108e-23   2.355688e-23
         4.4500   0.000000e+00   2.743020e-25   1.049119e-24   2.307338e-24   4.032185e-24   6.247139e-24   8.982978e-24   1.222683e-23   1.596974e-23   2.021170e-23   2.495272e-23
         4.5000   0.000000e+00   2.933709e-25   1.119070e-24   2.457411e-24   4.289096e-24   6.640777e-24   9.515253e-24   1.295132e-23   1.691601e-23   2.140932e-23   2.643126e-23
         4.5500   0.000000e+00   3.139255e-25   1.194217e-24   2.618236e-24   4.563812e-24   7.061210e-24   1.009537e-23   1.371873e-23   1.791834e-23   2.267790e-23   2.799741e-23
         4.6000   0.000000e+00   3.360923e-25   1.274998e-24   2.790689e-24   4.857729e-24   7.510484e-24   1.073164e-23   1.453162e-23   1.898007e-23   2.402165e-23   2.965636e-23
         4.6500   0.000000e+00   3.600074e-25   1.361891e-24   2.975735e-24   5.172375e-24   7.990822e-24   1.141124e-23   1.539878e-23   2.010471e-23   2.544502e-23   3.141361e-23
         4.7000   0.000000e+00   3.858168e-25   1.455418e-24   3.174422e-24   5.509416e-24   8.504653e-24   1.213749e-23   1.636769e-23   2.129599e-23   2.695274e-23   3.327498e-23
         4.7500   0.000000e+00   4.136765e-25   1.556145e-24   3.387895e-24   5.870672e-24   9.054630e-24   1.291397e-23   1.740240e-23   2.262557e-23   2.854979e-23   3.524665e-23
         4.8000   0.000000e+00   4.437502e-25   1.664686e-24   3.617401e-24   6.258126e-24   9.643654e-24   1.374461e-23   1.850793e-23   2.405424e-23   3.024147e-23   3.733514e-23
         4.8500   0.000000e+00   4.762088e-25   1.781710e-24   3.864305e-24   6.673954e-24   1.027489e-23   1.463372e-23   1.968969e-23   2.558050e-23   3.203339e-23   3.954739e-23
         4.9000   0.000000e+00   5.112267e-25   1.907934e-24   4.130090e-24   7.120527e-24   1.095178e-23   1.558598e-23   2.095365e-23   2.721183e-23   3.393148e-23   4.189072e-23
         4.9500   0.000000e+00   5.489759e-25   2.044135e-24   4.416367e-24   7.600424e-24   1.167810e-23   1.660651e-23   2.230627e-23   2.895638e-23   3.594205e-23   4.437290e-23
         5.0000   0.000000e+00   5.896198e-25   2.191139e-24   4.724888e-24   8.116466e-24   1.245799e-23   1.770090e-23   2.375465e-23   3.082305e-23   3.807175e-23   4.700216e-23
         5.0500   0.000000e+00   6.332960e-25   2.349827e-24   5.057552e-24   8.671733e-24   1.329593e-23   1.887525e-23   2.530652e-23   3.282158e-23   4.032764e-23   4.978722e-23
         5.1000   0.000000e+00   6.801100e-25   2.521120e-24   5.416400e-24   9.269571e-24   1.419681e-23   2.013625e-23   2.697032e-23   3.496259e-23   4.271721e-23   5.273729e-23
         5.1500   0.000000e+00   7.301033e-25   2.705968e-24   5.803632e-24   9.913614e-24   1.516601e-23   2.149115e-23   2.875526e-23   3.725766e-23   4.524836e-23   5.586217e-23
         5.2000   0.000000e+00   7.832493e-25   2.905337e-24   6.221599e-24   1.060781e-23   1.620933e-23   2.294790e-23   3.067144e-23   3.971946e-23   4.792950e-23   5.917222e-23
         5.2500   0.000000e+00   8.394233e-25   3.120155e-24   6.672786e-24   1.135643e-23   1.733312e-23   2.451514e-23   3.272984e-23   4.236184e-23   5.076950e-23   6.267839e-23
         5.3000   0.000000e+00   8.984063e-25   3.351279e-24   7.159798e-24   1.216408e-23   1.854425e-23   2.620232e-23   3.494243e-23   4.519991e-23   5.377778e-23   6.639232e-23
         5.3500   0.000000e+00   9.598775e-25   3.599397e-24   7.685303e-24   1.303568e-23   1.985016e-23   2.801967e-23   3.732232e-23   4.825010e-23   5.696431e-23   7.032631e-23
         5.4000   0.000000e+00   1.023448e-24   3.864954e-24   8.252003e-24   1.397651e-23   2.125888e-23   2.997831e-23   3.988377e-23   5.153040e-23   6.033966e-23   7.449341e-23
         5.4500   0.000000e+00   1.088669e-24   4.148039e-24   8.862465e-24   1.499212e-23   2.277903e-23   3.209030e-23   4.264226e-23   5.506043e-23   6.411098e-23   7.890742e-23
         5.5000   0.000000e+00   1.155107e-24   4.448267e-24   9.519010e-24   1.608828e-23   2.441986e-23   3.436859e-23   4.561463e-23   5.886148e-23   6.815957e-23   8.380053e-23
         5.5500   0.000000e+00   1.222358e-24   4.764750e-24   1.022347e-23   1.727092e-23   2.619109e-23   3.682715e-23   4.881916e-23   6.295671e-23   7.248475e-23   8.908922e-23
         5.6000   0.000000e+00   1.290122e-24   5.096020e-24   1.097689e-23   1.854590e-23   2.810296e-23   3.948090e-23   5.227553e-23   6.737125e-23   7.710771e-23   9.473885e-23
         5.6500   0.000000e+00   1.358225e-24   5.440136e-24   1.177931e-23   1.991878e-23   3.016591e-23   4.234556e-23   5.600495e-23   7.213225e-23   8.205156e-23   1.007771e-22
         5.7000   0.000000e+00   1.426642e-24   5.794782e-24   1.262935e-23   2.139433e-23   3.239052e-23   4.543763e-23   6.003014e-23   7.726894e-23   8.734155e-23   1.072339e-22
         5.7500   0.000000e+00   1.495518e-24   6.157514e-24   1.352422e-23   2.297623e-23   3.478685e-23   4.877397e-23   6.437522e-23   8.281265e-23   9.300527e-23   1.141423e-22
         5.8000   0.000000e+00   1.565149e-24   6.525924e-24   1.445951e-23   2.466604e-23   3.736393e-23   5.237160e-23   6.906549e-23   8.879684e-23   9.907285e-23   1.215382e-22
         5.8500   0.000000e+00   1.635970e-24   6.898078e-24   1.542958e-23   2.646309e-23   4.012889e-23   5.624667e-23   7.412707e-23   9.525655e-23   1.055771e-22   1.294609e-22
         5.9000   0.000000e+00   1.708524e-24   7.272506e-24   1.642775e-23   2.836334e-23   4.308568e-23   6.041354e-23   7.958662e-23   1.022283e-22   1.125540e-22   1.379530e-22
         5.9500   0.000000e+00   1.783443e-24   7.648673e-24   1.744724e-23   3.035962e-23   4.623440e-23   6.488359e-23   8.546975e-23   1.097493e-22   1.200427e-22   1.470614e-22
         6.0000   0.000000e+00   1.861393e-24   8.026778e-24   1.848138e-23   3.244125e-23   4.956944e-23   6.966278e-23   9.180046e-23   1.178560e-22   1.280861e-22   1.568371e-22
         6.0500   0.000000e+00   1.943077e-24   8.408026e-24   1.952509e-23   3.459517e-23   5.307975e-23   7.475091e-23   9.859803e-23   1.265831e-22   1.367308e-22   1.673361e-22
         6.1000   0.000000e+00   2.029205e-24   8.794361e-24   2.057465e-23   3.680622e-23   5.674785e-23   8.013844e-23   1.058755e-22   1.359590e-22   1.460278e-22   1.786189e-22
         6.1500   0.000000e+00   2.120487e-24   9.188488e-24   2.162900e-23   3.905967e-23   6.055155e-23   8.580706e-23   1.136362e-22   1.460051e-22   1.560326e-22   1.907521e-22
         6.2000   0.000000e+00   2.217535e-24   9.593589e-24   2.268926e-23   4.134153e-23   6.446458e-23   9.172811e-23   1.218708e-22   1.567291e-22   1.668057e-22   2.038080e-22
         6.2500   0.000000e+00   2.320977e-24   1.001330e-23   2.375922e-23   4.364147e-23   6.846044e-23   9.786551e-23   1.305558e-22   1.681231e-22   1.784127e-22   2.178654e-22
         6.3000   0.000000e+00   2.431477e-24   1.045134e-23   2.484479e-23   4.595312e-23   7.251303e-23   1.041767e-22   1.396523e-22   1.801585e-22   1.909249e-22   2.330097e-22
         6.3500   0.000000e+00   2.549632e-24   1.091164e-23   2.595385e-23   4.827532e-23   7.660264e-23   1.106190e-22   1.491075e-22   1.927865e-22   2.044190e-22   2.493340e-22
         6.4000   0.000000e+00   2.675989e-24   1.139815e-23   2.709559e-23   5.061261e-23   8.071497e-23   1.171508e-22   1.588586e-22   2.059367e-22   2.189782e-22   2.669385e-22
         6.4500   0.000000e+00   2.811104e-24   1.191455e-23   2.828029e-23   5.297462e-23   8.484600e-23   1.237407e-22   1.688379e-22   2.195247e-22   2.346910e-22   2.859314e-22
         6.5000   0.000000e+00   2.955542e-24   1.246419e-23   2.951848e-23   5.537585e-23   8.900049e-23   1.303664e-22   1.789791e-22   2.334550e-22   2.516524e-22   3.064286e-22
         6.5500   0.000000e+00   3.109857e-24   1.305062e-23   3.082115e-23   5.783456e-23   9.319349e-23   1.370223e-22   1.892273e-22   2.476349e-22   2.699615e-22   3.285542e-22
         6.6000   0.000000e+00   3.274618e-24   1.367746e-23   3.219946e-23   6.037192e-23   9.744838e-23   1.437169e-22   1.995407e-22   2.619807e-22   2.897217e-22   3.524381e-22
         6.6500   0.000000e+00   3.450407e-24   1.434777e-23   3.366328e-23   6.301059e-23   1.017962e-22   1.504751e-22   2.099024e-22   2.764301e-22   3.110386e-22   3.782161e-22
         6.7000   0.000000e+00   3.637832e-24   1.506461e-23   3.522214e-23   6.577432e-23   1.062731e-22   1.573354e-22   2.203160e-22   2.909502e-22   3.340151e-22   4.060267e-22
         6.7500   0.000000e+00   3.837525e-24   1.583107e-23   3.688608e-23   6.868719e-23   1.109194e-22   1.643484e-22   2.308127e-22   3.055381e-22   3.587490e-22   4.360069e-22
         6.8000   0.000000e+00   4.050153e-24   1.665022e-23   3.866498e-23   7.177351e-23   1.157764e-22   1.715726e-22   2.414442e-22   3.202295e-22   3.853208e-22   4.682865e-22
         6.8500   0.000000e+00   4.276420e-24   1.752516e-23   4.056732e-23   7.505410e-23   1.208872e-22   1.790730e-22   2.522837e-22   3.350896e-22   4.137904e-22   5.029751e-22
         6.9000   0.000000e+00   4.517073e-24   1.845903e-23   4.260164e-23   7.855026e-23   1.262955e-22   1.869166e-22   2.634177e-22   3.502146e-22   4.441786e-22   5.401570e-22
         6.9500   0.000000e+00   4.772902e-24   1.945513e-23   4.477664e-23   8.228446e-23   1.320398e-22   1.951725e-22   2.749460e-22   3.657219e-22   4.764621e-22   5.798657e-22
         7.0000   0.000000e+00   5.044739e-24   2.051684e-23   4.710091e-23   8.627727e-23   1.381573e-22   2.039113e-22   2.869704e-22   3.817479e-22   5.105594e-22   6.220807e-22
         7.0500   0.000000e+00   5.333483e-24   2.164772e-23   4.958313e-23   9.054723e-23   1.446877e-22   2.131944e-22   2.995992e-22   3.984346e-22   5.463306e-22   6.667036e-22
         7.1000   0.000000e+00   5.640081e-24   2.285155e-23   5.223221e-23   9.511323e-23   1.516694e-22   2.230821e-22   3.129413e-22   4.159328e-22   5.835760e-22   7.135613e-22
         7.1500   0.000000e+00   5.967938e-24   2.413230e-23   5.505737e-23   9.999443e-23   1.591356e-22   2.336383e-22   3.270991e-22   4.343941e-22   6.220558e-22   7.623994e-22
         7.2000   0.000000e+00   6.321560e-24   2.549419e-23   5.806823e-23   1.052097e-22   1.671197e-22   2.449243e-22   3.421651e-22   4.539680e-22   6.614995e-22   8.129091e-22
         7.2500   0.000000e+00   6.696136e-24   2.694167e-23   6.127486e-23   1.107781e-22   1.756559e-22   2.569935e-22   3.582366e-22   4.747840e-22   7.016447e-22   8.647346e-22
         7.3000   0.000000e+00   7.092907e-24   2.847947e-23   6.468790e-23   1.167197e-22   1.847778e-22   2.699000e-22   3.754138e-22   4.969769e-22   7.422562e-22   9.175309e-22
         7.3500   0.000000e+00   7.513188e-24   3.011268e-23   6.831867e-23   1.230548e-22   1.945194e-22   2.836985e-22   3.937822e-22   5.206882e-22   7.831581e-22   9.709759e-22
         7.4000   0.000000e+00   7.958373e-24   3.184662e-23   7.217906e-23   1.298049e-22   2.049156e-22   2.984435e-22   4.134255e-22   5.460429e-22   8.242592e-22   1.024831e-21
         7.4500   0.000000e+00   8.429936e-24   3.371974e-23   7.628171e-23   1.369926e-22   2.160027e-22   3.141895e-22   4.344290e-22   5.731577e-22   8.655532e-22   1.078956e-21
         7.5000   0.000000e+00   8.929441e-24   3.571776e-23   8.064004e-23   1.446417e-22   2.278182e-22   3.309931e-22   4.568776e-22   6.021515e-22   9.071426e-22   1.133329e-21
         7.5500   0.000000e+00   9.458544e-24   3.783418e-23   8.526847e-23   1.527773e-22   2.404019e-22   3.489126e-22   4.808561e-22   6.331441e-22   9.492138e-22   1.188067e-21
         7.6000   0.000000e+00   1.001900e-23   4.007599e-23   9.018203e-23   1.614263e-22   2.537953e-22   3.680089e-22   5.064515e-22   6.662540e-22   9.920404e-22   1.243400e-21
         7.6500   0.000000e+00   1.061266e-23   4.245064e-23   9.551395e-23   1.706168e-22   2.680430e-22   3.883459e-22   5.337537e-22   7.016025e-22   1.035956e-21   1.299676e-21
         7.7000   0.000000e+00   1.124150e-23   4.496600e-23   1.011735e-22   1.803791e-22   2.831915e-22   4.099909e-22   5.628561e-22   7.393144e-22   1.081346e-21   1.357326e-21
         7.7500   0.000000e+00   1.190760e-23   4.763041e-23   1.071684e-22   1.907453e-22   2.992904e-22   4.330157e-22   5.938564e-22   7.795198e-22   1.128614e-21   1.416849e-21
         7.8000   0.000000e+00   1.261317e-23   5.045268e-23   1.135185e-22   2.018107e-22   3.163926e-22   4.574959e-22   6.268577e-22   8.223537e-22   1.178187e-21   1.478775e-21
         7.8500   0.000000e+00   1.336055e-23   5.344219e-23   1.202449e-22   2.137688e-22   3.345544e-22   4.835112e-22   6.619694e-22   8.679594e-22   1.230494e-21   1.543664e-21
         7.9000   0.000000e+00   1.415221e-23   5.660884e-23   1.273699e-22   2.264354e-22   3.538348e-22   5.111472e-22   6.993070e-22   9.164876e-22   1.285957e-21   1.612079e-21
         7.9500   0.000000e+00   1.499078e-23   5.996313e-23   1.349170e-22   2.398525e-22   3.747695e-22   5.404951e-22   7.389927e-22   9.680986e-22   1.344942e-21   1.684586e-21
         8.0000   0.000000e+00   1.587904e-23   6.351617e-23   1.429114e-22   2.540647e-22   3.969760e-22   5.716499e-22   7.811560e-22   1.022961e-21   1.407832e-21   1.761669e-21
         8.0500   0.000000e+00   1.681993e-23   6.727974e-23   1.513794e-22   2.691189e-22   4.204983e-22   6.055176e-22   8.259365e-22   1.081255e-21   1.475027e-21   1.843830e-21
         8.1000   0.000000e+00   1.781658e-23   7.126631e-23   1.603492e-22   2.850652e-22   4.454144e-22   6.413968e-22   8.734804e-22   1.143172e-21   1.546879e-21   1.931595e-21
         8.1500   0.000000e+00   1.887228e-23   7.548910e-23   1.698505e-22   3.019564e-22   4.718069e-22   6.794019e-22   9.247415e-22   1.208915e-21   1.623719e-21   2.025440e-21
         8.2000   0.000000e+00   1.999053e-23   7.996212e-23   1.799148e-22   3.198485e-22   4.997632e-22   7.196590e-22   9.795359e-22   1.279394e-21   1.705883e-21   2.125799e-21
         8.2500   0.000000e+00   2.117504e-23   8.470017e-23   1.905754e-22   3.388007e-22   5.293761e-22   7.623015e-22   1.037577e-21   1.355203e-21   1.793711e-21   2.233115e-21
         8.3000   0.000000e+00   2.242974e-23   8.971897e-23   2.018677e-22   3.588759e-22   5.607436e-22   8.074707e-22   1.099057e-21   1.435504e-21   1.887538e-21   2.347836e-21
         8.3500   0.000000e+00   2.375879e-23   9.503515e-23   2.138291e-22   3.801406e-22   5.939697e-22   8.553164e-22   1.164181e-21   1.520562e-21   1.987708e-21   2.470403e-21
         8.4000   0.000000e+00   2.516658e-23   1.006663e-22   2.264993e-22   4.026654e-22   6.291646e-22   9.059971e-22   1.233163e-21   1.610661e-21   2.094573e-21   2.601267e-21
         8.4500   0.000000e+00   2.665780e-23   1.066312e-22   2.399202e-22   4.265248e-22   6.664450e-22   9.596808e-22   1.306232e-21   1.706099e-21   2.208503e-21   2.740892e-21
         8.5000   0.000000e+00   2.823737e-23   1.129495e-22   2.541364e-22   4.517980e-22   7.059343e-22   1.016545e-21   1.383631e-21   1.807192e-21   2.329880e-21   2.889760e-21
         8.5500   0.000000e+00   2.991054e-23   1.196422e-22   2.691949e-22   4.785687e-22   7.477636e-22   1.076780e-21   1.465617e-21   1.914275e-21   2.459109e-21   3.048372e-21
         8.6000   0.000000e+00   3.168285e-23   1.267314e-22   2.851457e-22   5.069256e-22   7.920713e-22   1.140583e-21   1.552460e-21   2.027703e-21   2.596619e-21   3.217261e-21
         8.6500   0.000000e+00   3.356018e-23   1.342407e-22   3.020416e-22   5.369629e-22   8.390045e-22   1.208166e-21   1.644449e-21   2.147852e-21   2.742863e-21   3.396983e-21
         8.7000   0.000000e+00   3.554875e-23   1.421950e-22   3.199387e-22   5.687799e-22   8.887186e-22   1.279755e-21   1.741889e-21   2.275120e-21   2.898319e-21   3.588134e-21
         8.7500   0.000000e+00   3.765514e-23   1.506206e-22   3.388963e-22   6.024823e-22   9.413785e-22   1.355585e-21   1.845102e-21   2.409929e-21   3.063496e-21   3.791339e-21
         8.8000   0.000000e+00   3.988635e-23   1.595454e-22   3.589771e-22   6.381816e-22   9.971587e-22   1.435909e-21   1.954431e-21   2.552726e-21   3.238938e-21   4.007261e-21
         8.8500   0.000000e+00   4.224976e-23   1.689991e-22   3.802479e-22   6.759962e-22   1.056244e-21   1.520991e-21   2.070238e-21   2.703985e-21   3.425221e-21   4.236611e-21
         8.9000   0.000000e+00   4.475322e-23   1.790129e-22   4.027790e-22   7.160515e-22   1.118830e-21   1.611116e-21   2.192908e-21   2.864206e-21   3.625011e-21   4.480146e-21
         8.9500   0.000000e+00   4.740501e-23   1.896201e-22   4.266451e-22   7.584802e-22   1.185125e-21   1.706581e-21   2.322846e-21   3.033921e-21   3.839806e-21   4.740501e-21
         9.0000   0.000000e+00   5.021394e-23   2.008558e-22   4.519254e-22   8.034230e-22   1.255348e-21   1.807702e-21   2.460483e-21   3.213692e-21   4.067329e-21   5.021394e-21
