# CIE bound-bound cooling efficiency for Si (Z=14)
# Source: CHIANTI v11.0.2 via ChiantiPy ion.boundBoundLoss
# Units: erg cm^3 / s, per ion per electron, low-density limit (n_e = 1 cm^-3)
# T grid: 121 log-spaced points, 10^3.00 K -> 10^9.00 K
# Generated by pyathena/photchem/data/build_cool_tables.py
#
# log_T_K        L_Si0          L_Si1          L_Si2          L_Si3          L_Si4          L_Si5          L_Si6          L_Si7          L_Si8          L_Si9          L_Si10         L_Si11         L_Si12         L_Si13         L_Si14       
         3.0000   0.000000e+00   4.700216e-26   1.880087e-25   4.230195e-25   7.520346e-25   1.175054e-24   1.692078e-24   2.303106e-24   3.008138e-24   3.807175e-24   4.700216e-24   5.687262e-24   6.768311e-24   7.943365e-24   9.212424e-24
         3.0500   0.000000e+00   4.978722e-26   1.991489e-25   4.480849e-25   7.965955e-25   1.244680e-24   1.792340e-24   2.439574e-24   3.186382e-24   4.032764e-24   4.978722e-24   6.024253e-24   7.169359e-24   8.414039e-24   9.758294e-24
         3.1000   0.000000e+00   5.273729e-26   2.109492e-25   4.746356e-25   8.437967e-25   1.318432e-24   1.898543e-24   2.584127e-24   3.375187e-24   4.271721e-24   5.273729e-24   6.381213e-24   7.594170e-24   8.912603e-24   1.033651e-23
         3.1500   0.000000e+00   5.586217e-26   2.234487e-25   5.027596e-25   8.937948e-25   1.396554e-24   2.011038e-24   2.737247e-24   3.575179e-24   4.524836e-24   5.586217e-24   6.759323e-24   8.044153e-24   9.440708e-24   1.094899e-23
         3.2000   0.000000e+00   5.917222e-26   2.366889e-25   5.325500e-25   9.467555e-25   1.479305e-24   2.130200e-24   2.899439e-24   3.787022e-24   4.792950e-24   5.917222e-24   7.159838e-24   8.520799e-24   1.000010e-23   1.159775e-23
         3.2500   0.000000e+00   6.272546e-26   2.507136e-25   5.641055e-25   1.002854e-24   1.566960e-24   2.256422e-24   3.071241e-24   4.011417e-24   5.076950e-24   6.267839e-24   7.584085e-24   9.025688e-24   1.059265e-23   1.228496e-23
         3.3000   0.000000e+00   6.667416e-26   2.655693e-25   5.975309e-25   1.062277e-24   1.659808e-24   2.390123e-24   3.253224e-24   4.249108e-24   5.377778e-24   6.639232e-24   8.033471e-24   9.560494e-24   1.122030e-23   1.301289e-23
         3.3500   0.000000e+00   7.089122e-26   2.813052e-25   6.329368e-25   1.125221e-24   1.758158e-24   2.531747e-24   3.445989e-24   4.500884e-24   5.696431e-24   7.032631e-24   8.509484e-24   1.012699e-23   1.188515e-23   1.378396e-23
         3.4000   0.000000e+00   7.539712e-26   2.979736e-25   6.704407e-25   1.191895e-24   1.862335e-24   2.681763e-24   3.650177e-24   4.767578e-24   6.033966e-24   7.449341e-24   9.013702e-24   1.072705e-23   1.258939e-23   1.460071e-23
         3.4500   0.000000e+00   8.021404e-26   3.156297e-25   7.101668e-25   1.262519e-24   1.972685e-24   2.840667e-24   3.866464e-24   5.050075e-24   6.391501e-24   7.890742e-24   9.547798e-24   1.136267e-23   1.333535e-23   1.546585e-23
         3.5000   0.000000e+00   8.536626e-26   3.343319e-25   7.522468e-25   1.337328e-24   2.089574e-24   3.008987e-24   4.095566e-24   5.349311e-24   6.770221e-24   8.358298e-24   1.011354e-23   1.203595e-23   1.412552e-23   1.638226e-23
         3.5500   0.000000e+00   9.088026e-26   3.543571e-25   7.968202e-25   1.416569e-24   2.213390e-24   3.187281e-24   4.338243e-24   5.666277e-24   7.171382e-24   8.853558e-24   1.071281e-23   1.274912e-23   1.496251e-23   1.735297e-23
         3.6000   0.000000e+00   9.678500e-26   3.766601e-25   8.440348e-25   1.500506e-24   2.344541e-24   3.376139e-24   4.595301e-24   6.002025e-24   7.596313e-24   9.378164e-24   1.134758e-23   1.350456e-23   1.584910e-23   1.838120e-23
         3.6500   0.000000e+00   1.031121e-25   4.004785e-25   8.940470e-25   1.589417e-24   2.483464e-24   3.576188e-24   4.867589e-24   6.357668e-24   8.046423e-24   9.933856e-24   1.201997e-23   1.430475e-23   1.678822e-23   1.947036e-23
         3.7000   0.000000e+00   1.098959e-25   4.259277e-25   9.470226e-25   1.683596e-24   2.630618e-24   3.788090e-24   5.156012e-24   6.734383e-24   8.523204e-24   1.052247e-23   1.273219e-23   1.515236e-23   1.778298e-23   2.062405e-23
         3.7500   0.000000e+00   1.171742e-25   4.531330e-25   1.003137e-24   1.783355e-24   2.786492e-24   4.012549e-24   5.461525e-24   7.133420e-24   9.028235e-24   1.114597e-23   1.348662e-23   1.605020e-23   1.883669e-23   2.184610e-23
         3.8000   0.000000e+00   1.249882e-25   4.822312e-25   1.062577e-24   1.889026e-24   2.951602e-24   4.250307e-24   5.785141e-24   7.556102e-24   9.563192e-24   1.180641e-23   1.428576e-23   1.700123e-23   1.995283e-23   2.314056e-23
         3.8500   0.000000e+00   1.333827e-25   5.133719e-25   1.125538e-24   2.000957e-24   3.126496e-24   4.502154e-24   6.127932e-24   8.003829e-24   1.012985e-23   1.250598e-23   1.513224e-23   1.800862e-23   2.113511e-23   2.451173e-23
         3.9000   0.000000e+00   1.424067e-25   5.467184e-25   1.196116e-24   2.119521e-24   3.311752e-24   4.768923e-24   6.491035e-24   8.478086e-24   1.073008e-23   1.324701e-23   1.602888e-23   1.907569e-23   2.238745e-23   2.596414e-23
         3.9500   0.000000e+00   1.521137e-25   5.824491e-25   1.271670e-24   2.245111e-24   3.507986e-24   5.051500e-24   6.875653e-24   8.980444e-24   1.136587e-23   1.403194e-23   1.697865e-23   2.020600e-23   2.371399e-23   2.750261e-23
         4.0000   0.000000e+00   1.625618e-25   6.207582e-25   1.352387e-24   2.380998e-24   3.715847e-24   5.350820e-24   7.283061e-24   9.512569e-24   1.203934e-23   1.486339e-23   1.798470e-23   2.140328e-23   2.511913e-23   2.913224e-23
         4.0500   0.000000e+00   1.738144e-25   6.618585e-25   1.438665e-24   2.530978e-24   3.936025e-24   5.667876e-24   7.714609e-24   1.007622e-23   1.275272e-23   1.574410e-23   1.905036e-23   2.267150e-23   2.660753e-23   3.085844e-23
         4.1000   0.000000e+00   1.859402e-25   7.059825e-25   1.530933e-24   2.691163e-24   4.169249e-24   6.003719e-24   8.171728e-24   1.067328e-23   1.350837e-23   1.667700e-23   2.017917e-23   2.401488e-23   2.818412e-23   3.268691e-23
         4.1500   0.000000e+00   1.990137e-25   7.533833e-25   1.629665e-24   2.862330e-24   4.416293e-24   6.359461e-24   8.655934e-24   1.130571e-23   1.430879e-23   1.766517e-23   2.137486e-23   2.543785e-23   2.985414e-23   3.462373e-23
         4.2000   0.000000e+00   2.131152e-25   8.043370e-25   1.735376e-24   3.045325e-24   4.677974e-24   6.736283e-24   9.168830e-24   1.197561e-23   1.515664e-23   1.871190e-23   2.264140e-23   2.694513e-23   3.162311e-23   3.667532e-23
         4.2500   0.000000e+00   2.283314e-25   8.591455e-25   1.848628e-24   3.241072e-24   4.955162e-24   7.135433e-24   9.712117e-24   1.268521e-23   1.605472e-23   1.982065e-23   2.398298e-23   2.854173e-23   3.349689e-23   3.884847e-23
         4.3000   0.000000e+00   2.447546e-25   9.181375e-25   1.970036e-24   3.450581e-24   5.248774e-24   7.558234e-24   1.028760e-23   1.343686e-23   1.700603e-23   2.099509e-23   2.540406e-23   3.023294e-23   3.548171e-23   4.115039e-23
         4.3500   0.000000e+00   2.624831e-25   9.816699e-25   2.100269e-24   3.674955e-24   5.559783e-24   8.006088e-24   1.089717e-23   1.423304e-23   1.801370e-23   2.223913e-23   2.690935e-23   3.202435e-23   3.758413e-23   4.358870e-23
         4.4000   0.000000e+00   2.816198e-25   1.050131e-24   2.240062e-24   3.915397e-24   5.889221e-24   8.480478e-24   1.154287e-23   1.507641e-23   1.908108e-23   2.355688e-23   2.850383e-23   3.392191e-23   3.981113e-23   4.617149e-23
         4.4500   0.000000e+00   3.022706e-25   1.123941e-24   2.390215e-24   4.173219e-24   6.238179e-24   8.982978e-24   1.222683e-23   1.596974e-23   2.021170e-23   2.495272e-23   3.019279e-23   3.593191e-23   4.217009e-23   4.890733e-23
         4.5000   0.000000e+00   3.245434e-25   1.203554e-24   2.551598e-24   4.449858e-24   6.607815e-24   9.515253e-24   1.295132e-23   1.691601e-23   2.140932e-23   2.643126e-23   3.198182e-23   3.806101e-23   4.466883e-23   5.180527e-23
         4.5500   0.000000e+00   3.485413e-25   1.289458e-24   2.725164e-24   4.746884e-24   6.999555e-24   1.007907e-23   1.371873e-23   1.791834e-23   2.267790e-23   2.799741e-23   3.387686e-23   4.031627e-23   4.731562e-23   5.487492e-23
         4.6000   0.000000e+00   3.743597e-25   1.382176e-24   2.911951e-24   5.066004e-24   7.439754e-24   1.067629e-23   1.453162e-23   1.898007e-23   2.402165e-23   2.965636e-23   3.588420e-23   4.270516e-23   5.011925e-23   5.812646e-23
         4.6500   0.000000e+00   4.020750e-25   1.482263e-24   3.113089e-24   5.409082e-24   7.909820e-24   1.131658e-23   1.539267e-23   2.010471e-23   2.544502e-23   3.141361e-23   3.801047e-23   4.523560e-23   5.308900e-23   6.157067e-23
         4.7000   0.000000e+00   4.317357e-25   1.590301e-24   3.329801e-24   5.778157e-24   8.412028e-24   1.202891e-23   1.630474e-23   2.129599e-23   2.695274e-23   3.327498e-23   4.026273e-23   4.791598e-23   5.623472e-23   6.521897e-23
         4.7500   0.000000e+00   4.633509e-25   1.706888e-24   3.563420e-24   6.175446e-24   8.948842e-24   1.278965e-23   1.730674e-23   2.255786e-23   2.854979e-23   3.524665e-23   4.264845e-23   5.075518e-23   5.956684e-23   6.908343e-23
         4.8000   0.000000e+00   4.968764e-25   1.832637e-24   3.815381e-24   6.603357e-24   9.522953e-24   1.360248e-23   1.839820e-23   2.389449e-23   3.024147e-23   3.733514e-23   4.517553e-23   5.376261e-23   6.309639e-23   7.317688e-23
         4.8500   0.000000e+00   5.322115e-25   1.968132e-24   4.087232e-24   7.064506e-24   1.013730e-23   1.447141e-23   1.956406e-23   2.537981e-23   3.203339e-23   3.954739e-23   4.785234e-23   5.694824e-23   6.683509e-23   7.751289e-23
         4.9000   0.000000e+00   5.691914e-25   2.113918e-24   4.380629e-24   7.561730e-24   1.079509e-23   1.540081e-23   2.081002e-23   2.698185e-23   3.399336e-23   4.189072e-23   5.068777e-23   6.032264e-23   7.079532e-23   8.210581e-23
         4.9500   0.000000e+00   6.075984e-25   2.270432e-24   4.697340e-24   8.098083e-24   1.149984e-23   1.639546e-23   2.214226e-23   2.869326e-23   3.613644e-23   4.442928e-23   5.369121e-23   6.389698e-23   7.499021e-23   8.697089e-23
         5.0000   0.000000e+00   6.471735e-25   2.437958e-24   5.039216e-24   8.676852e-24   1.225536e-23   1.746058e-23   2.356754e-23   3.052241e-23   3.842553e-23   4.722818e-23   5.687262e-23   6.768311e-23   7.943365e-23   9.212424e-23
         5.0500   0.000000e+00   6.876441e-25   2.616558e-24   5.408182e-24   9.301555e-24   1.306583e-23   1.860187e-23   2.509326e-23   3.247843e-23   4.087179e-23   5.021753e-23   6.042610e-23   7.171111e-23   8.414039e-23   9.758294e-23
         5.1000   0.000000e+00   7.287422e-25   2.805996e-24   5.806200e-24   9.975908e-24   1.393583e-23   1.982554e-23   2.672749e-23   3.457129e-23   4.348733e-23   5.341187e-23   6.424189e-23   7.622232e-23   8.912603e-23   1.033651e-22
         5.1500   0.000000e+00   7.702536e-25   3.005715e-24   6.235181e-24   1.070381e-23   1.487034e-23   2.113837e-23   2.847902e-23   3.681189e-23   4.628544e-23   5.682697e-23   6.831835e-23   8.103978e-23   9.440708e-23   1.094899e-22
         5.2000   0.000000e+00   8.120159e-25   3.214799e-24   6.696931e-24   1.148926e-23   1.587478e-23   2.254782e-23   3.035748e-23   3.921211e-23   4.928058e-23   6.048011e-23   7.267547e-23   8.618681e-23   1.000010e-22   1.159775e-22
         5.2500   0.000000e+00   8.539716e-25   3.432024e-24   7.192931e-24   1.233631e-23   1.695508e-23   2.406195e-23   3.237337e-23   4.178495e-23   5.248860e-23   6.439013e-23   7.733501e-23   9.168869e-23   1.059265e-22   1.228496e-22
         5.3000   0.000000e+00   8.961453e-25   3.655933e-24   7.724262e-24   1.324883e-23   1.811772e-23   2.568960e-23   3.453818e-23   4.454455e-23   5.592673e-23   6.857762e-23   8.232076e-23   9.757304e-23   1.122030e-22   1.301289e-22
         5.3500   0.000000e+00   9.386737e-25   3.884979e-24   8.291270e-24   1.423031e-23   1.936972e-23   2.744041e-23   3.686440e-23   4.750643e-23   5.961382e-23   7.306504e-23   8.765874e-23   1.038700e-22   1.188515e-22   1.378396e-22
         5.4000   0.000000e+00   9.817755e-25   4.117643e-24   8.893465e-24   1.528354e-23   2.071871e-23   2.932488e-23   3.936568e-23   5.068751e-23   6.357049e-23   7.787689e-23   9.337732e-23   1.106126e-22   1.258939e-22   1.460071e-22
         5.4500   0.000000e+00   1.025754e-24   4.352693e-24   9.529280e-24   1.641014e-23   2.217298e-23   3.135442e-23   4.205694e-23   5.410620e-23   6.781924e-23   8.304000e-23   9.950747e-23   1.178368e-22   1.333535e-22   1.546585e-22
         5.5000   0.000000e+00   1.070965e-24   4.589193e-24   1.019604e-23   1.761025e-23   2.374147e-23   3.354142e-23   4.495437e-23   5.778262e-23   7.238458e-23   8.858367e-23   1.060830e-22   1.255817e-22   1.412552e-22   1.638226e-22
         5.5500   0.000000e+00   1.117815e-24   4.826794e-24   1.089000e-23   1.888190e-23   2.543381e-23   3.589934e-23   4.807558e-23   6.173875e-23   7.729324e-23   9.453980e-23   1.131409e-22   1.338904e-22   1.496251e-22   1.735297e-22
         5.6000   0.000000e+00   1.166719e-24   5.065609e-24   1.160664e-23   2.022100e-23   2.726030e-23   3.844264e-23   5.143970e-23   6.599843e-23   8.257447e-23   1.009432e-22   1.207216e-22   1.428096e-22   1.584910e-22   1.838120e-22
         5.6500   0.000000e+00   1.218114e-24   5.306390e-24   1.234094e-23   2.162103e-23   2.923195e-23   4.118695e-23   5.506741e-23   7.058760e-23   8.826005e-23   1.078319e-22   1.288689e-22   1.523906e-22   1.678822e-22   1.947036e-22
         5.7000   0.000000e+00   1.272444e-24   5.550355e-24   1.308801e-23   2.307360e-23   3.136024e-23   4.414896e-23   5.898100e-23   7.553440e-23   9.438449e-23   1.152472e-22   1.376310e-22   1.626890e-22   1.778298e-22   2.062405e-22
         5.7500   0.000000e+00   1.330115e-24   5.799204e-24   1.384357e-23   2.456874e-23   3.365713e-23   4.734637e-23   6.320440e-23   8.086927e-23   1.009853e-22   1.232343e-22   1.470601e-22   1.737657e-22   1.888212e-22   2.184610e-22
         5.8000   0.000000e+00   1.391503e-24   6.054940e-24   1.460437e-23   2.609627e-23   3.613479e-23   5.079776e-23   6.776321e-23   8.662496e-23   1.081031e-22   1.318418e-22   1.572133e-22   1.856871e-22   2.007348e-22   2.321256e-22
         5.8500   0.000000e+00   1.457003e-24   6.319861e-24   1.536884e-23   2.764616e-23   3.880502e-23   5.452227e-23   7.268433e-23   9.283661e-23   1.157815e-22   1.411227e-22   1.681524e-22   1.985252e-22   2.134610e-22   2.467852e-22
         5.9000   0.000000e+00   1.527017e-24   6.596308e-24   1.613694e-23   2.921069e-23   4.167895e-23   5.853937e-23   7.799594e-23   9.954175e-23   1.240677e-22   1.511341e-22   1.799444e-22   2.123584e-22   2.270622e-22   2.624463e-22
         5.9500   0.000000e+00   1.601889e-24   6.886764e-24   1.691068e-23   3.078414e-23   4.476565e-23   6.286772e-23   8.372682e-23   1.067797e-22   1.330118e-22   1.619373e-22   1.926620e-22   2.272717e-22   2.416060e-22   2.791858e-22
         6.0000   0.000000e+00   1.681956e-24   7.193732e-24   1.769363e-23   3.236479e-23   4.807157e-23   6.752462e-23   8.990572e-23   1.145916e-22   1.426667e-22   1.735980e-22   2.063832e-22   2.433567e-22   2.571664e-22   2.970874e-22
         6.0500   0.000000e+00   1.767565e-24   7.519533e-24   1.849093e-23   3.395413e-23   5.159863e-23   7.252392e-23   9.655994e-23   1.230193e-22   1.530880e-22   1.861854e-22   2.211917e-22   2.607121e-22   2.738243e-22   3.162424e-22
         6.1000   0.000000e+00   1.859059e-24   7.866289e-24   1.930884e-23   3.555772e-23   5.534341e-23   7.787456e-23   1.037132e-22   1.321040e-22   1.643322e-22   1.997723e-22   2.371769e-22   2.794437e-22   2.916679e-22   3.367509e-22
         6.1500   0.000000e+00   1.956781e-24   8.236241e-24   2.015459e-23   3.718427e-23   5.929584e-23   8.357832e-23   1.113840e-22   1.418850e-22   1.764563e-22   2.144333e-22   2.544322e-22   2.996640e-22   3.107935e-22   3.587220e-22
         6.2000   0.000000e+00   2.061086e-24   8.631673e-24   2.103566e-23   3.884551e-23   6.343892e-23   8.962747e-23   1.195811e-22   1.523949e-22   1.895144e-22   2.302438e-22   2.730552e-22   3.214906e-22   3.313063e-22   3.822746e-22
         6.2500   0.000000e+00   2.172337e-24   9.054533e-24   2.196004e-23   4.055511e-23   6.774908e-23   9.600403e-23   1.283023e-22   1.636588e-22   2.035540e-22   2.472758e-22   2.931453e-22   3.450457e-22   3.533213e-22   4.075386e-22
         6.3000   0.000000e+00   2.290915e-24   9.506741e-24   2.293569e-23   4.232849e-23   7.219811e-23   1.026785e-22   1.375293e-22   1.756862e-22   2.186126e-22   2.655942e-22   3.147997e-22   3.704536e-22   3.769641e-22   4.346563e-22
         6.3500   0.000000e+00   2.417218e-24   9.990251e-24   2.397041e-23   4.418137e-23   7.675489e-23   1.096116e-22   1.472288e-22   1.884701e-22   2.347089e-22   2.852508e-22   3.381105e-22   3.978342e-22   4.023713e-22   4.637829e-22
         6.4000   0.000000e+00   2.551664e-24   1.050701e-23   2.507101e-23   4.613025e-23   8.138913e-23   1.167569e-22   1.573499e-22   2.019797e-22   2.518406e-22   3.062749e-22   3.631537e-22   4.273003e-22   4.296922e-22   4.950872e-22
         6.4500   0.000000e+00   2.694701e-24   1.105897e-23   2.624461e-23   4.819185e-23   8.607469e-23   1.240650e-22   1.678299e-22   2.161618e-22   2.699740e-22   3.286689e-22   3.899862e-22   4.589429e-22   4.590899e-22   5.287537e-22
         6.5000   0.000000e+00   2.846796e-24   1.164812e-23   2.749865e-23   5.038109e-23   9.079181e-23   1.314874e-22   1.785953e-22   2.309387e-22   2.890456e-22   3.523948e-22   4.186274e-22   4.928251e-22   4.907416e-22   5.649840e-22
         6.5500   0.000000e+00   3.008450e-24   1.227653e-23   2.883963e-23   5.271220e-23   9.553146e-23   1.389851e-22   1.895741e-22   2.462165e-22   3.089574e-22   3.773758e-22   4.490559e-22   5.289639e-22   5.248398e-22   6.039965e-22
         6.6000   0.000000e+00   3.180188e-24   1.294634e-23   3.027369e-23   5.520025e-23   1.002940e-22   1.465287e-22   2.006967e-22   2.618875e-22   3.295870e-22   4.034893e-22   4.811951e-22   5.673195e-22   5.615934e-22   6.460292e-22
         6.6500   0.000000e+00   3.362580e-24   1.365981e-23   3.180711e-23   5.786008e-23   1.050925e-22   1.541073e-22   2.119118e-22   2.778474e-22   3.507907e-22   4.305784e-22   5.149133e-22   6.077851e-22   6.012286e-22   6.913399e-22
         6.7000   0.000000e+00   3.556221e-24   1.441930e-23   3.344618e-23   6.070448e-23   1.099495e-22   1.617249e-22   2.231853e-22   2.940001e-22   3.724260e-22   4.584569e-22   5.500226e-22   6.501822e-22   6.439888e-22   7.402072e-22
         6.7500   0.000000e+00   3.765514e-24   1.522733e-23   3.519715e-23   6.374623e-23   1.148977e-22   1.694060e-22   2.345101e-22   3.102740e-22   3.943537e-22   4.869354e-22   5.862970e-22   6.942671e-22   6.901352e-22   7.929313e-22
         6.8000   0.000000e+00   3.988635e-24   1.608656e-23   3.706640e-23   6.699836e-23   1.199759e-22   1.771896e-22   2.459052e-22   3.266288e-22   4.164707e-22   5.158268e-22   6.234816e-22   7.397484e-22   7.399471e-22   8.498337e-22
         6.8500   0.000000e+00   4.224976e-24   1.699980e-23   3.906054e-23   7.047380e-23   1.252294e-22   1.851302e-22   2.574158e-22   3.430590e-22   4.387058e-22   5.449884e-22   6.613289e-22   7.863094e-22   7.937176e-22   9.112574e-22
         6.9000   0.000000e+00   4.475322e-24   1.797003e-23   4.118641e-23   7.418550e-23   1.307045e-22   1.932921e-22   2.691105e-22   3.596016e-22   4.610418e-22   5.743151e-22   6.996169e-22   8.336406e-22   8.517534e-22   9.775618e-22
         6.9500   0.000000e+00   4.740501e-24   1.900047e-23   4.345117e-23   7.814683e-23   1.364508e-22   2.017484e-22   2.810771e-22   3.763277e-22   4.835115e-22   6.037756e-22   7.381793e-22   8.814812e-22   9.143671e-22   1.049121e-21
         7.0000   0.000000e+00   5.021394e-24   2.009446e-23   4.586236e-23   8.237160e-23   1.425179e-22   2.105741e-22   2.934176e-22   3.933435e-22   5.062012e-22   6.333997e-22   7.769299e-22   9.296334e-22   9.818692e-22   1.126317e-21
         7.0500   0.000000e+00   5.318930e-24   2.127572e-23   4.842798e-23   8.687417e-23   1.489535e-22   2.198483e-22   3.062424e-22   4.107798e-22   5.292425e-22   6.632921e-22   8.158621e-22   9.780131e-22   1.054554e-21   1.209522e-21
         7.1000   0.000000e+00   5.634097e-24   2.253639e-23   5.115647e-23   9.166966e-23   1.557999e-22   2.296508e-22   3.196667e-22   4.287887e-22   5.528068e-22   6.936162e-22   8.550720e-22   1.026631e-21   1.132674e-21   1.299089e-21
         7.1500   0.000000e+00   5.967938e-24   2.387175e-23   5.405678e-23   9.677396e-23   1.631014e-22   2.400555e-22   3.338080e-22   4.475302e-22   5.770929e-22   7.245918e-22   8.947351e-22   1.075628e-21   1.216422e-21   1.395308e-21
         7.2000   0.000000e+00   6.321560e-24   2.528624e-23   5.713836e-23   1.022040e-22   1.709040e-22   2.511300e-22   3.487855e-22   4.671738e-22   6.023186e-22   7.564745e-22   9.351087e-22   1.125242e-21   1.305881e-21   1.498396e-21
         7.2500   0.000000e+00   6.696136e-24   2.678455e-23   6.041140e-23   1.079776e-22   1.792477e-22   2.629459e-22   3.647019e-22   4.878896e-22   6.287097e-22   7.895515e-22   9.765070e-22   1.175809e-21   1.401013e-21   1.608425e-21
         7.3000   0.000000e+00   7.092907e-24   2.837163e-23   6.388662e-23   1.141135e-22   1.881705e-22   2.755759e-22   3.816604e-22   5.098480e-22   6.564984e-22   8.241166e-22   1.019294e-21   1.227732e-21   1.501605e-21   1.725308e-21
         7.3500   0.000000e+00   7.513188e-24   3.005275e-23   6.761870e-23   1.206320e-22   1.977113e-22   2.890819e-22   3.997705e-22   5.331950e-22   6.859205e-22   8.604771e-22   1.063850e-21   1.281474e-21   1.607276e-21   1.848748e-21
         7.4000   0.000000e+00   7.958373e-24   3.183349e-23   7.162536e-23   1.275546e-22   2.079092e-22   3.035254e-22   4.191340e-22   5.580822e-22   7.171805e-22   8.989445e-22   1.110576e-21   1.337510e-21   1.717459e-21   1.978236e-21
         7.4500   0.000000e+00   8.429936e-24   3.371974e-23   7.586943e-23   1.349037e-22   2.188029e-22   3.189685e-22   4.398415e-22   5.846689e-22   7.504814e-22   9.397961e-22   1.159877e-21   1.396346e-21   1.831463e-21   2.113048e-21
         7.5000   0.000000e+00   8.929441e-24   3.571776e-23   8.036497e-23   1.428711e-22   2.304322e-22   3.354734e-22   4.619850e-22   6.130976e-22   7.860380e-22   9.832973e-22   1.212153e-21   1.458488e-21   1.948484e-21   2.252313e-21
         7.5500   0.000000e+00   9.458544e-24   3.783418e-23   8.512690e-23   1.513367e-22   2.428378e-22   3.531022e-22   4.856580e-22   6.434998e-22   8.240543e-22   1.029729e-21   1.267747e-21   1.524421e-21   2.067744e-21   2.395053e-21
         7.6000   0.000000e+00   1.001900e-23   4.007599e-23   9.017098e-23   1.603040e-22   2.560624e-22   3.719187e-22   5.109523e-22   6.760092e-22   8.647091e-22   1.079368e-21   1.327021e-21   1.594574e-21   2.188503e-21   2.540320e-21
         7.6500   0.000000e+00   1.061266e-23   4.245064e-23   9.551395e-23   1.698026e-22   2.701505e-22   3.919887e-22   5.379617e-22   7.107612e-22   9.081837e-22   1.132451e-21   1.390352e-21   1.669402e-21   2.310217e-21   2.687264e-21
         7.7000   0.000000e+00   1.124150e-23   4.496600e-23   1.011735e-22   1.798640e-22   2.851490e-22   4.133807e-22   5.667824e-22   7.478889e-22   9.546623e-22   1.189217e-21   1.458072e-21   1.749372e-21   2.432548e-21   2.835251e-21
         7.7500   0.000000e+00   1.190760e-23   4.763041e-23   1.071684e-22   1.905216e-22   3.011075e-22   4.361666e-22   5.975142e-22   7.875288e-22   1.004327e-21   1.249908e-21   1.530493e-21   1.834888e-21   2.555438e-21   2.983958e-21
         7.8000   0.000000e+00   1.261317e-23   5.045268e-23   1.135185e-22   2.018107e-22   3.180787e-22   4.604220e-22   6.302611e-22   8.298213e-22   1.057361e-21   1.314767e-21   1.607932e-21   1.926340e-21   2.679129e-21   3.133364e-21
         7.8500   0.000000e+00   1.336055e-23   5.344219e-23   1.202449e-22   2.137688e-22   3.361181e-22   4.862274e-22   6.651327e-22   8.749123e-22   1.113955e-21   1.384033e-21   1.690710e-21   2.024125e-21   2.804133e-21   3.283846e-21
         7.9000   0.000000e+00   1.415221e-23   5.660884e-23   1.273699e-22   2.264354e-22   3.552846e-22   5.136675e-22   7.022444e-22   9.229537e-22   1.174305e-21   1.457957e-21   1.779142e-21   2.128641e-21   2.931218e-21   3.436082e-21
         7.9500   0.000000e+00   1.499078e-23   5.996313e-23   1.349170e-22   2.398525e-22   3.756415e-22   5.428322e-22   7.417191e-22   9.741060e-22   1.238615e-21   1.536796e-21   1.873552e-21   2.240282e-21   3.061351e-21   3.591065e-21
         8.0000   0.000000e+00   1.587904e-23   6.351617e-23   1.429114e-22   2.540647e-22   3.972554e-22   5.738167e-22   7.836862e-22   1.028539e-21   1.307101e-21   1.620818e-21   1.974273e-21   2.359457e-21   3.195655e-21   3.750003e-21
         8.0500   0.000000e+00   1.681993e-23   6.727974e-23   1.513794e-22   2.691189e-22   4.204983e-22   6.067235e-22   8.282824e-22   1.086431e-21   1.379989e-21   1.710305e-21   2.081653e-21   2.486582e-21   3.335326e-21   3.914298e-21
         8.1000   0.000000e+00   1.781658e-23   7.126631e-23   1.603492e-22   2.850652e-22   4.454144e-22   6.416600e-22   8.756546e-22   1.147973e-21   1.457521e-21   1.805553e-21   2.196053e-21   2.622093e-21   3.481625e-21   4.085403e-21
         8.1500   0.000000e+00   1.887228e-23   7.548910e-23   1.698505e-22   3.019564e-22   4.718069e-22   6.794019e-22   9.259591e-22   1.213366e-21   1.539951e-21   1.906878e-21   2.317854e-21   2.766446e-21   3.635824e-21   4.264868e-21
         8.2000   0.000000e+00   1.999053e-23   7.996212e-23   1.799148e-22   3.198485e-22   4.997632e-22   7.196590e-22   9.795359e-22   1.282825e-21   1.627549e-21   2.014613e-21   2.447459e-21   2.920121e-21   3.799210e-21   4.454244e-21
         8.2500   0.000000e+00   2.117504e-23   8.470017e-23   1.905754e-22   3.388007e-22   5.293761e-22   7.623015e-22   1.037577e-21   1.356578e-21   1.720601e-21   2.129110e-21   2.585297e-21   3.083628e-21   3.972883e-21   4.655056e-21
         8.3000   0.000000e+00   2.242974e-23   8.971897e-23   2.018677e-22   3.588759e-22   5.607436e-22   8.074707e-22   1.099057e-21   1.435504e-21   1.819416e-21   2.250743e-21   2.731819e-21   3.257504e-21   4.157971e-21   4.868628e-21
         8.3500   0.000000e+00   2.375879e-23   9.503515e-23   2.138291e-22   3.801406e-22   5.939697e-22   8.553164e-22   1.164181e-21   1.520562e-21   1.924462e-21   2.379915e-21   2.887502e-21   3.442318e-21   4.355664e-21   5.096343e-21
         8.4000   0.000000e+00   2.516658e-23   1.006663e-22   2.264993e-22   4.026654e-22   6.291646e-22   9.059971e-22   1.233163e-21   1.610661e-21   2.038493e-21   2.517045e-21   3.052861e-21   3.638674e-21   4.567047e-21   5.339652e-21
         8.4500   0.000000e+00   2.665780e-23   1.066312e-22   2.399202e-22   4.265248e-22   6.664450e-22   9.596808e-22   1.306232e-21   1.706099e-21   2.159282e-21   2.665780e-21   3.228438e-21   3.847222e-21   4.793105e-21   5.599826e-21
         8.5000   0.000000e+00   2.823737e-23   1.129495e-22   2.541364e-22   4.517980e-22   7.059343e-22   1.016545e-21   1.383631e-21   1.807192e-21   2.287227e-21   2.823737e-21   3.416722e-21   4.068643e-21   5.034834e-21   5.878060e-21
         8.5500   0.000000e+00   2.991054e-23   1.196422e-22   2.691949e-22   4.785687e-22   7.477636e-22   1.076780e-21   1.465617e-21   1.914275e-21   2.422754e-21   2.991054e-21   3.619176e-21   4.307118e-21   5.293249e-21   6.175573e-21
         8.6000   0.000000e+00   3.168285e-23   1.267314e-22   2.851457e-22   5.069256e-22   7.920713e-22   1.140583e-21   1.552460e-21   2.027703e-21   2.566311e-21   3.168285e-21   3.833625e-21   4.562331e-21   5.569347e-21   6.493592e-21
         8.6500   0.000000e+00   3.356018e-23   1.342407e-22   3.020416e-22   5.369629e-22   8.390045e-22   1.208166e-21   1.644449e-21   2.147852e-21   2.718375e-21   3.356018e-21   4.060782e-21   4.832666e-21   5.864146e-21   6.833330e-21
         8.7000   0.000000e+00   3.554875e-23   1.421950e-22   3.199387e-22   5.687799e-22   8.887186e-22   1.279755e-21   1.741889e-21   2.275120e-21   2.879448e-21   3.554875e-21   4.301398e-21   5.119019e-21   6.178693e-21   7.196030e-21
         8.7500   0.000000e+00   3.765514e-23   1.506206e-22   3.388963e-22   6.024823e-22   9.413785e-22   1.355585e-21   1.845102e-21   2.409929e-21   3.050066e-21   3.765514e-21   4.556272e-21   5.422340e-21   6.514076e-21   7.582973e-21
         8.8000   0.000000e+00   3.988635e-23   1.595454e-22   3.589771e-22   6.381816e-22   9.971587e-22   1.435909e-21   1.954431e-21   2.552726e-21   3.230794e-21   3.988635e-21   4.826248e-21   5.743634e-21   6.871426e-21   7.995490e-21
         8.8500   0.000000e+00   4.224976e-23   1.689991e-22   3.802479e-22   6.759962e-22   1.056244e-21   1.520991e-21   2.070238e-21   2.703985e-21   3.422231e-21   4.224976e-21   5.112221e-21   6.083966e-21   7.251940e-21   8.434968e-21
         8.9000   0.000000e+00   4.475322e-23   1.790129e-22   4.027790e-22   7.160515e-22   1.118830e-21   1.611116e-21   2.192908e-21   2.864206e-21   3.625011e-21   4.475322e-21   5.415140e-21   6.444464e-21   7.656875e-21   8.902875e-21
         8.9500   0.000000e+00   4.740501e-23   1.896201e-22   4.266451e-22   7.584802e-22   1.185125e-21   1.706581e-21   2.322846e-21   3.033921e-21   3.839806e-21   4.740501e-21   5.736007e-21   6.826322e-21   8.087571e-21   9.400759e-21
         9.0000   0.000000e+00   5.021394e-23   2.008558e-22   4.519254e-22   8.034230e-22   1.255348e-21   1.807702e-21   2.460483e-21   3.213692e-21   4.067329e-21   5.021394e-21   6.075887e-21   7.230807e-21   8.545441e-21   9.930262e-21
