# CIE bound-bound cooling efficiency for O (Z=8)
# Source: CHIANTI v11.0.2 via ChiantiPy ion.boundBoundLoss
# Units: erg cm^3 / s, per ion per electron, low-density limit (n_e = 1 cm^-3)
# T grid: 121 log-spaced points, 10^3.00 K -> 10^9.00 K
# Generated by pyathena/photchem/data/build_cool_tables.py
#
# log_T_K        L_O0           L_O1           L_O2           L_O3           L_O4           L_O5           L_O6           L_O7           L_O8         
         3.0000   7.251448e-24   8.431890e-36   5.155440e-21   1.040199e-20   1.712729e-69   5.063901e-78   0.000000e+00   0.000000e+00   0.000000e+00
         3.0500   7.435153e-24   5.290452e-34   5.029464e-21   1.053158e-20   6.235436e-64   1.761848e-71   0.000000e+00   0.000000e+00   0.000000e+00
         3.1000   7.614672e-24   2.103352e-32   4.892642e-21   1.060660e-20   5.607411e-59   1.185761e-65   0.000000e+00   0.000000e+00   0.000000e+00
         3.1500   7.788225e-24   5.568519e-31   4.747146e-21   1.063525e-20   1.449895e-54   1.845136e-60   0.000000e+00   0.000000e+00   0.000000e+00
         3.2000   7.953563e-24   1.026102e-29   4.593656e-21   1.062580e-20   1.234185e-50   7.782571e-56   0.000000e+00   0.000000e+00   0.000000e+00
         3.2500   8.111401e-24   1.368958e-28   4.432545e-21   1.058640e-20   3.902021e-47   1.025304e-51   0.000000e+00   0.000000e+00   0.000000e+00
         3.3000   8.275319e-24   1.369632e-27   4.266542e-21   1.052476e-20   5.102194e-44   4.787521e-48   0.000000e+00   0.000000e+00   0.000000e+00
         3.3500   8.497109e-24   1.060329e-26   4.099086e-21   1.044804e-20   3.036604e-41   8.868176e-45   0.000000e+00   0.000000e+00   0.000000e+00
         3.4000   8.922402e-24   6.531833e-26   3.932998e-21   1.036265e-20   8.958816e-39   7.205274e-42   0.000000e+00   0.000000e+00   0.000000e+00
         3.4500   9.895033e-24   3.282559e-25   3.771606e-21   1.027409e-20   1.413719e-36   2.808346e-39   0.000000e+00   0.000000e+00   0.000000e+00
         3.5000   1.212448e-23   1.376045e-24   3.620235e-21   1.018677e-20   1.276824e-34   5.687273e-37   0.000000e+00   0.000000e+00   0.000000e+00
         3.5500   1.691530e-23   4.908148e-24   3.486959e-21   1.010382e-20   7.010269e-33   6.425624e-35   0.000000e+00   0.000000e+00   0.000000e+00
         3.6000   2.643226e-23   1.516212e-23   3.382696e-21   1.002674e-20   2.468740e-31   4.315516e-33   0.000000e+00   0.000000e+00   0.000000e+00
         3.6500   4.395738e-23   4.121232e-23   3.325951e-21   9.955046e-21   5.849031e-30   1.823110e-31   0.000000e+00   0.000000e+00   0.000000e+00
         3.7000   7.408701e-23   9.997830e-23   3.346558e-21   9.885719e-21   9.727417e-29   5.094999e-30   0.000000e+00   0.000000e+00   0.000000e+00
         3.7500   1.228065e-22   2.192599e-22   3.479467e-21   9.812468e-21   1.179257e-27   9.852301e-29   0.000000e+00   0.000000e+00   0.000000e+00
         3.8000   1.974085e-22   4.397272e-22   3.760959e-21   9.724775e-21   1.077684e-26   1.372097e-27   0.000000e+00   0.000000e+00   0.000000e+00
         3.8500   3.062400e-22   8.146827e-22   4.230645e-21   9.606662e-21   7.649173e-26   1.426222e-26   0.000000e+00   0.000000e+00   0.000000e+00
         3.9000   4.582568e-22   1.406631e-21   4.924509e-21   9.435188e-21   4.330585e-25   1.142253e-25   0.000000e+00   0.000000e+00   0.000000e+00
         3.9500   6.624380e-22   2.280759e-21   5.867857e-21   9.184311e-21   2.002956e-24   7.251480e-25   0.000000e+00   0.000000e+00   0.000000e+00
         4.0000   9.272682e-22   3.497079e-21   7.074483e-21   8.850196e-21   7.734548e-24   3.742469e-24  3.480215e-301   0.000000e+00   0.000000e+00
         4.0500   1.260396e-21   5.102390e-21   8.547285e-21   8.445225e-21   2.544840e-23   1.605989e-23  1.881801e-270  1.541518e-315   0.000000e+00
         4.1000   1.668710e-21   7.122707e-21   1.028500e-20   7.997840e-21   7.277451e-23   5.846584e-23  4.615484e-243  3.751657e-280   0.000000e+00
         4.1500   2.159113e-21   9.559690e-21   1.228385e-20   7.561446e-21   1.844754e-22   1.838283e-22  1.186276e-218  1.009854e-251   0.000000e+00
         4.2000   2.739146e-21   1.239284e-20   1.453317e-20   7.225989e-21   4.215889e-22   5.072291e-22  6.737933e-197  2.187336e-226   0.000000e+00
         4.2500   3.417577e-21   1.558782e-20   1.702420e-20   7.121363e-21   8.820512e-22   1.245822e-21  1.644198e-177  8.273790e-204   0.000000e+00
         4.3000   4.204825e-21   1.911219e-20   1.975491e-20   7.383652e-21   1.713185e-21   2.758516e-21  3.116281e-160  1.090292e-183   0.000000e+00
         4.3500   5.113881e-21   2.296212e-20   2.280668e-20   8.194088e-21   3.125620e-21   5.568954e-21  7.772587e-145  9.262604e-166   0.000000e+00
         4.4000   6.159747e-21   2.720188e-20   2.648958e-20   9.815445e-21   5.402829e-21   1.035448e-20  4.079011e-131  8.780341e-150   0.000000e+00
         4.4500   7.358651e-21   3.199877e-20   3.118553e-20   1.261694e-20   8.901536e-21   1.789139e-20  6.843049e-119  1.514282e-135   0.000000e+00
         4.5000   8.727273e-21   3.765241e-20   3.717133e-20   1.709610e-20   1.408825e-20   2.896023e-20  5.334368e-108  7.346135e-123   0.000000e+00
         4.5500   1.028159e-20   4.459959e-20   4.479529e-20   2.389021e-20   2.156113e-20   4.422909e-20   2.697815e-98  1.478188e-111   0.000000e+00
         4.6000   1.203466e-20   5.340802e-20   5.452796e-20   3.375747e-20   3.204763e-20   6.414051e-20   1.192319e-89  1.743974e-101   0.000000e+00
         4.6500   1.399492e-20   6.478071e-20   6.694306e-20   4.750958e-20   4.637476e-20   8.882756e-20   6.007750e-82   1.642346e-92   0.000000e+00
         4.7000   1.616885e-20   7.955213e-20   8.269783e-20   6.592603e-20   6.540768e-20   1.180759e-19   4.376411e-75   1.625214e-84   0.000000e+00
         4.7500   1.855991e-20   9.861431e-20   1.025131e-19   8.966296e-20   8.995117e-20   1.513365e-19   5.694755e-69   2.159235e-77   0.000000e+00
         4.8000   2.116350e-20   1.228279e-19   1.270839e-19   1.191782e-19   1.205779e-19   1.877834e-19   1.596428e-63   4.791627e-71   0.000000e+00
         4.8500   2.396477e-20   1.529541e-19   1.570383e-19   1.546953e-19   1.575255e-19   2.264006e-19   1.139174e-58   2.157725e-65   0.000000e+00
         4.9000   2.693802e-20   1.895692e-19   1.929146e-19   1.962179e-19   2.006441e-19   2.660832e-19   2.401054e-54   2.345220e-60   0.000000e+00
         4.9500   3.004754e-20   2.329857e-19   2.351325e-19   2.435792e-19   2.493974e-19   3.057376e-19   1.706971e-50   7.181199e-56   0.000000e+00
         5.0000   3.324991e-20   2.832166e-19   2.839446e-19   2.964606e-19   3.029259e-19   3.443699e-19   4.608050e-47   7.110265e-52   0.000000e+00
         5.0500   3.649702e-20   3.399334e-19   3.393808e-19   3.544684e-19   3.601578e-19   3.811570e-19   5.249914e-44   2.573902e-48   0.000000e+00
         5.1000   3.973936e-20   4.024436e-19   4.012601e-19   4.171964e-19   4.199409e-19   4.154915e-19   2.772730e-41   3.800647e-45   0.000000e+00
         5.1500   4.292904e-20   4.697577e-19   4.691565e-19   4.842418e-19   4.811728e-19   4.469843e-19   7.381049e-39   2.523807e-42   0.000000e+00
         5.2000   4.602219e-20   5.406605e-19   5.423698e-19   5.551881e-19   5.429184e-19   4.754851e-19   1.067029e-36   8.221613e-40   0.000000e+00
         5.2500   4.898063e-20   6.137897e-19   6.199254e-19   6.295622e-19   6.044483e-19   5.010727e-19   8.952731e-35   1.419807e-37   0.000000e+00
         5.3000   5.177277e-20   6.877210e-19   7.006129e-19   7.067774e-19   6.652366e-19   5.240128e-19   4.625747e-33   1.392812e-35   0.000000e+00
         5.3500   5.437388e-20   7.610413e-19   7.830970e-19   7.861086e-19   7.249215e-19   5.446960e-19   1.551540e-31   8.255050e-34   0.000000e+00
         5.4000   5.676580e-20   8.324147e-19   8.660191e-19   8.666839e-19   7.832445e-19   5.635642e-19   3.540595e-30   3.123171e-32   0.000000e+00
         5.4500   5.893636e-20   9.006977e-19   9.480514e-19   9.474938e-19   8.399838e-19   5.810656e-19   5.731490e-29   7.921988e-31   0.000000e+00
         5.5000   6.087858e-20   9.649670e-19   1.027947e-18   1.027425e-18   8.949014e-19   5.976265e-19   6.832513e-28   1.407525e-29   0.000000e+00
         5.5500   6.258983e-20   1.024516e-18   1.104582e-18   1.105311e-18   9.477176e-19   6.135871e-19   6.201874e-27   1.821519e-28   0.000000e+00
         5.6000   6.407098e-20   1.078843e-18   1.176989e-18   1.180030e-18   9.980994e-19   6.291714e-19   4.416096e-26   1.777886e-27   0.000000e+00
         5.6500   6.532567e-20   1.127595e-18   1.244373e-18   1.250570e-18   1.045664e-18   6.444820e-19   2.533190e-25   1.350061e-26   0.000000e+00
         5.7000   6.635964e-20   1.170465e-18   1.306109e-18   1.316075e-18   1.089998e-18   6.594982e-19   1.198659e-24   8.199409e-26   0.000000e+00
         5.7500   6.718024e-20   1.207320e-18   1.361688e-18   1.375855e-18   1.130706e-18   6.740558e-19   4.778482e-24   4.081827e-25   0.000000e+00
         5.8000   6.779598e-20   1.238201e-18   1.410806e-18   1.429401e-18   1.167526e-18   6.878585e-19   1.635376e-23   1.702282e-24   0.000000e+00
         5.8500   6.821625e-20   1.263279e-18   1.453353e-18   1.476371e-18   1.200264e-18   7.006132e-19   4.886037e-23   6.063225e-24   0.000000e+00
         5.9000   6.845100e-20   1.282814e-18   1.489373e-18   1.516585e-18   1.228773e-18   7.121862e-19   1.293643e-22   1.876353e-23   0.000000e+00
         5.9500   6.851062e-20   1.297140e-18   1.519029e-18   1.550037e-18   1.252954e-18   7.225913e-19   3.076230e-22   5.122414e-23   0.000000e+00
         6.0000   6.840575e-20   1.306676e-18   1.542549e-18   1.576965e-18   1.272756e-18   7.318399e-19   6.649104e-22   1.250450e-22   0.000000e+00
         6.0500   6.814719e-20   1.311839e-18   1.560141e-18   1.597701e-18   1.288173e-18   7.399122e-19   1.320222e-21   2.762705e-22   0.000000e+00
         6.1000   6.774580e-20   1.313016e-18   1.572079e-18   1.612595e-18   1.299249e-18   7.467892e-19   2.430826e-21   5.584150e-22   0.000000e+00
         6.1500   6.721239e-20   1.310565e-18   1.578694e-18   1.622004e-18   1.306097e-18   7.524629e-19   4.185266e-21   1.042607e-21   0.000000e+00
         6.2000   6.655769e-20   1.304820e-18   1.580359e-18   1.626284e-18   1.308942e-18   7.569604e-19   6.789159e-21   1.813645e-21   0.000000e+00
         6.2500   6.579226e-20   1.296089e-18   1.577460e-18   1.625784e-18   1.308028e-18   7.603474e-19   1.044619e-20   2.961646e-21   0.000000e+00
         6.3000   6.492643e-20   1.284662e-18   1.570408e-18   1.620821e-18   1.303598e-18   7.626284e-19   1.533787e-20   4.570850e-21   0.000000e+00
         6.3500   6.397024e-20   1.270822e-18   1.559674e-18   1.611715e-18   1.295890e-18   7.638122e-19   2.160580e-20   6.707834e-21   0.000000e+00
         6.4000   6.293343e-20   1.254878e-18   1.545691e-18   1.598793e-18   1.285138e-18   7.639665e-19   2.933909e-20   9.411541e-21   0.000000e+00
         6.4500   6.182534e-20   1.237106e-18   1.528835e-18   1.582385e-18   1.271600e-18   7.630866e-19   3.856828e-20   1.268704e-20   0.000000e+00
         6.5000   6.065492e-20   1.217742e-18   1.509434e-18   1.562824e-18   1.255594e-18   7.611128e-19   4.926556e-20   1.650469e-20   0.000000e+00
         6.5500   5.943069e-20   1.196995e-18   1.487783e-18   1.540468e-18   1.237414e-18   7.580381e-19   6.135039e-20   2.080376e-20   0.000000e+00
         6.6000   5.816070e-20   1.175050e-18   1.464147e-18   1.515801e-18   1.217318e-18   7.539648e-19   7.469778e-20   2.549969e-20   0.000000e+00
         6.6500   5.685255e-20   1.152084e-18   1.438769e-18   1.489242e-18   1.195539e-18   7.489778e-19   8.914856e-20   3.049332e-20   0.000000e+00
         6.7000   5.551334e-20   1.128280e-18   1.411889e-18   1.461108e-18   1.172293e-18   7.429162e-19   1.045201e-19   3.567890e-20   0.000000e+00
         6.7500   5.414972e-20   1.103795e-18   1.383791e-18   1.431648e-18   1.147808e-18   7.357968e-19   1.206121e-19   4.094560e-20   0.000000e+00
         6.8000   5.276782e-20   1.078761e-18   1.354724e-18   1.401071e-18   1.122366e-18   7.276453e-19   1.372071e-19   4.618306e-20   0.000000e+00
         6.8500   5.137333e-20   1.053293e-18   1.324892e-18   1.369559e-18   1.096193e-18   7.185005e-19   1.540847e-19   5.129008e-20   0.000000e+00
         6.9000   4.997148e-20   1.027490e-18   1.294464e-18   1.337277e-18   1.069455e-18   7.088495e-19   1.710305e-19   5.617886e-20   0.000000e+00
         6.9500   4.856704e-20   1.001445e-18   1.263586e-18   1.304380e-18   1.042287e-18   6.983491e-19   1.878425e-19   6.077754e-20   0.000000e+00
         7.0000   4.716435e-20   9.752426e-19   1.232383e-18   1.271038e-18   1.014802e-18   6.870576e-19   2.043357e-19   6.503992e-20   0.000000e+00
         7.0500   4.576736e-20   9.489614e-19   1.200970e-18   1.237403e-18   9.870979e-19   6.750420e-19   2.203319e-19   6.896298e-20   0.000000e+00
         7.1000   4.437960e-20   9.226739e-19   1.169443e-18   1.203609e-18   9.592690e-19   6.623748e-19   2.356486e-19   7.255927e-20   0.000000e+00
         7.1500   4.300426e-20   8.964475e-19   1.137884e-18   1.169773e-18   9.314058e-19   6.491267e-19   2.501278e-19   7.584633e-20   0.000000e+00
         7.2000   4.164417e-20   8.703445e-19   1.106367e-18   1.136000e-18   9.036052e-19   6.353675e-19   2.636393e-19   7.884290e-20   0.000000e+00
         7.2500   4.030182e-20   8.444219e-19   1.074957e-18   1.102387e-18   8.759525e-19   6.212248e-19   2.760810e-19   8.156649e-20   0.000000e+00
         7.3000   3.897941e-20   8.187317e-19   1.043719e-18   1.069037e-18   8.485218e-19   6.070164e-19   2.873785e-19   8.403201e-20   0.000000e+00
         7.3500   3.767887e-20   7.933212e-19   1.012710e-18   1.036030e-18   8.213779e-19   5.925139e-19   2.974793e-19   8.625049e-20   0.000000e+00
         7.4000   3.640185e-20   7.682328e-19   9.819850e-19   1.003424e-18   7.945775e-19   5.777810e-19   3.063512e-19   8.821924e-20   0.000000e+00
         7.4500   3.514976e-20   7.435045e-19   9.515948e-19   9.712686e-19   7.681772e-19   5.628779e-19   3.139759e-19   8.992969e-20   0.000000e+00
         7.5000   3.392378e-20   7.191699e-19   9.215862e-19   9.396033e-19   7.422397e-19   5.478599e-19   3.203477e-19   9.137730e-20   0.000000e+00
         7.5500   3.272491e-20   6.952583e-19   8.920019e-19   9.084636e-19   7.168066e-19   5.327762e-19   3.254780e-19   9.256131e-20   0.000000e+00
         7.6000   3.155394e-20   6.717954e-19   8.628804e-19   8.778811e-19   6.919030e-19   5.176749e-19   3.293932e-19   9.348429e-20   0.000000e+00
         7.6500   3.041150e-20   6.488030e-19   8.342562e-19   8.478841e-19   6.675453e-19   5.025998e-19   3.321334e-19   9.415156e-20   0.000000e+00
         7.7000   2.929806e-20   6.262994e-19   8.061598e-19   8.184975e-19   6.437447e-19   4.875887e-19   3.337482e-19   9.457074e-20   0.000000e+00
         7.7500   2.821396e-20   6.043000e-19   7.786176e-19   7.897436e-19   6.205098e-19   4.726756e-19   3.342985e-19   9.475134e-20   0.000000e+00
         7.8000   2.715941e-20   5.828170e-19   7.516522e-19   7.616411e-19   5.978474e-19   4.578926e-19   3.338594e-19   9.470431e-20   0.000000e+00
         7.8500   2.613448e-20   5.618600e-19   7.252827e-19   7.342058e-19   5.757632e-19   4.432685e-19   3.325086e-19   9.444175e-20   0.000000e+00
         7.9000   2.513918e-20   5.414361e-19   6.995246e-19   7.074505e-19   5.542613e-19   4.288298e-19   3.303225e-19   9.397661e-20   0.000000e+00
         7.9500   2.417340e-20   5.215500e-19   6.743903e-19   6.813848e-19   5.333451e-19   4.146002e-19   3.273770e-19   9.332242e-20   0.000000e+00
         8.0000   2.323697e-20   5.022045e-19   6.498893e-19   6.560158e-19   5.130162e-19   4.006716e-19   3.237470e-19   9.249308e-20   0.000000e+00
         8.0500   2.232961e-20   4.834005e-19   6.260281e-19   6.313474e-19   4.932749e-19   3.870218e-19   3.195055e-19   9.150266e-20   0.000000e+00
         8.1000   2.145102e-20   4.651370e-19   6.028109e-19   6.073815e-19   4.741202e-19   3.736384e-19   3.147219e-19   9.036523e-20   0.000000e+00
         8.1500   2.060082e-20   4.474119e-19   5.802395e-19   5.841172e-19   4.555495e-19   3.605351e-19   3.094622e-19   8.909470e-20   0.000000e+00
         8.2000   1.977859e-20   4.302213e-19   5.583136e-19   5.615519e-19   4.375588e-19   3.477229e-19   3.037868e-19   8.770473e-20   0.000000e+00
         8.2500   1.898386e-20   4.135604e-19   5.370310e-19   5.396808e-19   4.201429e-19   3.352101e-19   2.977521e-19   8.620858e-20   0.000000e+00
         8.3000   1.821614e-20   3.974231e-19   5.163879e-19   5.184975e-19   4.032951e-19   3.230026e-19   2.914111e-19   8.461907e-20   0.000000e+00
         8.3500   1.747488e-20   3.818026e-19   4.963789e-19   4.979941e-19   3.870079e-19   3.111050e-19   2.848131e-19   8.294845e-20   0.000000e+00
         8.4000   1.675954e-20   3.666910e-19   4.769971e-19   4.781613e-19   3.712725e-19   2.995199e-19   2.780042e-19   8.120841e-20   0.000000e+00
         8.4500   1.606954e-20   3.520800e-19   4.582348e-19   4.589886e-19   3.560794e-19   2.882489e-19   2.710263e-19   7.940998e-20   0.000000e+00
         8.5000   1.540428e-20   3.379604e-19   4.400828e-19   4.404647e-19   3.414182e-19   2.772926e-19   2.639177e-19   7.756354e-20   0.000000e+00
         8.5500   1.476316e-20   3.243227e-19   4.225315e-19   4.225773e-19   3.272780e-19   2.666513e-19   2.567138e-19   7.567880e-20   0.000000e+00
         8.6000   1.414556e-20   3.111569e-19   4.055700e-19   4.053133e-19   3.136471e-19   2.563239e-19   2.494471e-19   7.376479e-20   0.000000e+00
         8.6500   1.355085e-20   2.984524e-19   3.891871e-19   3.886593e-19   3.005136e-19   2.463090e-19   2.421477e-19   7.182986e-20   0.000000e+00
         8.7000   1.297840e-20   2.861988e-19   3.733708e-19   3.726011e-19   2.878650e-19   2.366045e-19   2.348433e-19   6.988169e-20   0.000000e+00
         8.7500   1.242760e-20   2.743849e-19   3.581090e-19   3.571242e-19   2.756889e-19   2.272075e-19   2.275589e-19   6.792732e-20   0.000000e+00
         8.8000   1.189781e-20   2.629998e-19   3.433887e-19   3.422141e-19   2.639724e-19   2.181147e-19   2.203170e-19   6.597315e-20   0.000000e+00
         8.8500   1.138840e-20   2.520323e-19   3.291971e-19   3.278558e-19   2.527025e-19   2.093222e-19   2.131377e-19   6.402499e-20   0.000000e+00
         8.9000   1.089875e-20   2.414710e-19   3.155208e-19   3.140342e-19   2.418664e-19   2.008252e-19   2.060389e-19   6.208808e-20   0.000000e+00
         8.9500   1.042824e-20   2.313047e-19   3.023465e-19   3.007342e-19   2.314509e-19   1.926189e-19   1.990367e-19   6.016710e-20   0.000000e+00
         9.0000   9.976270e-21   2.215221e-19   2.896606e-19   2.879407e-19   2.214433e-19   1.846979e-19   1.921450e-19   5.826624e-20   0.000000e+00
