# CIE bound-bound cooling efficiency for Mg (Z=12)
# Source: CHIANTI v11.0.2 via ChiantiPy ion.boundBoundLoss
# Units: erg cm^3 / s, per ion per electron, low-density limit (n_e = 1 cm^-3)
# T grid: 121 log-spaced points, 10^3.00 K -> 10^9.00 K
# Generated by pyathena/photchem/data/build_cool_tables.py
#
# log_T_K        L_Mg0          L_Mg1          L_Mg2          L_Mg3          L_Mg4          L_Mg5          L_Mg6          L_Mg7          L_Mg8          L_Mg9          L_Mg10         L_Mg11         L_Mg12       
         3.0000   0.000000e+00   4.700216e-26   1.880087e-25   4.230195e-25   7.520346e-25   1.175054e-24   1.692078e-24   2.303106e-24   3.008138e-24   3.807175e-24   4.700216e-24   5.687262e-24   6.768311e-24
         3.0500   0.000000e+00   4.978722e-26   1.991489e-25   4.480849e-25   7.965955e-25   1.244680e-24   1.792340e-24   2.439574e-24   3.186382e-24   4.032764e-24   4.978722e-24   6.024253e-24   7.169359e-24
         3.1000   0.000000e+00   5.273729e-26   2.109492e-25   4.746356e-25   8.437967e-25   1.318432e-24   1.898543e-24   2.584127e-24   3.375187e-24   4.271721e-24   5.273729e-24   6.381213e-24   7.594170e-24
         3.1500   0.000000e+00   5.586217e-26   2.234487e-25   5.027596e-25   8.937948e-25   1.396554e-24   2.011038e-24   2.737247e-24   3.575179e-24   4.524836e-24   5.586217e-24   6.759323e-24   8.044153e-24
         3.2000   0.000000e+00   5.917222e-26   2.366889e-25   5.325500e-25   9.467555e-25   1.479305e-24   2.130200e-24   2.899439e-24   3.787022e-24   4.792950e-24   5.917222e-24   7.159838e-24   8.520799e-24
         3.2500   0.000000e+00   6.284502e-26   2.507136e-25   5.641055e-25   1.002854e-24   1.566960e-24   2.256422e-24   3.071241e-24   4.011417e-24   5.076950e-24   6.267839e-24   7.584085e-24   9.025688e-24
         3.3000   0.000000e+00   6.681149e-26   2.655693e-25   5.975309e-25   1.062277e-24   1.659808e-24   2.390123e-24   3.253224e-24   4.249108e-24   5.377778e-24   6.639232e-24   8.033471e-24   9.560494e-24
         3.3500   0.000000e+00   7.104870e-26   2.813052e-25   6.329368e-25   1.125221e-24   1.758158e-24   2.531747e-24   3.445989e-24   4.500884e-24   5.696431e-24   7.032631e-24   8.509484e-24   1.012699e-23
         3.4000   0.000000e+00   7.557738e-26   2.979736e-25   6.704407e-25   1.191895e-24   1.862335e-24   2.681763e-24   3.650177e-24   4.767578e-24   6.033966e-24   7.449341e-24   9.013702e-24   1.072705e-23
         3.4500   0.000000e+00   8.042009e-26   3.156297e-25   7.101668e-25   1.262519e-24   1.972685e-24   2.840667e-24   3.866464e-24   5.050075e-24   6.391501e-24   7.890742e-24   9.547798e-24   1.136267e-23
         3.5000   0.000000e+00   8.560152e-26   3.343319e-25   7.522468e-25   1.337328e-24   2.089574e-24   3.008987e-24   4.095566e-24   5.349311e-24   6.770221e-24   8.358298e-24   1.011354e-23   1.203595e-23
         3.5500   0.000000e+00   9.114862e-26   3.552421e-25   7.968202e-25   1.416569e-24   2.213390e-24   3.187281e-24   4.338243e-24   5.666277e-24   7.171382e-24   8.853558e-24   1.071281e-23   1.274912e-23
         3.6000   0.000000e+00   9.709084e-26   3.776767e-25   8.440348e-25   1.500506e-24   2.344541e-24   3.376139e-24   4.595301e-24   6.002025e-24   7.596313e-24   9.378164e-24   1.134758e-23   1.350456e-23
         3.6500   0.000000e+00   1.034603e-25   4.016441e-25   8.940470e-25   1.589417e-24   2.483464e-24   3.576188e-24   4.867589e-24   6.357668e-24   8.046423e-24   9.933856e-24   1.201997e-23   1.430475e-23
         3.7000   0.000000e+00   1.102920e-25   4.272618e-25   9.470226e-25   1.683596e-24   2.630618e-24   3.788090e-24   5.156012e-24   6.734383e-24   8.523204e-24   1.052247e-23   1.273219e-23   1.515236e-23
         3.7500   0.000000e+00   1.176243e-25   4.546579e-25   1.003137e-24   1.783355e-24   2.786492e-24   4.012549e-24   5.461525e-24   7.133420e-24   9.028235e-24   1.114597e-23   1.348662e-23   1.605020e-23
         3.8000   0.000000e+00   1.254992e-25   4.839722e-25   1.062577e-24   1.889026e-24   2.951602e-24   4.250307e-24   5.785141e-24   7.556102e-24   9.563192e-24   1.180641e-23   1.428576e-23   1.700123e-23
         3.8500   0.000000e+00   1.339621e-25   5.153578e-25   1.125538e-24   2.000957e-24   3.126496e-24   4.502154e-24   6.127932e-24   8.003829e-24   1.012985e-23   1.250598e-23   1.513224e-23   1.800862e-23
         3.9000   0.000000e+00   1.430629e-25   5.489815e-25   1.192231e-24   2.119521e-24   3.311752e-24   4.768923e-24   6.491035e-24   8.478086e-24   1.073008e-23   1.324701e-23   1.602888e-23   1.907569e-23
         3.9500   0.000000e+00   1.528560e-25   5.850256e-25   1.262875e-24   2.245111e-24   3.507986e-24   5.051500e-24   6.875653e-24   8.980444e-24   1.136587e-23   1.403194e-23   1.697865e-23   2.020600e-23
         4.0000   0.000000e+00   1.634003e-25   6.236887e-25   1.337705e-24   2.378142e-24   3.715847e-24   5.350820e-24   7.283061e-24   9.512569e-24   1.203934e-23   1.486339e-23   1.798470e-23   2.140328e-23
         4.0500   0.000000e+00   1.747601e-25   6.651887e-25   1.416969e-24   2.519056e-24   3.936025e-24   5.667876e-24   7.714609e-24   1.007622e-23   1.275272e-23   1.574410e-23   1.905036e-23   2.267150e-23
         4.1000   0.000000e+00   1.870050e-25   7.097629e-25   1.500930e-24   2.668319e-24   4.169249e-24   6.003719e-24   8.171728e-24   1.067328e-23   1.350837e-23   1.667700e-23   2.017917e-23   2.401488e-23
         4.1500   0.000000e+00   2.002103e-25   7.576696e-25   1.589865e-24   2.826427e-24   4.416293e-24   6.359461e-24   8.655934e-24   1.130571e-23   1.430879e-23   1.766517e-23   2.137486e-23   2.543785e-23
         4.2000   0.000000e+00   2.144571e-25   8.091914e-25   1.684071e-24   2.993904e-24   4.677974e-24   6.736283e-24   9.168830e-24   1.197561e-23   1.515664e-23   1.871190e-23   2.264140e-23   2.694513e-23
         4.2500   0.000000e+00   2.298325e-25   8.646366e-25   1.786086e-24   3.171304e-24   4.955162e-24   7.135433e-24   9.712117e-24   1.268521e-23   1.605472e-23   1.982065e-23   2.398298e-23   2.854173e-23
         4.3000   0.000000e+00   2.464293e-25   9.243396e-25   1.898600e-24   3.359215e-24   5.248774e-24   7.558234e-24   1.028760e-23   1.343686e-23   1.700603e-23   2.099509e-23   2.540406e-23   3.023294e-23
         4.3500   0.000000e+00   2.643451e-25   9.886644e-25   2.018770e-24   3.558261e-24   5.559783e-24   8.006088e-24   1.089717e-23   1.423304e-23   1.801370e-23   2.223913e-23   2.690935e-23   3.202435e-23
         4.4000   0.000000e+00   2.836815e-25   1.058006e-24   2.147180e-24   3.777795e-24   5.889221e-24   8.480478e-24   1.154287e-23   1.507641e-23   1.908108e-23   2.355688e-23   2.850383e-23   3.392191e-23
         4.4500   0.000000e+00   3.045425e-25   1.132790e-24   2.284464e-24   4.016118e-24   6.238179e-24   8.982978e-24   1.222683e-23   1.596974e-23   2.021170e-23   2.495272e-23   3.019279e-23   3.593191e-23
         4.5000   0.000000e+00   3.270305e-25   1.213476e-24   2.431316e-24   4.270696e-24   6.617785e-24   9.515253e-24   1.295132e-23   1.691601e-23   2.140932e-23   2.643126e-23   3.198182e-23   3.806101e-23
         4.5500   0.000000e+00   3.512428e-25   1.300557e-24   2.588494e-24   4.542771e-24   7.034819e-24   1.007907e-23   1.371873e-23   1.791834e-23   2.267790e-23   2.799741e-23   3.387686e-23   4.031627e-23
         4.6000   0.000000e+00   3.772610e-25   1.394556e-24   2.756825e-24   4.833698e-24   7.480245e-24   1.067719e-23   1.453162e-23   1.898007e-23   2.402165e-23   2.965636e-23   3.588420e-23   4.270516e-23
         4.6500   0.000000e+00   4.051480e-25   1.496025e-24   2.937213e-24   5.144954e-24   7.956232e-24   1.134872e-23   1.539267e-23   2.010471e-23   2.544502e-23   3.141361e-23   3.801047e-23   4.523560e-23
         4.7000   0.000000e+00   4.349282e-25   1.605536e-24   3.130641e-24   5.478158e-24   8.465135e-24   1.206582e-23   1.632693e-23   2.129599e-23   2.695274e-23   3.327498e-23   4.026273e-23   4.791598e-23
         4.7500   0.000000e+00   4.665854e-25   1.723673e-24   3.338188e-24   5.835073e-24   9.009530e-24   1.283197e-23   1.735560e-23   2.255786e-23   2.854979e-23   3.524665e-23   4.264845e-23   5.075518e-23
         4.8000   0.000000e+00   5.000451e-25   1.851006e-24   3.561033e-24   6.217624e-24   9.592228e-24   1.365091e-23   1.845428e-23   2.397260e-23   3.024147e-23   3.733514e-23   4.517553e-23   5.376261e-23
         4.8500   0.000000e+00   5.351765e-25   1.988075e-24   3.800456e-24   6.627912e-24   1.021630e-23   1.452676e-23   1.962832e-23   2.548687e-23   3.204782e-23   3.954739e-23   4.785234e-23   5.694824e-23
         4.9000   0.000000e+00   5.717883e-25   2.135326e-24   4.057856e-24   7.068239e-24   1.088511e-23   1.546400e-23   2.088351e-23   2.710464e-23   3.406447e-23   4.191097e-23   5.068777e-23   6.032264e-23
         4.9500   0.000000e+00   6.096483e-25   2.293088e-24   4.334764e-24   7.541114e-24   1.160230e-23   1.646754e-23   2.222621e-23   2.883384e-23   3.621807e-23   4.454837e-23   5.369121e-23   6.389698e-23
         5.0000   0.000000e+00   6.484901e-25   2.461474e-24   4.632842e-24   8.049269e-24   1.237188e-23   1.754271e-23   2.366335e-23   3.068312e-23   3.851908e-23   4.736492e-23   5.687262e-23   6.768311e-23
         5.0500   0.000000e+00   6.880550e-25   2.640352e-24   4.953898e-24   8.595689e-24   1.319822e-23   1.869537e-23   2.520249e-23   3.266195e-23   4.097881e-23   5.037426e-23   6.024253e-23   7.169359e-23
         5.1000   0.000000e+00   7.281027e-25   2.829267e-24   5.299894e-24   9.183634e-24   1.408609e-23   1.993187e-23   2.685191e-23   3.478065e-23   4.360962e-23   5.359120e-23   6.381213e-23   7.594170e-23
         5.1500   0.000000e+00   7.684550e-25   3.027439e-24   5.672960e-24   9.816646e-24   1.504066e-23   2.125920e-23   2.862061e-23   3.705051e-23   4.642501e-23   5.703190e-23   6.759323e-23   8.044153e-23
         5.2000   0.000000e+00   8.090089e-25   3.233762e-24   6.075386e-24   1.049857e-23   1.606763e-23   2.268497e-23   3.051845e-23   3.948383e-23   4.943975e-23   6.071402e-23   7.159838e-23   8.520799e-23
         5.2500   0.000000e+00   8.497493e-25   3.446903e-24   6.509640e-24   1.123360e-23   1.717317e-23   2.421745e-23   3.255622e-23   4.209403e-23   5.266993e-23   6.465689e-23   7.584085e-23   9.025688e-23
         5.3000   0.000000e+00   8.907648e-25   3.665365e-24   6.978359e-24   1.202624e-23   1.836397e-23   2.586569e-23   3.474563e-23   4.489585e-23   5.613312e-23   6.888155e-23   8.033471e-23   9.560494e-23
         5.3500   0.000000e+00   9.322302e-25   3.887696e-24   7.484331e-24   1.288136e-23   1.964734e-23   2.763957e-23   3.709949e-23   4.790530e-23   5.984851e-23   7.341098e-23   8.509484e-23   1.012699e-22
         5.4000   0.000000e+00   9.744064e-25   4.112597e-24   8.030480e-24   1.380419e-23   2.103116e-23   2.954981e-23   3.963179e-23   5.113985e-23   6.383711e-23   7.827029e-23   9.013702e-23   1.072705e-22
         5.4500   0.000000e+00   1.017617e-24   4.339096e-24   8.619804e-24   1.480033e-23   2.252394e-23   3.160806e-23   4.235774e-23   5.461858e-23   6.812180e-23   8.348697e-23   9.547798e-23   1.136267e-22
         5.5000   0.000000e+00   1.062238e-24   4.566696e-24   9.255341e-24   1.587563e-23   2.413481e-23   3.382695e-23   4.529389e-23   5.836231e-23   7.272751e-23   8.909094e-23   1.011354e-22   1.203595e-22
         5.5500   0.000000e+00   1.108665e-24   4.795366e-24   9.939980e-24   1.703623e-23   2.587356e-23   3.622014e-23   4.845818e-23   6.239366e-23   7.768149e-23   9.511480e-23   1.071281e-22   1.274912e-22
         5.6000   0.000000e+00   1.157319e-24   5.025682e-24   1.067634e-23   1.828841e-23   2.775050e-23   3.880230e-23   5.187009e-23   6.673719e-23   8.301346e-23   1.015942e-22   1.136788e-22   1.350456e-22
         5.6500   0.000000e+00   1.208622e-24   5.258680e-24   1.146651e-23   1.963838e-23   2.977646e-23   4.158918e-23   5.555056e-23   7.141958e-23   8.875567e-23   1.085681e-22   1.208453e-22   1.433342e-22
         5.7000   0.000000e+00   1.262997e-24   5.495880e-24   1.231167e-23   2.109207e-23   3.196249e-23   4.459752e-23   5.952216e-23   7.646959e-23   9.494316e-23   1.160785e-22   1.284999e-22   1.523727e-22
         5.7500   0.000000e+00   1.320806e-24   5.739129e-24   1.321192e-23   2.265456e-23   3.431980e-23   4.784488e-23   6.380899e-23   8.191826e-23   1.016140e-22   1.241714e-22   1.366801e-22   1.620274e-22
         5.8000   0.000000e+00   1.382425e-24   5.990574e-24   1.416576e-23   2.432977e-23   3.685899e-23   5.134946e-23   6.843654e-23   8.779879e-23   1.088091e-22   1.328965e-22   1.454264e-22   1.723451e-22
         5.8500   0.000000e+00   1.448249e-24   6.252439e-24   1.517009e-23   2.611944e-23   3.958958e-23   5.512982e-23   7.343151e-23   9.414660e-23   1.165726e-22   1.423073e-22   1.547830e-22   1.833773e-22
         5.9000   0.000000e+00   1.518633e-24   6.527094e-24   1.622001e-23   2.802291e-23   4.251909e-23   5.920392e-23   7.882128e-23   1.009988e-22   1.249519e-22   1.524618e-22   1.647985e-22   1.951797e-22
         5.9500   0.000000e+00   1.593904e-24   6.816914e-24   1.730921e-23   3.003598e-23   4.565158e-23   6.358871e-23   8.463352e-23   1.083939e-22   1.339971e-22   1.634215e-22   1.755257e-22   2.078137e-22
         6.0000   0.000000e+00   1.674391e-24   7.124235e-24   1.843020e-23   3.215114e-23   4.898707e-23   6.829791e-23   9.089458e-23   1.163713e-22   1.437609e-22   1.752524e-22   1.870224e-22   2.213461e-22
         6.0500   0.000000e+00   1.760432e-24   7.451081e-24   1.957537e-23   3.435714e-23   5.251949e-23   7.334128e-23   9.762819e-23   1.249693e-22   1.542976e-22   1.880230e-22   1.993514e-22   2.358496e-22
         6.1000   0.000000e+00   1.852356e-24   7.799573e-24   2.073719e-23   3.664016e-23   5.623701e-23   7.872166e-23   1.048532e-22   1.342240e-22   1.656626e-22   2.018045e-22   2.125818e-22   2.514039e-22
         6.1500   0.000000e+00   1.950502e-24   8.171926e-24   2.190991e-23   3.898418e-23   6.012102e-23   8.443361e-23   1.125800e-22   1.441651e-22   1.779092e-22   2.166694e-22   2.267887e-22   2.680959e-22
         6.2000   0.000000e+00   2.055217e-24   8.570088e-24   2.308928e-23   4.137354e-23   6.414793e-23   9.046165e-23   1.208093e-22   1.548142e-22   1.910870e-22   2.326870e-22   2.420542e-22   2.860208e-22
         6.2500   0.000000e+00   2.166863e-24   8.995890e-24   2.427404e-23   4.379333e-23   6.828989e-23   9.677969e-23   1.295267e-22   1.661783e-22   2.052361e-22   2.499224e-22   2.584676e-22   3.052820e-22
         6.3000   0.000000e+00   2.285816e-24   9.451195e-24   2.546536e-23   4.623255e-23   7.251890e-23   1.033517e-22   1.387036e-22   1.782474e-22   2.203833e-22   2.684277e-22   2.761266e-22   3.259923e-22
         6.3500   0.000000e+00   2.412475e-24   9.937884e-24   2.666744e-23   4.868425e-23   7.680740e-23   1.101345e-22   1.482946e-22   1.909901e-22   2.365351e-22   2.882378e-22   2.951375e-22   3.482754e-22
         6.4000   0.000000e+00   2.547257e-24   1.045781e-23   2.788682e-23   5.114713e-23   8.113466e-23   1.170808e-22   1.582418e-22   2.043527e-22   2.536715e-22   3.093606e-22   3.156158e-22   3.722652e-22
         6.4500   0.000000e+00   2.690608e-24   1.101288e-23   2.913235e-23   5.362581e-23   8.548576e-23   1.241443e-22   1.684768e-22   2.182599e-22   2.717435e-22   3.317700e-22   3.376867e-22   3.981075e-22
         6.5000   0.000000e+00   2.842999e-24   1.160505e-23   3.041429e-23   5.613042e-23   8.985665e-23   1.312855e-22   1.789300e-22   2.326215e-22   2.906694e-22   3.554013e-22   3.614862e-22   4.259607e-22
         6.5500   0.000000e+00   3.004924e-24   1.223636e-23   3.174418e-23   5.867622e-23   9.425259e-23   1.384744e-22   1.895331e-22   2.473367e-22   3.103393e-22   3.801474e-22   3.871603e-22   4.559960e-22
         6.6000   0.000000e+00   3.176921e-24   1.290892e-23   3.313384e-23   6.128248e-23   9.868971e-23   1.456975e-22   2.002341e-22   2.623077e-22   3.306220e-22   4.058644e-22   4.148662e-22   4.883979e-22
         6.6500   0.000000e+00   3.359552e-24   1.362500e-23   3.459562e-23   6.397162e-23   1.031929e-22   1.529556e-22   2.109950e-22   2.774483e-22   3.513771e-22   4.323805e-22   4.447719e-22   5.233647e-22
         6.7000   0.000000e+00   3.554875e-24   1.438696e-23   3.614206e-23   6.676762e-23   1.077952e-22   1.602690e-22   2.218050e-22   2.926939e-22   3.724665e-22   4.595122e-22   4.770545e-22   5.611083e-22
         6.7500   0.000000e+00   3.765514e-24   1.519730e-23   3.778431e-23   6.969567e-23   1.125350e-22   1.676724e-22   2.326757e-22   3.080130e-22   3.937768e-22   4.870792e-22   5.118994e-22   6.018515e-22
         6.8000   0.000000e+00   3.988635e-24   1.605869e-23   3.953305e-23   7.278129e-23   1.174548e-22   1.752154e-22   2.436461e-22   3.234049e-22   4.152216e-22   5.149336e-22   5.494962e-22   6.458280e-22
         6.8500   0.000000e+00   4.224976e-24   1.697394e-23   4.139958e-23   7.605034e-23   1.225986e-22   1.829578e-22   2.547768e-22   3.389101e-22   4.367668e-22   5.429630e-22   5.900355e-22   6.932763e-22
         6.9000   0.000000e+00   4.475322e-24   1.794606e-23   4.339501e-23   7.952492e-23   1.280118e-22   1.909684e-22   2.661489e-22   3.545998e-22   4.584203e-22   5.711235e-22   6.336982e-22   7.444349e-22
         6.9500   0.000000e+00   4.740501e-24   1.897825e-23   4.552889e-23   8.322760e-23   1.337407e-22   1.993181e-22   2.778565e-22   3.705776e-22   4.802480e-22   5.994260e-22   6.806439e-22   7.995306e-22
         7.0000   0.000000e+00   5.021394e-24   2.008558e-23   4.781083e-23   8.718221e-23   1.398259e-22   2.080821e-22   2.900051e-22   3.869687e-22   5.023583e-22   6.279573e-22   7.309983e-22   8.587609e-22
         7.0500   0.000000e+00   5.318930e-24   2.127572e-23   5.025059e-23   9.141064e-23   1.463068e-22   2.173363e-22   3.027026e-22   4.039181e-22   5.249036e-22   6.568596e-22   7.848246e-22   9.222808e-22
         7.1000   0.000000e+00   5.634097e-24   2.253639e-23   5.285785e-23   9.593260e-23   1.532255e-22   2.271533e-22   3.160618e-22   4.215759e-22   5.480644e-22   6.863325e-22   8.421165e-22   9.901637e-22
         7.1500   0.000000e+00   5.967938e-24   2.387175e-23   5.564233e-23   1.007681e-22   1.606223e-22   2.375972e-22   3.301970e-22   4.401017e-22   5.720484e-22   7.166126e-22   9.027615e-22   1.062395e-21
         7.2000   0.000000e+00   6.321560e-24   2.528624e-23   5.861405e-23   1.059374e-22   1.685325e-22   2.487359e-22   3.452095e-22   4.596555e-22   5.970674e-22   7.479711e-22   9.665487e-22   1.138826e-21
         7.2500   0.000000e+00   6.696136e-24   2.678455e-23   6.178337e-23   1.114605e-22   1.769914e-22   2.606393e-22   3.611967e-22   4.803934e-22   6.233466e-22   7.806852e-22   1.033151e-21   1.219182e-21
         7.3000   0.000000e+00   7.092907e-24   2.837163e-23   6.516105e-23   1.173579e-22   1.860351e-22   2.733680e-22   3.782619e-22   5.024517e-22   6.511126e-22   8.150494e-22   1.102160e-21   1.303044e-21
         7.3500   0.000000e+00   7.513188e-24   3.005275e-23   6.875844e-23   1.236505e-22   1.956993e-22   2.869803e-22   3.965061e-22   5.259733e-22   6.805778e-22   8.513595e-22   1.173094e-21   1.389895e-21
         7.4000   0.000000e+00   7.958373e-24   3.183349e-23   7.258745e-23   1.303600e-22   2.060198e-22   3.015355e-22   4.160163e-22   5.511073e-22   7.119343e-22   8.898931e-22   1.245478e-21   1.479125e-21
         7.4500   0.000000e+00   8.429936e-24   3.371974e-23   7.666077e-23   1.375092e-22   2.170337e-22   3.170929e-22   4.368801e-22   5.779837e-22   7.453848e-22   9.309010e-22   1.318844e-21   1.570138e-21
         7.5000   0.000000e+00   8.929441e-24   3.571776e-23   8.099178e-23   1.451219e-22   2.287794e-22   3.337116e-22   4.591866e-22   6.067257e-22   7.811373e-22   9.746485e-22   1.392847e-21   1.662355e-21
         7.5500   0.000000e+00   9.458544e-24   3.783418e-23   8.559462e-23   1.532233e-22   2.412966e-22   3.514522e-22   4.830241e-22   6.374589e-22   8.193694e-22   1.021407e-21   1.467246e-21   1.755346e-21
         7.6000   0.000000e+00   1.001900e-23   4.007599e-23   9.048437e-23   1.618402e-22   2.546273e-22   3.703769e-22   5.084812e-22   6.703098e-22   8.602550e-22   1.071409e-21   1.541983e-21   1.848826e-21
         7.6500   0.000000e+00   1.061266e-23   4.245064e-23   9.567721e-23   1.710010e-22   2.688157e-22   3.905508e-22   5.356496e-22   7.054032e-22   9.039713e-22   1.124880e-21   1.617165e-21   1.942729e-21
         7.7000   0.000000e+00   1.124150e-23   4.496600e-23   1.011900e-22   1.807353e-22   2.839089e-22   4.120416e-22   5.646238e-22   7.428673e-22   9.506953e-22   1.182054e-21   1.693079e-21   2.037210e-21
         7.7500   0.000000e+00   1.190760e-23   4.763041e-23   1.071684e-22   1.910754e-22   2.999562e-22   4.349210e-22   5.955022e-22   7.828342e-22   1.000603e-21   1.243161e-21   1.770165e-21   2.132639e-21
         7.8000   0.000000e+00   1.261317e-23   5.045268e-23   1.135185e-22   2.020553e-22   3.170102e-22   4.592647e-22   6.283885e-22   8.254413e-22   1.053875e-21   1.308432e-21   1.848995e-21   2.229580e-21
         7.8500   0.000000e+00   1.336055e-23   5.344219e-23   1.202449e-22   2.137688e-22   3.351267e-22   4.851529e-22   6.633915e-22   8.708318e-22   1.110700e-21   1.378102e-21   1.930233e-21   2.328760e-21
         7.9000   0.000000e+00   1.415221e-23   5.660884e-23   1.273699e-22   2.264354e-22   3.543657e-22   5.126703e-22   7.006272e-22   9.191573e-22   1.171270e-21   1.452417e-21   2.014608e-21   2.431021e-21
         7.9500   0.000000e+00   1.499078e-23   5.996313e-23   1.349170e-22   2.398525e-22   3.747894e-22   5.419068e-22   7.402179e-22   9.705775e-22   1.235789e-21   1.531631e-21   2.102875e-21   2.537279e-21
         8.0000   0.000000e+00   1.587904e-23   6.351617e-23   1.429114e-22   2.540647e-22   3.969760e-22   5.729590e-22   7.822929e-22   1.025262e-21   1.304473e-21   1.616009e-21   2.195810e-21   2.648487e-21
         8.0500   0.000000e+00   1.681993e-23   6.727974e-23   1.513794e-22   2.691189e-22   4.204983e-22   6.059285e-22   8.269900e-22   1.083390e-21   1.377548e-21   1.705832e-21   2.294204e-21   2.765620e-21
         8.1000   0.000000e+00   1.781658e-23   7.126631e-23   1.603492e-22   2.850652e-22   4.454144e-22   6.413968e-22   8.744571e-22   1.145151e-21   1.455255e-21   1.801398e-21   2.398741e-21   2.889668e-21
         8.1500   0.000000e+00   1.887228e-23   7.548910e-23   1.698505e-22   3.019564e-22   4.718069e-22   6.794019e-22   9.248482e-22   1.210749e-21   1.537849e-21   1.903020e-21   2.510100e-21   3.021484e-21
         8.2000   0.000000e+00   1.999053e-23   7.996212e-23   1.799148e-22   3.198485e-22   4.997632e-22   7.196590e-22   9.795359e-22   1.280400e-21   1.625598e-21   2.011033e-21   2.629000e-21   3.161924e-21
         8.2500   0.000000e+00   2.117504e-23   8.470017e-23   1.905754e-22   3.388007e-22   5.293761e-22   7.623015e-22   1.037577e-21   1.355203e-21   1.718793e-21   2.125788e-21   2.756125e-21   3.311893e-21
         8.3000   0.000000e+00   2.242974e-23   8.971897e-23   2.018677e-22   3.588759e-22   5.607436e-22   8.074707e-22   1.099057e-21   1.435504e-21   1.817739e-21   2.247664e-21   2.892072e-21   3.472241e-21
         8.3500   0.000000e+00   2.375879e-23   9.503515e-23   2.138291e-22   3.801406e-22   5.939697e-22   8.553164e-22   1.164181e-21   1.520562e-21   1.924462e-21   2.377061e-21   3.037449e-21   3.643718e-21
         8.4000   0.000000e+00   2.516658e-23   1.006663e-22   2.264993e-22   4.026654e-22   6.291646e-22   9.059971e-22   1.233163e-21   1.610661e-21   2.038493e-21   2.516658e-21   3.192872e-21   3.827087e-21
         8.4500   0.000000e+00   2.665780e-23   1.066312e-22   2.399202e-22   4.265248e-22   6.664450e-22   9.596808e-22   1.306232e-21   1.706099e-21   2.159282e-21   2.665780e-21   3.358949e-21   4.023123e-21
         8.5000   0.000000e+00   2.823737e-23   1.129495e-22   2.541364e-22   4.517980e-22   7.059343e-22   1.016545e-21   1.383631e-21   1.807192e-21   2.287227e-21   2.823737e-21   3.536296e-21   4.232589e-21
         8.5500   0.000000e+00   2.991054e-23   1.196422e-22   2.691949e-22   4.785687e-22   7.477636e-22   1.076780e-21   1.465617e-21   1.914275e-21   2.422754e-21   2.991054e-21   3.725547e-21   4.456260e-21
         8.6000   0.000000e+00   3.168285e-23   1.267314e-22   2.851457e-22   5.069256e-22   7.920713e-22   1.140583e-21   1.552460e-21   2.027703e-21   2.566311e-21   3.168285e-21   3.927360e-21   4.694934e-21
         8.6500   0.000000e+00   3.356018e-23   1.342407e-22   3.020416e-22   5.369629e-22   8.390045e-22   1.208166e-21   1.644449e-21   2.147852e-21   2.718375e-21   3.356018e-21   4.142417e-21   4.949440e-21
         8.7000   0.000000e+00   3.554875e-23   1.421950e-22   3.199387e-22   5.687799e-22   8.887186e-22   1.279755e-21   1.741889e-21   2.275120e-21   2.879448e-21   3.554875e-21   4.371440e-21   5.220636e-21
         8.7500   0.000000e+00   3.765514e-23   1.506206e-22   3.388963e-22   6.024823e-22   9.413785e-22   1.355585e-21   1.845102e-21   2.409929e-21   3.050066e-21   3.765514e-21   4.615187e-21   5.509433e-21
         8.8000   0.000000e+00   3.988635e-23   1.595454e-22   3.589771e-22   6.381816e-22   9.971587e-22   1.435909e-21   1.954431e-21   2.552726e-21   3.230794e-21   3.988635e-21   4.874465e-21   5.816786e-21
         8.8500   0.000000e+00   4.224976e-23   1.689991e-22   3.802479e-22   6.759962e-22   1.056244e-21   1.520991e-21   2.070238e-21   2.703985e-21   3.422231e-21   4.224976e-21   5.150125e-21   6.143711e-21
         8.9000   0.000000e+00   4.475322e-23   1.790129e-22   4.027790e-22   7.160515e-22   1.118830e-21   1.611116e-21   2.192908e-21   2.864206e-21   3.625011e-21   4.475322e-21   5.443065e-21   6.491282e-21
         8.9500   0.000000e+00   4.740501e-23   1.896201e-22   4.266451e-22   7.584802e-22   1.185125e-21   1.706581e-21   2.322846e-21   3.033921e-21   3.839806e-21   4.740501e-21   5.754248e-21   6.860631e-21
         9.0000   0.000000e+00   5.021394e-23   2.008558e-22   4.519254e-22   8.034230e-22   1.255348e-21   1.807702e-21   2.460483e-21   3.213692e-21   4.067329e-21   5.021394e-21   6.084702e-21   7.252974e-21
