# CIE bound-bound cooling efficiency for N (Z=7)
# Source: CHIANTI v11.0.2 via ChiantiPy ion.boundBoundLoss
# Units: erg cm^3 / s, per ion per electron, low-density limit (n_e = 1 cm^-3)
# T grid: 121 log-spaced points, 10^3.00 K -> 10^9.00 K
# Generated by pyathena/photchem/data/build_cool_tables.py
#
# log_T_K        L_N0           L_N1           L_N2           L_N3           L_N4           L_N5           L_N6           L_N7         
         3.0000   2.053798e-24   1.507328e-23   4.515784e-22   1.415966e-21   4.334594e-21   1.108309e-20   1.045814e-20   0.000000e+00
         3.0500   1.952508e-24   1.426745e-23   4.264552e-22   1.337135e-21   4.093233e-21   1.046313e-20   1.482660e-20   0.000000e+00
         3.1000   1.851106e-24   1.347992e-23   4.027454e-22   1.262736e-21   3.865438e-21   9.877862e-21   1.398464e-20   0.000000e+00
         3.1500   1.739354e-24   1.273704e-23   3.803702e-22   1.192522e-21   3.650454e-21   9.325332e-21   1.320545e-20   0.000000e+00
         3.2000   1.641143e-24   1.233955e-23   4.452336e-22   1.126260e-21   3.447568e-21   8.803711e-21   1.243744e-20   0.000000e+00
         3.2500   1.557846e-24   1.166344e-23   4.205027e-22   1.063730e-21   3.256107e-21   8.311272e-21   1.174278e-20   0.000000e+00
         3.3000   1.479575e-24   1.102592e-23   3.971652e-22   1.004724e-21   3.075436e-21   7.846382e-21   1.109341e-20   0.000000e+00
         3.3500   1.406101e-24   1.042489e-23   3.751437e-22   9.490486e-22   2.904956e-21   7.407502e-21   1.045590e-20   0.000000e+00
         3.4000   1.336932e-24   1.168167e-23   3.543652e-22   8.965171e-22   2.744101e-21   6.993185e-21   9.872304e-21   0.000000e+00
         3.4500   1.274173e-24   1.105666e-23   3.347606e-22   8.469557e-22   2.592337e-21   6.602038e-21   9.311741e-21   0.000000e+00
         3.5000   1.213036e-24   1.046821e-23   3.162649e-22   8.001999e-22   2.449160e-21   7.697400e-21   8.792318e-21   0.000000e+00
         3.5500   1.155621e-24   9.914358e-24   2.988167e-22   7.560943e-22   2.314096e-21   7.266992e-21   8.296830e-21   0.000000e+00
         3.6000   1.132531e-24   1.590193e-23   2.823580e-22   7.144923e-22   2.186695e-21   6.860558e-21   7.834371e-21   0.000000e+00
         3.6500   1.081030e-24   1.508592e-23   2.668340e-22   6.752558e-22   2.066535e-21   6.477141e-21   7.397883e-21   0.000000e+00
         3.7000   1.032951e-24   1.431982e-23   2.521931e-22   6.382540e-22   1.953214e-21   6.114958e-21   6.985915e-21   0.000000e+00
         3.7500   9.899443e-25   1.360109e-23   2.383866e-22   6.033639e-22   1.846356e-21   5.773731e-21   8.130284e-21   0.000000e+00
         3.8000   1.099431e-24   1.292730e-23   2.253685e-22   5.704691e-22   1.745605e-21   5.452725e-21   7.677572e-21   0.000000e+00
         3.8500   1.052048e-24   2.543330e-23   2.130952e-22   5.394597e-22   1.650625e-21   5.147805e-21   7.250297e-21   0.000000e+00
         3.9000   1.013638e-24   2.418106e-23   2.015258e-22   5.102322e-22   1.561098e-21   4.860453e-21   6.847032e-21   0.000000e+00
         3.9500   9.761341e-25   2.300881e-23   1.906216e-22   4.826885e-22   1.476725e-21   4.591438e-21   6.466443e-21   0.000000e+00
         4.0000   1.482848e-24   2.191258e-23   1.803458e-22   4.567364e-22   1.397223e-21   4.338021e-21   6.107264e-21   0.000000e+00
         4.0500   1.443678e-24   2.088862e-23   1.706641e-22   4.322883e-22   1.322325e-21   4.099028e-21   5.768304e-21   0.000000e+00
         4.1000   1.411574e-24   1.993339e-23   1.615436e-22   4.092618e-22   1.251778e-21   3.871638e-21   5.448437e-21   0.000000e+00
         4.1500   1.386637e-24   1.904353e-23   1.529535e-22   3.875788e-22   1.185343e-21   3.655826e-21   5.146593e-21   0.000000e+00
         4.2000   1.368978e-24   1.821584e-23   1.448645e-22   3.671655e-22   1.122795e-21   3.459031e-21   4.861768e-21   0.000000e+00
         4.2500   2.431674e-24   3.028575e-23   1.372490e-22   3.479520e-22   1.063921e-21   3.265346e-21   4.593019e-21   0.000000e+00
         4.3000   2.403050e-24   2.892787e-23   1.300809e-22   3.298721e-22   1.008518e-21   3.095800e-21   4.339464e-21   0.000000e+00
         4.3500   2.389092e-24   2.766390e-23   1.233351e-22   3.128632e-22   9.563948e-22   2.924119e-21   4.100279e-21   0.000000e+00
         4.4000   2.390100e-24   2.648906e-23   1.169883e-22   2.968658e-22   9.073707e-22   2.764832e-21   3.874690e-21   0.000000e+00
         4.4500   2.406320e-24   2.539874e-23   1.110179e-22   2.818236e-22   8.612736e-22   2.614952e-21   3.661935e-21   0.000000e+00
         4.5000   2.437902e-24   2.438845e-23   1.054029e-22   2.676829e-22   8.179404e-22   2.467564e-21   3.461274e-21   0.000000e+00
         4.5500   2.484861e-24   2.345378e-23   1.001229e-22   2.543929e-22   7.772159e-22   2.332593e-21   3.272009e-21   0.000000e+00
         4.6000   2.547045e-24   2.259041e-23   9.515870e-23   2.419052e-22   7.389531e-22   2.209591e-21   3.093501e-21   0.000000e+00
         4.6500   3.676275e-24   2.179405e-23   9.049181e-23   2.301739e-22   7.030119e-22   2.088698e-21   2.925155e-21   0.000000e+00
         4.7000   3.743079e-24   2.106042e-23   8.610470e-23   2.191551e-22   6.692591e-22   1.987461e-21   2.766407e-21   0.000000e+00
         4.7500   3.830256e-24   2.038516e-23   8.198057e-23   2.088069e-22   6.375675e-22   1.879735e-21   2.616734e-21   0.000000e+00
         4.8000   3.936905e-24   1.976387e-23   7.810331e-23   1.990894e-22   6.078159e-22   1.777927e-21   2.475666e-21   0.000000e+00
         4.8500   4.061807e-24   1.919213e-23   7.445741e-23   1.899648e-22   5.798886e-22   1.686024e-21   2.342734e-21   0.000000e+00
         4.9000   4.203320e-24   1.866543e-23   7.102795e-23   1.813967e-22   5.536753e-22   1.593037e-21   2.217490e-21   0.000000e+00
         4.9500   4.359409e-24   1.817911e-23   6.780053e-23   1.733508e-22   5.290705e-22   1.509163e-21   2.099507e-21   0.000000e+00
         5.0000   4.527733e-24   2.153439e-23   6.476133e-23   1.657941e-22   5.059738e-22   1.429233e-21   1.988383e-21   0.000000e+00
         5.0500   4.705688e-24   2.092474e-23   6.189715e-23   1.586948e-22   4.842886e-22   1.352986e-21   1.883734e-21   0.000000e+00
         5.1000   4.890351e-24   2.035371e-23   5.919525e-23   1.520225e-22   4.639226e-22   1.283239e-21   1.785179e-21   0.000000e+00
         5.1500   5.078374e-24   1.981600e-23   5.664299e-23   1.457480e-22   4.447866e-22   1.214015e-21   1.692350e-21   0.000000e+00
         5.2000   5.266071e-24   1.930613e-23   5.422839e-23   1.398433e-22   4.267956e-22   1.151676e-21   1.604907e-21   0.000000e+00
         5.2500   5.449636e-24   1.881885e-23   5.194059e-23   1.342823e-22   4.098682e-22   1.092989e-21   1.522535e-21   0.000000e+00
         5.3000   5.625347e-24   1.834984e-23   4.976946e-23   1.290408e-22   3.939270e-22   1.037689e-21   1.444940e-21   0.000000e+00
         5.3500   5.789506e-24   1.789529e-23   4.770418e-23   1.240934e-22   3.788987e-22   9.871140e-22   1.371847e-21   0.000000e+00
         5.4000   6.254870e-24   1.745132e-23   4.573376e-23   1.194145e-22   3.647128e-22   9.416681e-22   1.303007e-21   0.000000e+00
         5.4500   6.378732e-24   1.701344e-23   4.384860e-23   1.149827e-22   3.512987e-22   8.943721e-22   1.238196e-21   0.000000e+00
         5.5000   6.482807e-24   1.657736e-23   4.204223e-23   1.107825e-22   3.385890e-22   8.516579e-22   1.177196e-21   0.000000e+00
         5.5500   6.564255e-24   1.614007e-23   4.030939e-23   1.067958e-22   3.265248e-22   8.107862e-22   1.119793e-21   0.000000e+00
         5.6000   6.620611e-24   1.569970e-23   3.864320e-23   1.029969e-22   3.150557e-22   7.723402e-22   1.065773e-21   0.000000e+00
         5.6500   6.649980e-24   1.525481e-23   3.703432e-23   9.935872e-23   3.041260e-22   7.364258e-22   1.014934e-21   0.000000e+00
         5.7000   6.651137e-24   1.480407e-23   3.547399e-23   9.586972e-23   2.936730e-22   7.023781e-22   9.670783e-22   0.000000e+00
         5.7500   6.623428e-24   1.434654e-23   3.395766e-23   9.253065e-23   2.836349e-22   6.702975e-22   9.220200e-22   0.000000e+00
         5.8000   6.566696e-24   1.388153e-23   3.248361e-23   8.934045e-23   2.739803e-22   6.404292e-22   8.795830e-22   0.000000e+00
         5.8500   6.481317e-24   1.340834e-23   3.105076e-23   8.627358e-23   2.646941e-22   6.113909e-22   8.395962e-22   0.000000e+00
         5.9000   6.368240e-24   1.292682e-23   2.965714e-23   8.329515e-23   2.557545e-22   5.845574e-22   8.018972e-22   0.000000e+00
         5.9500   6.228979e-24   1.243803e-23   2.830063e-23   8.038501e-23   2.471036e-22   5.594580e-22   7.663382e-22   0.000000e+00
         6.0000   6.065539e-24   1.194381e-23   2.697785e-23   7.754846e-23   2.386756e-22   5.357750e-22   7.327788e-22   0.000000e+00
         6.0500   5.880325e-24   1.144608e-23   2.568517e-23   7.479382e-23   2.304325e-22   5.134008e-22   7.010856e-22   0.000000e+00
         6.1000   5.676062e-24   1.094634e-23   2.442022e-23   7.212092e-23   2.223716e-22   4.922506e-22   6.711326e-22   0.000000e+00
         6.1500   5.455703e-24   1.044612e-23   2.318450e-23   6.952375e-23   2.144998e-22   4.719627e-22   6.428021e-22   0.000000e+00
         6.2000   5.222345e-24   9.947074e-24   2.198091e-23   6.699398e-23   2.068128e-22   4.530574e-22   6.159869e-22   0.000000e+00
         6.2500   4.979112e-24   9.451141e-24   2.081162e-23   6.451257e-23   1.992981e-22   4.351552e-22   5.905797e-22   0.000000e+00
         6.3000   4.729034e-24   8.960280e-24   1.967661e-23   6.206097e-23   1.919361e-22   4.181773e-22   5.664784e-22   0.000000e+00
         6.3500   4.474999e-24   8.476363e-24   1.857541e-23   5.963768e-23   1.846962e-22   4.020354e-22   5.435889e-22   0.000000e+00
         6.4000   4.219729e-24   8.001132e-24   1.750784e-23   5.725869e-23   1.775499e-22   3.866473e-22   5.218125e-22   0.000000e+00
         6.4500   3.965694e-24   7.536214e-24   1.647478e-23   5.493809e-23   1.704985e-22   3.719588e-22   5.010460e-22   0.000000e+00
         6.5000   3.715046e-24   7.083060e-24   1.547735e-23   5.267474e-23   1.635659e-22   3.579209e-22   4.812041e-22   0.000000e+00
         6.5500   3.469585e-24   6.642746e-24   1.451658e-23   5.045924e-23   1.567761e-22   3.444486e-22   4.622253e-22   0.000000e+00
         6.6000   3.230787e-24   6.216086e-24   1.359337e-23   4.828389e-23   1.501286e-22   3.314605e-22   4.440355e-22   0.000000e+00
         6.6500   2.999822e-24   5.803868e-24   1.270845e-23   4.614777e-23   1.436126e-22   3.189261e-22   4.265376e-22   0.000000e+00
         6.7000   2.777585e-24   5.406976e-24   1.186212e-23   4.405446e-23   1.372206e-22   3.068460e-22   4.096619e-22   0.000000e+00
         6.7500   2.564725e-24   5.026164e-24   1.105375e-23   4.200739e-23   1.309559e-22   2.952179e-22   3.933786e-22   0.000000e+00
         6.8000   2.361673e-24   4.661908e-24   1.028242e-23   4.000920e-23   1.248267e-22   2.839729e-22   3.776809e-22   0.000000e+00
         6.8500   2.168684e-24   4.314433e-24   9.547790e-24   3.806281e-23   1.188405e-22   2.730069e-22   3.625379e-22   0.000000e+00
         6.9000   1.985877e-24   3.983847e-24   8.850205e-24   3.617124e-23   1.130051e-22   2.622960e-22   3.478562e-22   0.000000e+00
         6.9500   1.813264e-24   3.670205e-24   8.189909e-24   3.433369e-23   1.073285e-22   2.518746e-22   3.335524e-22   0.000000e+00
         7.0000   1.650781e-24   3.373513e-24   7.566402e-24   3.254581e-23   1.018179e-22   2.417486e-22   3.196270e-22   0.000000e+00
         7.0500   1.498304e-24   3.093685e-24   6.978631e-24   3.080493e-23   9.647286e-23   2.318749e-22   3.060984e-22   0.000000e+00
         7.1000   1.355669e-24   2.830544e-24   6.425403e-24   2.911570e-23   9.128861e-23   2.222323e-22   2.929470e-22   0.000000e+00
         7.1500   1.222677e-24   2.583813e-24   5.905665e-24   2.748434e-23   8.626342e-23   2.128337e-22   2.801367e-22   0.000000e+00
         7.2000   1.099099e-24   2.353142e-24   5.418503e-24   2.591442e-23   8.140575e-23   2.036454e-22   2.676648e-22   0.000000e+00
         7.2500   9.846819e-25   2.138110e-24   4.962945e-24   2.440458e-23   7.672595e-23   1.946083e-22   2.555328e-22   0.000000e+00
         7.3000   8.791453e-25   1.938243e-24   4.537922e-24   2.295266e-23   7.222936e-23   1.857390e-22   2.436890e-22   0.000000e+00
         7.3500   7.821833e-25   1.753012e-24   4.142241e-24   2.155742e-23   6.791351e-23   1.770937e-22   2.320986e-22   0.000000e+00
         7.4000   6.934641e-25   1.581846e-24   3.774654e-24   2.021940e-23   6.377455e-23   1.686936e-22   2.207986e-22   0.000000e+00
         7.4500   6.126299e-25   1.424134e-24   3.433895e-24   1.893925e-23   5.980996e-23   1.605174e-22   2.098304e-22   0.000000e+00
         7.5000   5.392990e-25   1.279234e-24   3.118685e-24   1.771712e-23   5.601945e-23   1.525467e-22   1.991944e-22   0.000000e+00
         7.5500   4.730680e-25   1.146483e-24   2.827753e-24   1.655246e-23   5.240247e-23   1.447835e-22   1.888739e-22   0.000000e+00
         7.6000   4.135161e-25   1.025203e-24   2.559829e-24   1.544428e-23   4.895756e-23   1.372394e-22   1.788600e-22   0.000000e+00
         7.6500   3.602093e-25   9.147089e-25   2.313637e-24   1.439153e-23   4.568203e-23   1.299243e-22   1.691587e-22   0.000000e+00
         7.7000   3.127060e-25   8.143175e-25   2.087902e-24   1.339310e-23   4.257261e-23   1.228425e-22   1.597780e-22   0.000000e+00
         7.7500   2.705618e-25   7.233518e-25   1.881359e-24   1.244785e-23   3.962566e-23   1.159947e-22   1.507235e-22   0.000000e+00
         7.8000   2.333360e-25   6.411471e-25   1.692767e-24   1.155463e-23   3.683719e-23   1.093833e-22   1.419970e-22   0.000000e+00
         7.8500   2.005959e-25   5.670562e-25   1.520912e-24   1.071214e-23   3.420314e-23   1.030194e-22   1.335984e-22   0.000000e+00
         7.9000   1.719222e-25   5.004529e-25   1.364618e-24   9.918885e-24   3.171930e-23   9.690601e-23   1.255321e-22   0.000000e+00
         7.9500   1.469125e-25   4.407361e-25   1.222751e-24   9.173265e-24   2.938111e-23   9.102598e-23   1.178064e-22   0.000000e+00
         8.0000   1.251854e-25   3.873317e-25   1.094220e-24   8.473570e-24   2.718368e-23   8.537107e-23   1.104132e-22   0.000000e+00
         8.0500   1.063826e-25   3.396945e-25   9.779829e-25   7.818012e-24   2.512187e-23   7.995652e-23   1.033345e-22   0.000000e+00
         8.1000   9.017081e-26   2.973093e-25   8.730505e-25   7.204773e-24   2.319032e-23   7.479476e-23   9.656991e-23   0.000000e+00
         8.1500   7.624276e-26   2.596915e-25   7.784896e-25   6.632011e-24   2.138354e-23   6.988043e-23   9.013022e-23   0.000000e+00
         8.2000   6.431750e-26   2.263874e-25   6.934231e-25   6.097857e-24   1.969597e-23   6.520296e-23   8.401703e-23   0.000000e+00
         8.2500   5.414023e-26   1.969745e-25   6.170268e-25   5.600438e-24   1.812209e-23   6.075483e-23   7.821930e-23   0.000000e+00
         8.3000   4.548160e-26   1.710607e-25   5.485292e-25   5.137900e-24   1.665636e-23   5.653349e-23   7.272514e-23   0.000000e+00
         8.3500   3.813660e-26   1.482843e-25   4.872104e-25   4.708428e-24   1.529331e-23   5.253598e-23   6.752626e-23   0.000000e+00
         8.4000   3.192317e-26   1.283124e-25   4.323992e-25   4.310256e-24   1.402751e-23   4.875798e-23   6.261640e-23   0.000000e+00
         8.4500   2.668070e-26   1.108402e-25   3.834728e-25   3.941651e-24   1.285365e-23   4.519332e-23   5.798836e-23   0.000000e+00
         8.5000   2.226825e-26   9.558970e-26   3.398569e-25   3.600920e-24   1.176652e-23   4.183540e-23   5.363376e-23   0.000000e+00
         8.5500   1.856284e-26   8.230790e-26   3.010238e-25   3.286406e-24   1.076107e-23   3.867739e-23   4.954316e-23   0.000000e+00
         8.6000   1.545774e-26   7.076583e-26   2.664899e-25   2.996493e-24   9.832384e-24   3.571238e-23   4.570683e-23   0.000000e+00
         8.6500   1.286072e-26   6.075684e-26   2.358128e-25   2.729604e-24   8.975705e-24   3.293355e-23   4.211482e-23   0.000000e+00
         8.7000   1.069249e-26   5.209517e-26   2.085895e-25   2.484223e-24   8.186416e-24   3.033380e-23   3.875724e-23   0.000000e+00
         8.7500   8.885135e-27   4.461435e-26   1.844531e-25   2.258899e-24   7.460064e-24   2.790575e-23   3.562418e-23   0.000000e+00
         8.8000   7.380746e-27   3.816579e-26   1.630714e-25   2.052248e-24   6.792395e-24   2.564186e-23   3.270558e-23   0.000000e+00
         8.8500   6.130100e-27   3.261720e-26   1.441440e-25   1.862948e-24   6.179363e-24   2.353447e-23   2.999123e-23   0.000000e+00
         8.9000   5.091515e-27   2.785125e-26   1.274002e-25   1.689743e-24   5.617123e-24   2.157586e-23   2.747091e-23   0.000000e+00
         8.9500   4.229810e-27   2.376419e-26   1.125969e-25   1.531444e-24   5.102031e-24   1.975836e-23   2.513442e-23   0.000000e+00
         9.0000   3.515374e-27   2.026467e-26   9.951565e-26   1.386923e-24   4.630637e-24   1.807438e-23   2.297165e-23   0.000000e+00
