# CIE bound-bound cooling efficiency for S (Z=16)
# Source: CHIANTI v11.0.2 via ChiantiPy ion.boundBoundLoss
# Units: erg cm^3 / s, per ion per electron, low-density limit (n_e = 1 cm^-3)
# T grid: 121 log-spaced points, 10^3.00 K -> 10^9.00 K
# Generated by pyathena/photchem/data/build_cool_tables.py
#
# log_T_K        L_S0           L_S1           L_S2           L_S3           L_S4           L_S5           L_S6           L_S7           L_S8           L_S9           L_S10          L_S11          L_S12          L_S13          L_S14          L_S15          L_S16        
         3.0000   1.388221e-25   3.219715e-23   5.083062e-23   4.519524e-22   1.460449e-21   2.680586e-21   4.189863e-21   9.371204e-21   1.555384e-21   2.507480e-21   3.545816e-21   5.060546e-21   7.258248e-20   1.578393e-19   1.879494e-19   4.759817e-19   0.000000e+00
         3.0500   1.299446e-25   3.041529e-23   4.799589e-23   4.267722e-22   1.378944e-21   2.530910e-21   3.955669e-21   8.847185e-21   1.468413e-21   2.367261e-21   3.347525e-21   4.777536e-21   6.852377e-20   1.490140e-19   1.774359e-19   4.494934e-19   0.000000e+00
         3.1000   1.215062e-25   2.873414e-23   4.532023e-23   4.030066e-22   1.302010e-21   2.389622e-21   3.734587e-21   8.352490e-21   1.386309e-21   2.234889e-21   3.160329e-21   4.510674e-21   6.469219e-20   1.406826e-19   1.675104e-19   4.243625e-19   0.000000e+00
         3.1500   1.134805e-25   2.714811e-23   4.283280e-23   3.967740e-22   1.229391e-21   2.256255e-21   3.525884e-21   7.885480e-21   1.308801e-21   2.109924e-21   2.983609e-21   4.258432e-21   6.107504e-20   1.328175e-19   1.581402e-19   4.007702e-19   0.000000e+00
         3.2000   8.748995e-25   2.565193e-23   4.044736e-23   3.747195e-22   1.160847e-21   2.130366e-21   3.328867e-21   7.444608e-21   1.235630e-21   1.991953e-21   2.816778e-21   4.020304e-21   5.766033e-20   1.288042e-19   1.492942e-19   3.784847e-19   0.000000e+00
         3.2500   8.182384e-25   2.424068e-23   3.819598e-23   3.539069e-22   1.106005e-21   2.011539e-21   3.142884e-21   7.028411e-21   1.166555e-21   1.880585e-21   2.659283e-21   3.801916e-21   5.443674e-20   1.216042e-19   2.002871e-19   3.570673e-19   0.000000e+00
         3.3000   7.643548e-25   2.290952e-23   3.631168e-23   3.342673e-22   1.044393e-21   1.899378e-21   2.967318e-21   6.635511e-21   1.101347e-21   1.775450e-21   2.510603e-21   3.589336e-21   5.139359e-20   1.148073e-19   1.890836e-19   3.375743e-19   0.000000e+00
         3.3500   7.130817e-25   2.165561e-23   3.429483e-23   3.157355e-22   9.862417e-22   1.793513e-21   2.801588e-21   6.264605e-21   1.039791e-21   1.676200e-21   2.370245e-21   3.388653e-21   4.852078e-20   1.083910e-19   1.785069e-19   3.190607e-19   0.000000e+00
         3.4000   3.417550e-24   2.047159e-23   3.239168e-23   2.982502e-22   9.313593e-22   1.693592e-21   2.645144e-21   5.914464e-21   9.816794e-22   1.582505e-21   2.237743e-21   3.269944e-21   4.580880e-20   1.023339e-19   1.685219e-19   3.016727e-19   0.000000e+00
         3.4500   3.194770e-24   1.935516e-23   3.059592e-23   2.817534e-22   8.795635e-22   1.599284e-21   2.497468e-21   5.583926e-21   9.268219e-22   1.494057e-21   2.112658e-21   3.087144e-21   4.324866e-20   9.661606e-20   1.590954e-19   2.852423e-19   0.000000e+00
         3.5000   2.982873e-24   1.831928e-23   2.890159e-23   2.661903e-22   8.306826e-22   1.510277e-21   2.358070e-21   5.271897e-21   8.751016e-22   1.410560e-21   1.994579e-21   2.914576e-21   4.083187e-20   9.121843e-20   1.501963e-19   2.693250e-19   0.000000e+00
         3.5500   2.781209e-24   1.732564e-23   2.811968e-23   2.673290e-22   7.845544e-22   1.426275e-21   2.226487e-21   4.977342e-21   8.262129e-22   1.331739e-21   1.883108e-21   3.200812e-21   3.855042e-20   8.612314e-20   1.417950e-19   2.537633e-19   0.000000e+00
         3.6000   2.589172e-24   1.638905e-23   2.657299e-23   2.526164e-22   7.410258e-22   1.346999e-21   2.102284e-21   4.699284e-21   7.814724e-22   1.257331e-21   1.777878e-21   3.021921e-21   3.639675e-20   8.464473e-20   1.338638e-19   2.395800e-19   0.000000e+00
         3.6500   7.997776e-24   1.550639e-23   2.511456e-23   2.387409e-22   6.999525e-22   1.272187e-21   1.985050e-21   4.436803e-21   7.378297e-22   1.187092e-21   1.678664e-21   2.853047e-21   3.436372e-20   7.991818e-20   1.843266e-19   2.262438e-19   0.000000e+00
         3.7000   7.467680e-24   1.477328e-23   2.373961e-23   2.256565e-22   6.611982e-22   1.201591e-21   1.874395e-21   4.189028e-21   6.966325e-22   1.120787e-21   1.584884e-21   2.693630e-21   3.244459e-20   7.545653e-20   1.740165e-19   2.137195e-19   0.000000e+00
         3.7500   6.963306e-24   1.398139e-23   2.244360e-23   2.133197e-22   6.246341e-22   1.134976e-21   1.769952e-21   3.955137e-21   6.732919e-22   1.058197e-21   1.499010e-21   4.148372e-21   3.063300e-20   7.124499e-20   1.642831e-19   2.017678e-19   0.000000e+00
         3.8000   6.483151e-24   1.323542e-23   2.286865e-23   2.016897e-22   5.901390e-22   1.072122e-21   1.671377e-21   3.734356e-21   6.357215e-22   9.991143e-22   1.415296e-21   3.916589e-21   2.892294e-20   6.726959e-20   1.550945e-19   1.904851e-19   0.000000e+00
         3.8500   6.025823e-24   1.253288e-23   2.163921e-23   1.907278e-22   5.575981e-22   1.012819e-21   1.578340e-21   3.525953e-21   6.002582e-22   9.433447e-22   1.336273e-21   3.697787e-21   2.730875e-20   6.351715e-20   1.464197e-19   1.804221e-19   0.000000e+00
         3.9000   5.590036e-24   1.222596e-23   2.048219e-23   1.803977e-22   5.269033e-22   9.568711e-22   1.490535e-21   3.329236e-21   5.667843e-22   8.907004e-22   1.290933e-21   3.491242e-21   2.578508e-20   5.997524e-20   1.382305e-19   1.702276e-19   0.000000e+00
         3.9500   5.174615e-24   1.157367e-23   1.939388e-23   1.706649e-22   5.010372e-22   9.040920e-22   1.407670e-21   3.143554e-21   6.284068e-22   8.410690e-22   1.218894e-21   3.296269e-21   2.434687e-20   5.663211e-20   1.305021e-19   1.602284e-19   0.000000e+00
         4.0000   4.778489e-24   1.095970e-23   1.837082e-23   1.614972e-22   4.735623e-22   8.543065e-22   1.329471e-21   2.968291e-21   5.934177e-22   7.941611e-22   1.150894e-21   3.112221e-21   2.298936e-20   5.347669e-20   1.232033e-19   1.512718e-19   0.000000e+00
         4.0500   9.855175e-24   1.038205e-23   1.740979e-23   1.528641e-22   4.476537e-22   8.073489e-22   1.255678e-21   2.802865e-21   5.603953e-22   7.498854e-22   1.086708e-21   6.005248e-21   2.170804e-20   5.049851e-20   1.163148e-19   1.430169e-19   0.000000e+00
         4.1000   9.147273e-24   9.838903e-24   1.650778e-23   1.447368e-22   4.232250e-22   7.630629e-22   1.186046e-21   2.646730e-21   5.292301e-22   7.093375e-22   1.201507e-21   5.669849e-21   2.049867e-20   4.768769e-20   1.098111e-19   1.347320e-19   0.000000e+00
         4.1500   8.473374e-24   1.005506e-23   1.566202e-23   1.370883e-22   4.001945e-22   7.213011e-22   1.120344e-21   2.499366e-21   8.329466e-22   6.698258e-22   1.134570e-21   5.353242e-21   1.935725e-20   4.503493e-20   1.036871e-19   1.273446e-19   0.000000e+00
         4.2000   7.831834e-24   9.516027e-24   1.647943e-23   1.298930e-22   3.784852e-22   6.819242e-22   1.058355e-21   2.360286e-21   7.867204e-22   6.325340e-22   1.071393e-21   5.054379e-21   1.827997e-20   4.253141e-20   9.788269e-20   1.202299e-19   0.000000e+00
         4.2500   7.221192e-24   9.009846e-24   1.566190e-23   1.280763e-22   3.580243e-22   6.448006e-22   9.998733e-22   2.229027e-21   7.431009e-22   6.110424e-22   1.011767e-21   4.772267e-21   1.726328e-20   4.016885e-20   9.242616e-20   1.135139e-19   0.000000e+00
         4.3000   6.640181e-24   8.535152e-24   1.489895e-23   1.214459e-22   3.387430e-22   6.098062e-22   9.447042e-22   2.105156e-21   7.019433e-22   5.770734e-22   1.582273e-21   4.505972e-21   1.630381e-20   3.898222e-20   8.726772e-20   1.070354e-19   0.000000e+00
         4.3500   6.087725e-24   8.090735e-24   1.418849e-23   1.152163e-22   3.205763e-22   5.768237e-22   8.926648e-22   1.988260e-21   6.631110e-22   5.450167e-22   1.494300e-21   4.254611e-21   1.539836e-20   3.682019e-20   8.244984e-20   1.009798e-19   0.000000e+00
         4.4000   5.562941e-24   7.675544e-24   1.352861e-23   1.093667e-22   3.034627e-22   5.457422e-22   8.435823e-22   1.877952e-21   1.300456e-21   6.017359e-22   1.411280e-21   4.017351e-21   1.454394e-20   3.478016e-20   9.505107e-20   9.534295e-20   0.000000e+00
         4.4500   5.065148e-24   7.288686e-24   1.291767e-23   1.038772e-22   2.873440e-22   5.164571e-22   7.972937e-22   1.773866e-21   1.228508e-21   5.684069e-22   1.332934e-21   6.788164e-21   1.373772e-20   3.285536e-20   8.970201e-20   9.014847e-20   0.000000e+00
         4.5000   4.593861e-24   6.929432e-24   1.235422e-23   9.872951e-23   2.721654e-22   4.888693e-22   7.536450e-22   1.675657e-21   1.160629e-21   5.369605e-22   1.259005e-21   6.409408e-21   1.297701e-20   3.103941e-20   8.472005e-20   8.511904e-20   0.000000e+00
         4.5500   4.148796e-24   7.304049e-24   1.183705e-23   9.390601e-23   2.578746e-22   4.628852e-22   7.124912e-22   1.582998e-21   1.096593e-21   5.072924e-22   2.457439e-21   6.051894e-21   1.225929e-20   2.932628e-20   7.998813e-20   8.055560e-20   0.000000e+00
         4.6000   3.729867e-24   6.939994e-24   1.136515e-23   8.939031e-23   2.444223e-22   4.384163e-22   6.736951e-22   1.495582e-21   1.036188e-21   7.900770e-22   2.321055e-21   5.714436e-21   1.158219e-20   2.771027e-20   7.568673e-20   7.607528e-20   0.000000e+00
         4.6500   3.337183e-24   6.605418e-24   1.093773e-23   8.516692e-23   2.317617e-22   4.153787e-22   6.371274e-22   1.413118e-21   9.792121e-22   7.465740e-22   2.192358e-21   5.395914e-21   1.094344e-20   2.618601e-20   7.142657e-20   7.168280e-20   0.000000e+00
         4.7000   2.971040e-24   6.300231e-24   1.055419e-23   8.122126e-23   2.198484e-22   3.936929e-22   6.026659e-22   1.335332e-21   9.254762e-22   7.055410e-22   2.070923e-21   5.095271e-21   1.034094e-20   2.474844e-20   6.752260e-20   6.771470e-20   0.000000e+00
         4.7500   2.631911e-24   6.024529e-24   1.021413e-23   7.753958e-23   2.086402e-22   3.732835e-22   5.701954e-22   1.261965e-21   8.748010e-22   6.668411e-22   1.956344e-21   4.811510e-21   9.772667e-21   2.339278e-20   6.382424e-20   6.397595e-20   0.000000e+00
         4.8000   3.925390e-24   5.778595e-24   9.917346e-24   7.410890e-23   1.980969e-22   3.540792e-22   5.396070e-22   1.192772e-21   1.485213e-21   6.303450e-22   1.848241e-21   4.543690e-21   9.236742e-21   2.211450e-20   6.026967e-20   6.032365e-20   0.000000e+00
         4.8500   3.539254e-24   5.562886e-24   9.663775e-24   7.091695e-23   1.881805e-22   3.360121e-22   5.107977e-22   1.127523e-21   1.403654e-21   5.959307e-22   1.746254e-21   4.290921e-21   8.731377e-21   2.090934e-20   5.699886e-20   5.696790e-20   0.000000e+00
         4.9000   3.187532e-24   5.378013e-24   9.955480e-24   6.795211e-23   1.788545e-22   3.190176e-22   4.836703e-22   1.065999e-21   1.326736e-21   1.157499e-21   1.650042e-21   4.052364e-21   8.254887e-21   1.977328e-20   5.373121e-20   5.380067e-20   0.000000e+00
         4.9500   2.870911e-24   5.224714e-24   9.764504e-24   6.520336e-23   1.700843e-22   3.030346e-22   4.581326e-22   1.007995e-21   1.254202e-21   1.094255e-21   2.797749e-21   3.827226e-21   7.805679e-21   1.870252e-20   5.076508e-20   5.081140e-20   0.000000e+00
         5.0000   2.590156e-24   5.103837e-24   9.618972e-24   6.266017e-23   1.618369e-22   2.880046e-22   4.340977e-22   9.533168e-22   1.185808e-21   1.034621e-21   2.643241e-21   3.614758e-21   7.382252e-21   1.769347e-20   4.807211e-20   4.794670e-20   0.000000e+00
         5.0500   2.346067e-24   5.016303e-24   9.519153e-24   6.031253e-23   1.540807e-22   2.738720e-22   4.114832e-22   9.017796e-22   1.121325e-21   9.783974e-22   2.497474e-21   3.414255e-21   6.983185e-21   1.674273e-20   4.541604e-20   4.526199e-20   0.000000e+00
         5.1000   2.139435e-24   4.963016e-24   9.465307e-24   5.815085e-23   1.467856e-22   2.605838e-22   3.902107e-22   8.532097e-22   1.060537e-21   9.253941e-22   2.359960e-21   3.225047e-21   6.607136e-21   1.584711e-20   4.300568e-20   4.275361e-20   0.000000e+00
         5.1500   1.970997e-24   4.944810e-24   9.457640e-24   5.616586e-23   1.399228e-22   2.480896e-22   3.702061e-22   8.074428e-22   1.003237e-21   8.754319e-22   2.230241e-21   3.983943e-21   6.252838e-21   1.500358e-20   4.061635e-20   4.038704e-20   0.000000e+00
         5.2000   1.841378e-24   4.962425e-24   9.496246e-24   5.434844e-23   1.334649e-22   2.363411e-22   3.513988e-22   7.643232e-22   9.492320e-22   8.283408e-22   2.107881e-21   3.763074e-21   5.919090e-21   1.420926e-20   3.837818e-20   3.815421e-20   0.000000e+00
         5.2500   1.751043e-24   5.016461e-24   9.581043e-24   5.268976e-23   1.273857e-22   2.252924e-22   3.337222e-22   7.237032e-22   8.983380e-22   7.839599e-22   1.992469e-21   3.554645e-21   5.604759e-21   1.346146e-20   3.634631e-20   3.604748e-20   0.000000e+00
         5.3000   1.700238e-24   5.313053e-24   9.711708e-24   5.118121e-23   1.216601e-22   2.148994e-22   3.171124e-22   6.854432e-22   8.503808e-22   1.322281e-21   1.883617e-21   3.357960e-21   5.308770e-21   1.275760e-20   3.428358e-20   3.405976e-20   0.000000e+00
         5.3500   1.688934e-24   5.423381e-24   9.887585e-24   4.981422e-23   1.162645e-22   2.051204e-22   3.015090e-22   6.494105e-22   8.051951e-22   1.250987e-21   1.780956e-21   3.172361e-21   5.030106e-21   1.209526e-20   3.243260e-20   3.218442e-20   0.000000e+00
         5.4000   1.716782e-24   5.571004e-24   1.010763e-23   4.858005e-23   1.111760e-22   1.959157e-22   2.868536e-22   6.154791e-22   7.626240e-22   1.183782e-21   1.684139e-21   2.997225e-21   4.767803e-21   1.147212e-20   3.067187e-20   3.041524e-20   0.000000e+00
         5.4500   1.783060e-24   5.755007e-24   1.037033e-23   4.746977e-23   1.063731e-22   1.872471e-22   2.730906e-22   5.835293e-22   7.225187e-22   1.120432e-21   1.592836e-21   2.831965e-21   4.520949e-21   1.088602e-20   2.898974e-20   2.874636e-20   0.000000e+00
         5.5000   1.886635e-24   5.974040e-24   1.067368e-23   4.647465e-23   1.018359e-22   1.790785e-22   2.601670e-22   5.534472e-22   6.847373e-22   1.060719e-21   1.506734e-21   2.676023e-21   4.288680e-21   1.033487e-20   2.744705e-20   2.717243e-20   0.000000e+00
         5.5500   2.025928e-24   6.226195e-24   1.101510e-23   4.558615e-23   9.754509e-23   1.713761e-22   2.480322e-22   5.251241e-22   8.437077e-22   1.004433e-21   1.425536e-21   2.528874e-21   4.070175e-21   9.816716e-21   2.590309e-20   2.568840e-20   0.000000e+00
         5.6000   2.198898e-24   6.508894e-24   1.139137e-23   4.479551e-23   9.348216e-23   1.641080e-22   2.366378e-22   4.984565e-22   7.993902e-22   9.513764e-22   1.348960e-21   2.390018e-21   3.864653e-21   9.329676e-21   2.451174e-20   2.428929e-20   0.000000e+00
         5.6500   2.403025e-24   6.818871e-24   1.179871e-23   4.409319e-23   8.962953e-23   1.572434e-22   2.259366e-22   4.733449e-22   7.576192e-22   9.013597e-22   1.276739e-21   2.258982e-21   3.671372e-21   8.871973e-21   2.320060e-20   2.297039e-20   0.000000e+00
         5.7000   2.635320e-24   7.152256e-24   1.223262e-23   4.346923e-23   8.597173e-23   1.507525e-22   2.158831e-22   4.496951e-22   7.182434e-22   8.542028e-22   1.574674e-21   2.135320e-21   3.489632e-21   8.441916e-21   2.196651e-20   2.172725e-20   0.000000e+00
         5.7500   2.892337e-24   7.504597e-24   1.268793e-23   4.291386e-23   8.249514e-23   1.446085e-22   2.064329e-22   4.274167e-22   6.811185e-22   8.097333e-22   1.490053e-21   2.018606e-21   3.318768e-21   8.037896e-21   2.084112e-20   2.055565e-20   0.000000e+00
         5.8000   3.170209e-24   7.870869e-24   1.315883e-23   4.241773e-23   7.918685e-23   1.387877e-22   1.975438e-22   4.064223e-22   6.461073e-22   7.677872e-22   1.410205e-21   1.908439e-21   3.158146e-21   7.658375e-21   1.973012e-20   1.945154e-20   0.000000e+00
         5.8500   3.464695e-24   8.245559e-24   1.363896e-23   4.197115e-23   7.603360e-23   1.332687e-22   1.891757e-22   3.866284e-22   6.130782e-22   7.282080e-22   1.334846e-21   1.804436e-21   3.007165e-21   7.301889e-21   1.871785e-20   1.841089e-20   0.000000e+00
         5.9000   3.771239e-24   8.622805e-24   1.412156e-23   4.156397e-23   7.302292e-23   1.280300e-22   1.812890e-22   3.679572e-22   5.819051e-22   6.908458e-22   1.263706e-21   1.706234e-21   2.865251e-21   6.967036e-21   1.776679e-20   1.742994e-20   0.000000e+00
         5.9500   4.085042e-24   8.996433e-24   1.459952e-23   4.118592e-23   7.014481e-23   1.230505e-22   1.738422e-22   3.503337e-22   5.524693e-22   6.555561e-22   1.196530e-21   1.613489e-21   2.731850e-21   6.652476e-21   1.685333e-20   1.650528e-20   0.000000e+00
         6.0000   4.401152e-24   9.360060e-24   1.506546e-23   4.082688e-23   6.739148e-23   1.183114e-22   1.667984e-22   3.336781e-22   5.246581e-22   8.037267e-22   1.133071e-21   1.525875e-21   2.606433e-21   6.356915e-21   1.601679e-20   1.563367e-20   0.000000e+00
         6.0500   4.714550e-24   9.707243e-24   1.551185e-23   4.047690e-23   6.475551e-23   1.137987e-22   1.601289e-22   3.179170e-22   4.983588e-22   7.621975e-22   1.073098e-21   1.443079e-21   2.488495e-21   6.079126e-21   1.518963e-20   1.481210e-20   0.000000e+00
         6.1000   5.020251e-24   1.003169e-23   1.593114e-23   4.012629e-23   6.222944e-23   1.095002e-22   1.538036e-22   3.029951e-22   4.734631e-22   7.229172e-22   1.016393e-21   1.364809e-21   2.377550e-21   5.817931e-21   1.442815e-20   1.403781e-20   0.000000e+00
         6.1500   5.313407e-24   1.032744e-23   1.631592e-23   3.976607e-23   5.980655e-23   1.054038e-22   1.477815e-22   2.888647e-22   4.498778e-22   6.857279e-22   9.627432e-22   1.290791e-21   2.273152e-21   5.572202e-21   1.371162e-20   1.330829e-20   0.000000e+00
         6.2000   5.589401e-24   1.058898e-23   1.665914e-23   3.938789e-23   5.748120e-23   1.014984e-22   1.420190e-22   2.754517e-22   4.275226e-22   6.504902e-22   9.119404e-22   1.220751e-21   2.174887e-21   5.340883e-21   1.304424e-20   1.262119e-20   0.000000e+00
         6.2500   5.843950e-24   1.081135e-23   1.695427e-23   3.898372e-23   5.524861e-23   9.777412e-23   1.364905e-22   2.626661e-22   4.063053e-22   6.170866e-22   8.638011e-22   1.154430e-21   2.082320e-21   5.122957e-21   1.240447e-20   1.197422e-20   0.000000e+00
         6.3000   6.073187e-24   1.099025e-23   1.719555e-23   3.854582e-23   5.310471e-23   9.422277e-23   1.311909e-22   2.504407e-22   3.861201e-22   5.853955e-22   8.181702e-22   1.091602e-21   1.994982e-21   4.917378e-21   1.179146e-20   1.136511e-20   0.000000e+00
         6.3500   6.273743e-24   1.112214e-23   1.737799e-23   3.806712e-23   5.104708e-23   9.083765e-23   1.261161e-22   2.387681e-22   3.668703e-22   5.552712e-22   7.748828e-22   1.032073e-21   1.912485e-21   4.723142e-21   1.122978e-20   1.079164e-20   0.000000e+00
         6.4000   6.442813e-24   1.120436e-23   1.749753e-23   3.754176e-23   4.907376e-23   8.761391e-23   1.212321e-22   2.276578e-22   3.485065e-22   5.265675e-22   7.337469e-22   9.756273e-22   1.834585e-21   4.539396e-21   1.070166e-20   1.025171e-20   0.000000e+00
         6.4500   6.578202e-24   1.123523e-23   1.755110e-23   3.696534e-23   4.718235e-23   8.454916e-23   1.164882e-22   2.170684e-22   3.310032e-22   4.991944e-22   6.945732e-22   9.220201e-22   1.761018e-21   4.365465e-21   1.020515e-20   9.743305e-21   0.000000e+00
         6.5000   6.678362e-24   1.121401e-23   1.753667e-23   3.633463e-23   4.536961e-23   8.164083e-23   1.118475e-22   2.068946e-22   3.143169e-22   4.731115e-22   6.572501e-22   8.710177e-22   1.691286e-21   4.200529e-21   9.738191e-21   9.264510e-21   0.000000e+00
         6.5500   6.742406e-24   1.114094e-23   1.745334e-23   3.564740e-23   4.363232e-23   7.888538e-23   1.073102e-22   1.970382e-22   2.983488e-22   4.482784e-22   6.217241e-22   8.224973e-22   1.624799e-21   4.043554e-21   9.291871e-21   8.813505e-21   0.000000e+00
         6.6000   6.770105e-24   1.101726e-23   1.730136e-23   3.490234e-23   4.196830e-23   7.627860e-23   1.028853e-22   1.874853e-22   2.829959e-22   4.245743e-22   5.879347e-22   7.763966e-22   1.561285e-21   3.893509e-21   8.878371e-21   8.388505e-21   0.000000e+00
         6.6500   6.761871e-24   1.084506e-23   1.708215e-23   3.409923e-23   4.037650e-23   7.381692e-23   9.857496e-23   1.782630e-22   2.682084e-22   4.018494e-22   5.557166e-22   7.326255e-22   1.500874e-21   3.749970e-21   8.488553e-21   7.987891e-21   0.000000e+00
         6.7000   6.718714e-24   1.062728e-23   1.679818e-23   3.323895e-23   3.885588e-23   7.149894e-23   9.437362e-23   1.693904e-22   2.539850e-22   3.799992e-22   5.248754e-22   6.909570e-22   1.443733e-21   3.612857e-21   8.120806e-21   7.610140e-21   0.000000e+00
         6.7500   6.642196e-24   1.036752e-23   1.645294e-23   3.232341e-23   3.740497e-23   6.932424e-23   9.027447e-23   1.608597e-22   2.403272e-22   3.590112e-22   4.952810e-22   6.511416e-22   1.389416e-21   3.481966e-21   7.773656e-21   7.253809e-21   0.000000e+00
         6.8000   6.534364e-24   1.006997e-23   1.605078e-23   3.135561e-23   3.602156e-23   6.729206e-23   8.625431e-23   1.526600e-22   2.272184e-22   3.388919e-22   4.669171e-22   6.130307e-22   1.337082e-21   3.356234e-21   7.445692e-21   6.917531e-21   0.000000e+00
         6.8500   6.397673e-24   9.739247e-24   1.559681e-23   3.033953e-23   3.470309e-23   6.540064e-23   8.228817e-23   1.447457e-22   2.146386e-22   3.196308e-22   4.397896e-22   5.766099e-22   1.286095e-21   3.234386e-21   7.135620e-21   6.600020e-21   0.000000e+00
         6.9000   6.234907e-24   9.380303e-24   1.509675e-23   2.928011e-23   3.344683e-23   6.364720e-23   7.836903e-23   1.370506e-22   2.025530e-22   3.011986e-22   4.138838e-22   5.418870e-22   1.236553e-21   3.115718e-21   6.842314e-21   6.300103e-21   0.000000e+00
         6.9500   6.049091e-24   8.998217e-24   1.455678e-23   2.818300e-23   3.224973e-23   6.202834e-23   7.451942e-23   1.295279e-22   1.909035e-22   2.835573e-22   3.891583e-22   5.088375e-22   1.188732e-21   3.000314e-21   6.564592e-21   6.016643e-21   0.000000e+00
         7.0000   5.843404e-24   8.598076e-24   1.398336e-23   2.705432e-23   3.110873e-23   6.054004e-23   7.076307e-23   1.222097e-22   1.796397e-22   2.666250e-22   3.655540e-22   4.774028e-22   1.142803e-21   2.888424e-21   6.301334e-21   5.748524e-21   0.000000e+00
         7.0500   5.621096e-24   8.184837e-24   1.338311e-23   2.590049e-23   3.002084e-23   5.917761e-23   6.710729e-23   1.151478e-22   1.687650e-22   2.503210e-22   3.429574e-22   4.474863e-22   1.098672e-21   2.780061e-21   6.051478e-21   5.494723e-21   0.000000e+00
         7.1000   5.385406e-24   7.763225e-24   1.276261e-23   2.472817e-23   2.898326e-23   5.793617e-23   6.354598e-23   1.083706e-22   1.583128e-22   2.346173e-22   3.212614e-22   4.189291e-22   1.056208e-21   2.674988e-21   5.813803e-21   5.254220e-21   0.000000e+00
         7.1500   5.139494e-24   7.337640e-24   1.212824e-23   2.354427e-23   2.799302e-23   5.681077e-23   6.007324e-23   1.018608e-22   1.483077e-22   2.195551e-22   3.004325e-22   3.915888e-22   1.014920e-21   2.572789e-21   5.587054e-21   5.025910e-21   0.000000e+00
         7.2000   4.886376e-24   6.912089e-24   1.148611e-23   2.235575e-23   2.704680e-23   5.579601e-23   5.668940e-23   9.559595e-23   1.387382e-22   2.051766e-22   2.805204e-22   3.654339e-22   9.742818e-22   2.472692e-21   5.370378e-21   4.808771e-21   0.000000e+00
         7.2500   4.628878e-24   6.490139e-24   1.084191e-23   2.116938e-23   2.614095e-23   5.488564e-23   5.340082e-23   8.956185e-23   1.295838e-22   1.914800e-22   2.615731e-22   3.405246e-22   9.340725e-22   2.374044e-21   5.163182e-21   4.602080e-21   0.000000e+00
         7.3000   4.369594e-24   6.074890e-24   1.020084e-23   1.999163e-23   2.527185e-23   5.407230e-23   5.021392e-23   8.376144e-23   1.208272e-22   1.784323e-22   2.435808e-22   3.169126e-22   8.946727e-22   2.276848e-21   4.964403e-21   4.405151e-21   0.000000e+00
         7.3500   4.110860e-24   5.668965e-24   9.567582e-24   1.882855e-23   2.443628e-23   5.334781e-23   4.713443e-23   7.819954e-23   1.124645e-22   1.660010e-22   2.264949e-22   2.945674e-22   8.564867e-22   2.181632e-21   4.772744e-21   4.216961e-21   0.000000e+00
         7.4000   3.854743e-24   5.274533e-24   8.946247e-24   1.768575e-23   2.363120e-23   5.270379e-23   4.416826e-23   7.288011e-23   1.044955e-22   1.541689e-22   2.102678e-22   2.734165e-22   8.196179e-22   2.088883e-21   4.587592e-21   4.036551e-21   0.000000e+00
         7.4500   3.603032e-24   4.893332e-24   8.340352e-24   1.656835e-23   2.285361e-23   5.213185e-23   4.132138e-23   6.780793e-23   9.691882e-23   1.429310e-22   1.948717e-22   2.533901e-22   7.838176e-22   1.998558e-21   4.408918e-21   3.863461e-21   0.000000e+00
         7.5000   3.357249e-24   4.526711e-24   7.752840e-24   1.548095e-23   2.210053e-23   5.162326e-23   3.859492e-23   6.298988e-23   8.973294e-23   1.322815e-22   1.802944e-22   2.344469e-22   7.488498e-22   1.910332e-21   4.236893e-21   3.697533e-21   0.000000e+00
         7.5500   3.118655e-24   4.175677e-24   7.186094e-24   1.442754e-23   2.136906e-23   5.116881e-23   3.598329e-23   5.842708e-23   8.293760e-23   1.222140e-22   1.665231e-22   2.165644e-22   7.145960e-22   1.823932e-21   4.070894e-21   3.538579e-21   0.000000e+00
         7.6000   2.888275e-24   3.840940e-24   6.641979e-24   1.341153e-23   2.065664e-23   5.075886e-23   3.348117e-23   5.410234e-23   7.653049e-23   1.127234e-22   1.535449e-22   1.997190e-22   6.811030e-22   1.739303e-21   3.909358e-21   3.385775e-21   0.000000e+00
         7.6500   2.666915e-24   3.522961e-24   6.121891e-24   1.243566e-23   1.996102e-23   5.038364e-23   3.109202e-23   4.999426e-23   7.049578e-23   1.038040e-22   1.413485e-22   1.838900e-22   6.484309e-22   1.656571e-21   3.751472e-21   3.238002e-21   0.000000e+00
         7.7000   2.455185e-24   3.221991e-24   5.626811e-24   1.150207e-23   1.928029e-23   5.003358e-23   2.882247e-23   4.609783e-23   6.481091e-23   9.543531e-23   1.299208e-22   1.690576e-22   6.166324e-22   1.575862e-21   3.597742e-21   3.094922e-21   0.000000e+00
         7.7500   2.253529e-24   2.938114e-24   5.157356e-24   1.061230e-23   1.861289e-23   4.969933e-23   2.667640e-23   4.242383e-23   5.946052e-23   8.758221e-23   1.192282e-22   1.551984e-22   5.857710e-22   1.497301e-21   3.448548e-21   2.956744e-21   0.000000e+00
         7.8000   2.062241e-24   2.671273e-24   4.713830e-24   9.767372e-24   1.795752e-23   4.937190e-23   2.465077e-23   3.898133e-23   5.444435e-23   8.021229e-23   1.092206e-22   1.422594e-22   5.559141e-22   1.421009e-21   3.303410e-21   2.823409e-21   0.000000e+00
         7.8500   1.881489e-24   2.421302e-24   4.296277e-24   8.967808e-24   1.731308e-23   4.904272e-23   2.274071e-23   3.576443e-23   4.976281e-23   7.331699e-23   9.985354e-23   1.301716e-22   5.270513e-22   1.347084e-21   3.161855e-21   2.694410e-21   0.000000e+00
         7.9000   1.711336e-24   2.187940e-24   3.904520e-24   8.213703e-24   1.667870e-23   4.870357e-23   2.094159e-23   3.275956e-23   4.540725e-23   6.689472e-23   9.111352e-23   1.188788e-22   4.990480e-22   1.275462e-21   3.024034e-21   2.569471e-21   0.000000e+00
         7.9500   1.551753e-24   1.970846e-24   3.538204e-24   7.504768e-24   1.605371e-23   4.834665e-23   1.925083e-23   2.995319e-23   4.136031e-23   6.093699e-23   8.299490e-23   1.083649e-22   4.717799e-22   1.205987e-21   2.889771e-21   2.448624e-21   0.000000e+00
         8.0000   1.402633e-24   1.769610e-24   3.196826e-24   6.840375e-24   1.543766e-23   4.796470e-23   1.766601e-23   2.733634e-23   3.760398e-23   5.541886e-23   7.548296e-23   9.862120e-23   4.453086e-22   1.138581e-21   2.758120e-21   2.331452e-21   0.000000e+00
         8.0500   1.263804e-24   1.583761e-24   2.879762e-24   6.219624e-24   1.483031e-23   4.755111e-23   1.618434e-23   2.490248e-23   3.412282e-23   5.031254e-23   6.854246e-23   8.962496e-23   4.197797e-22   1.073406e-21   2.628915e-21   2.217336e-21   0.000000e+00
         8.1000   1.135037e-24   1.412770e-24   2.586283e-24   5.641381e-24   1.423164e-23   4.709999e-23   1.480231e-23   2.264486e-23   3.090423e-23   4.559208e-23   6.213509e-23   8.132858e-23   3.953076e-22   1.010667e-21   2.503008e-21   2.106387e-21   0.000000e+00
         8.1500   1.016052e-24   1.256061e-24   2.315577e-24   5.104335e-24   1.364174e-23   4.660628e-23   1.351585e-23   2.055601e-23   2.793572e-23   4.123734e-23   5.622529e-23   7.368206e-23   3.718661e-22   9.504790e-22   2.380982e-21   1.999074e-21   0.000000e+00
         8.2000   9.065289e-25   1.113010e-24   2.066759e-24   4.607027e-24   1.306087e-23   4.606575e-23   1.232079e-23   1.862740e-23   2.520455e-23   3.722949e-23   5.078532e-23   6.664003e-23   3.493891e-22   8.927852e-22   2.262604e-21   1.895529e-21   0.000000e+00
         8.2500   8.061067e-25   9.829542e-25   1.838882e-24   4.147872e-24   1.248940e-23   4.547503e-23   1.121292e-23   1.685038e-23   2.269733e-23   3.354987e-23   4.578936e-23   6.016741e-23   3.278227e-22   8.374994e-22   2.147531e-21   1.795495e-21   0.000000e+00
         8.3000   7.143942e-25   8.651998e-25   1.630951e-24   3.725196e-24   1.192779e-23   4.483163e-23   1.018806e-23   1.521632e-23   2.040065e-23   3.017920e-23   4.121210e-23   5.423152e-23   3.071619e-22   7.845578e-22   2.035667e-21   1.698743e-21   0.000000e+00
         8.3500   6.309725e-25   7.590253e-25   1.441928e-24   3.337252e-24   1.137663e-23   4.413397e-23   9.242113e-24   1.371681e-23   1.830134e-23   2.709797e-23   3.702768e-23   4.880045e-23   2.874195e-22   7.339601e-22   1.927166e-21   1.605242e-21   0.000000e+00
         8.4000   5.554008e-25   6.636912e-25   1.270747e-24   2.982242e-24   1.083653e-23   4.338140e-23   8.370942e-24   1.234377e-23   1.638661e-23   2.428716e-23   3.321011e-23   4.384169e-23   2.686014e-22   6.857127e-22   1.822168e-21   1.515054e-21   0.000000e+00
         8.4500   4.872215e-25   5.784483e-25   1.116321e-24   2.658339e-24   1.030812e-23   4.257413e-23   7.570391e-24   1.108929e-23   1.464417e-23   2.172839e-23   2.973425e-23   3.932281e-23   2.507006e-22   6.398057e-22   1.720749e-21   1.428220e-21   0.000000e+00
         8.5000   4.259655e-25   5.025452e-25   9.775507e-25   2.363709e-24   9.792054e-24   4.171321e-23   6.836311e-24   9.945677e-24   1.306218e-23   1.940407e-23   2.657589e-23   3.521258e-23   2.336968e-22   5.962044e-22   1.622902e-21   1.344735e-21   0.000000e+00
         8.5500   3.711579e-25   4.352374e-25   8.533364e-25   2.096521e-24   9.288931e-24   4.080040e-23   6.164601e-24   8.905446e-24   1.162922e-23   1.729743e-23   2.371204e-23   3.148112e-23   2.175680e-22   5.548567e-22   1.528617e-21   1.264557e-21   0.000000e+00
         8.6000   3.223230e-25   3.757948e-25   7.425864e-25   1.854963e-24   8.799319e-24   3.983818e-23   5.551219e-24   7.961344e-24   1.033428e-23   1.539241e-23   2.112088e-23   2.810022e-23   2.022919e-22   5.157076e-22   1.438009e-21   1.187664e-21   0.000000e+00
         8.6500   2.789894e-25   3.235086e-25   6.442270e-25   1.637251e-24   8.323737e-24   3.882962e-23   4.992233e-24   7.106344e-24   9.166845e-24   1.367362e-23   1.878160e-23   2.504323e-23   1.878464e-22   4.787001e-22   1.351180e-21   1.114115e-21   0.000000e+00
         8.7000   2.406949e-25   2.776979e-25   5.572111e-25   1.441639e-24   7.862660e-24   3.777830e-23   4.483827e-24   6.333699e-24   8.116828e-24   1.212640e-23   1.667439e-23   2.228485e-23   1.742111e-22   4.437773e-22   1.267905e-21   1.043883e-21   0.000000e+00
         8.7500   2.069907e-25   2.377145e-25   4.805265e-25   1.266426e-24   7.416509e-24   3.668827e-23   4.022310e-24   5.636962e-24   7.174630e-24   1.073679e-23   1.478043e-23   1.980111e-23   1.613643e-22   4.108830e-22   1.187935e-21   9.767584e-22   0.000000e+00
         8.8000   1.774452e-25   2.029472e-25   4.132029e-25   1.109971e-24   6.985644e-24   3.556399e-23   3.604132e-24   5.010012e-24   6.331153e-24   9.491549e-24   1.308189e-23   1.756930e-23   1.492819e-22   3.799565e-22   1.111413e-21   9.126217e-22   0.000000e+00
         8.8500   1.516474e-25   1.728245e-25   3.543180e-25   9.706931e-25   6.570359e-24   3.441019e-23   3.225903e-24   4.447036e-24   5.577811e-24   8.378145e-24   1.156191e-23   1.556802e-23   1.379378e-22   3.509312e-22   1.038560e-21   8.515735e-22   0.000000e+00
         8.9000   1.292087e-25   1.468171e-25   3.030022e-25   8.470825e-25   6.170878e-24   3.323184e-23   2.884409e-24   3.942526e-24   4.906528e-24   7.384818e-24   1.020459e-23   1.377705e-23   1.273046e-22   3.237364e-22   9.693589e-22   7.936842e-22   0.000000e+00
         8.9500   1.097658e-25   1.244380e-25   2.584419e-25   7.377050e-25   5.787359e-24   3.203401e-23   2.576619e-24   3.491296e-24   4.309719e-24   6.500550e-24   8.995095e-24   1.217745e-23   1.173536e-22   2.982987e-22   9.036347e-22   7.388572e-22   0.000000e+00
         9.0000   9.298074e-26   1.052432e-25   2.198818e-25   6.412055e-25   5.419888e-24   3.082186e-23   2.299672e-24   3.088475e-24   3.780295e-24   5.715037e-24   7.919543e-24   1.075155e-23   1.080555e-22   2.745419e-22   8.412333e-22   6.869493e-22   0.000000e+00
