# CIE bound-bound cooling efficiency for S (Z=16)
# Source: CHIANTI v11.0.2 via ChiantiPy ion.boundBoundLoss
# Units: erg cm^3 / s, per ion per electron, low-density limit (n_e = 1 cm^-3)
# T grid: 121 log-spaced points, 10^3.00 K -> 10^9.00 K
# Generated by pyathena/photchem/data/build_cool_tables.py
#
# log_T_K        L_S0           L_S1           L_S2           L_S3           L_S4           L_S5           L_S6           L_S7           L_S8           L_S9           L_S10          L_S11          L_S12          L_S13          L_S14          L_S15          L_S16        
         3.0000   6.790586e-23   1.865997e-25   3.530245e-20   5.620229e-20   4.527044e-22   1.461624e-21   2.682278e-21   4.192177e-21   9.374463e-21   1.559191e-21   2.538285e-21   3.551503e-21   5.067315e-21   7.259042e-20   1.578486e-19   1.879600e-19   4.759937e-19
         3.0500   8.105454e-23   1.872119e-25   3.603271e-20   6.160425e-20   4.275688e-22   1.380189e-21   2.532702e-21   3.958160e-21   8.851199e-21   1.472446e-21   2.427881e-21   3.353550e-21   4.784705e-21   6.853219e-20   1.490238e-19   1.774471e-19   4.495062e-19
         3.1000   9.550925e-23   2.302276e-25   3.650334e-20   6.644616e-20   4.038504e-22   1.303328e-21   2.391521e-21   3.737367e-21   8.358254e-21   1.390581e-21   2.348729e-21   3.166718e-21   4.518268e-21   6.470111e-20   1.406930e-19   1.675223e-19   4.243760e-19
         3.1500   1.111687e-22   5.034983e-25   3.672867e-20   7.064691e-20   3.976678e-22   1.230787e-21   2.258266e-21   3.529270e-21   7.895172e-21   1.313325e-21   2.311378e-21   2.990405e-21   4.266476e-21   6.108448e-20   1.328285e-19   1.581528e-19   4.007845e-19
         3.2000   1.279487e-22   2.564025e-24   3.673427e-20   7.415813e-20   3.756662e-22   1.162326e-21   2.132497e-21   3.333643e-21   7.462462e-21   1.240423e-21   2.327620e-21   2.824087e-21   4.028825e-21   5.767033e-20   1.288158e-19   1.493075e-19   3.784998e-19
         3.2500   1.458828e-22   7.521581e-24   3.655809e-20   7.696112e-20   3.549097e-22   1.107572e-21   2.013795e-21   3.150760e-21   7.061838e-21   1.171632e-21   2.409344e-21   2.667391e-21   3.810942e-21   5.444733e-20   1.216165e-19   2.003012e-19   3.570833e-19
         3.3000   1.652582e-22   2.387237e-23   3.624907e-20   7.906246e-20   3.353295e-22   1.046052e-21   1.901768e-21   2.981612e-21   6.696267e-21   1.106725e-21   2.567569e-21   2.520226e-21   3.598897e-21   5.140481e-20   1.148204e-19   1.890985e-19   3.375913e-19
         3.3500   1.867155e-22   7.006919e-23   3.587022e-20   8.048799e-20   3.168607e-22   9.879998e-22   1.796045e-21   2.828075e-21   6.369751e-21   1.045487e-21   2.812033e-21   2.383017e-21   3.398780e-21   4.853267e-20   1.084048e-19   1.785227e-19   3.190787e-19
         3.4000   2.111628e-22   1.868874e-22   3.550020e-20   8.127923e-20   2.994421e-22   9.332216e-22   1.696274e-21   2.692929e-21   6.086809e-21   9.877134e-22   3.151410e-21   2.256992e-21   3.280672e-21   4.582139e-20   1.023485e-19   1.685386e-19   3.016918e-19
         3.4500   2.409313e-22   4.366286e-22   3.522907e-20   8.148768e-20   2.830159e-22   8.815362e-22   1.602125e-21   2.579662e-21   5.851717e-21   9.332134e-22   3.593842e-21   2.144486e-21   3.098507e-21   4.326200e-20   9.663152e-20   1.591132e-19   2.852625e-19
         3.5000   2.865238e-22   9.288471e-22   3.514254e-20   8.117094e-20   2.675276e-22   8.327722e-22   1.513286e-21   2.492044e-21   5.667671e-21   8.818718e-22   4.147242e-21   2.049146e-21   2.926612e-21   4.084600e-20   9.123481e-20   1.502151e-19   2.693464e-19
         3.5500   3.635646e-22   1.811488e-21   3.531659e-20   8.039008e-20   2.687455e-22   7.867677e-22   1.429462e-21   2.433545e-21   5.536033e-21   8.333843e-22   4.818870e-21   1.975921e-21   3.213561e-21   3.856538e-20   8.614050e-20   1.418150e-19   2.537860e-19
         3.6000   4.727664e-22   3.267435e-21   3.580895e-20   7.920366e-20   2.541169e-22   7.433703e-22   1.350375e-21   2.406710e-21   5.455823e-21   7.890687e-22   5.614013e-21   1.930826e-21   3.035426e-21   3.641260e-20   8.466311e-20   1.338849e-19   2.396040e-19
         3.6500   6.041822e-22   5.504507e-21   3.665673e-20   7.767067e-20   2.403303e-22   7.024360e-22   1.275764e-21   2.412645e-21   5.423548e-21   7.458761e-22   6.534021e-21   1.920554e-21   2.867352e-21   3.438051e-20   7.993765e-20   1.843490e-19   2.262692e-19
         3.7000   7.651619e-22   8.711257e-21   3.789158e-20   7.584571e-20   2.273402e-22   6.638288e-22   1.205379e-21   2.450708e-21   5.433383e-21   7.051557e-22   7.574286e-21   1.951339e-21   2.708782e-21   3.246237e-20   7.547716e-20   1.740401e-19   2.137465e-19
         3.7500   9.748241e-22   1.306967e-20   3.952656e-20   7.377893e-20   2.151044e-22   6.274206e-22   1.138989e-21   2.518462e-21   5.477636e-21   6.823203e-22   8.722813e-21   2.031711e-21   4.164423e-21   3.065184e-20   7.126684e-20   1.643082e-19   2.017963e-19
         3.8000   1.241800e-21   1.871459e-20   4.155616e-20   7.151728e-20   2.035915e-22   5.930909e-22   1.076372e-21   2.611885e-21   5.547419e-21   6.452856e-22   9.959882e-21   2.160704e-21   3.933590e-21   2.894290e-20   6.729273e-20   1.551211e-19   1.905153e-19
         3.8500   1.566601e-21   2.573066e-20   4.396273e-20   6.909800e-20   1.928242e-22   5.607293e-22   1.017321e-21   2.725757e-21   5.633425e-21   6.103945e-22   1.125899e-20   2.344041e-21   3.715796e-21   2.732989e-20   6.354166e-20   1.464479e-19   1.804542e-19
         3.9000   1.942777e-21   3.413383e-20   4.671905e-20   6.656000e-20   1.830868e-22   5.302622e-22   9.616400e-22   2.854154e-21   5.726787e-21   5.775526e-22   1.258894e-20   2.612269e-21   3.510318e-21   2.580747e-20   6.000120e-20   1.382603e-19   1.702615e-19
         3.9500   2.362597e-21   4.380433e-20   4.978917e-20   6.394064e-20   1.756946e-22   5.049090e-22   9.091435e-22   2.990960e-21   5.819972e-21   6.399578e-22   1.391689e-20   2.905105e-21   3.316475e-21   2.437058e-20   5.665962e-20   1.305337e-19   1.602643e-19
         4.0000   2.846717e-21   5.447510e-20   5.313637e-20   6.128539e-20   1.752942e-22   4.795119e-22   8.596573e-22   3.130313e-21   5.907731e-21   6.062093e-22   1.521149e-20   3.252274e-21   3.133624e-21   2.301447e-20   5.350582e-20   1.232368e-19   1.513099e-19
         4.0500   3.425385e-21   6.578378e-20   5.673157e-20   5.866290e-20   1.955750e-22   4.627799e-22   8.130168e-22   3.266962e-21   5.988002e-21   5.757573e-22   1.644674e-20   3.651858e-21   6.027919e-21   2.173465e-20   5.052937e-20   1.163502e-19   1.430572e-19
         4.1000   4.094629e-21   7.745501e-20   6.057245e-20   5.618918e-20   2.714628e-22   4.741547e-22   7.690667e-22   3.396498e-21   6.062610e-21   5.506017e-22   1.760611e-20   4.277086e-21   5.693864e-21   2.052686e-20   4.772038e-20   1.098486e-19   1.347747e-19
         4.1500   4.832941e-21   8.940339e-20   6.470992e-20   5.406114e-20   4.827092e-22   5.708558e-22   7.276606e-22   3.515474e-21   6.137531e-21   8.681694e-22   1.867978e-20   4.765430e-21   5.378680e-21   1.938710e-20   4.506955e-20   1.037269e-19   1.273898e-19
         4.2000   5.610807e-21   1.017620e-19   6.928080e-20   5.259853e-20   9.951469e-22   8.949787e-22   6.886605e-22   3.621418e-21   6.222537e-21   8.516651e-22   1.967331e-20   5.300980e-21   5.081325e-21   1.831160e-20   4.256809e-20   9.792479e-20   1.202778e-19
         4.2500   6.393369e-21   1.146565e-19   7.456146e-20   5.228054e-20   2.131551e-21   1.749166e-21   6.519360e-22   3.712772e-21   6.330170e-21   8.665825e-22   2.061546e-20   5.882673e-21   4.800820e-21   1.729679e-20   4.020770e-20   9.247075e-20   1.135647e-19
         4.3000   7.143779e-21   1.281460e-19   8.103041e-20   5.379849e-20   4.444496e-21   3.693588e-21   6.173786e-22   3.788780e-21   6.474243e-21   9.313982e-22   2.150165e-20   7.136821e-21   4.536268e-21   1.633938e-20   3.902337e-20   8.731496e-20   1.070891e-19
         4.3500   7.853977e-21   1.428538e-19   8.943968e-20   5.809171e-20   8.854580e-21   7.638833e-21   5.848735e-22   3.849344e-21   6.668197e-21   1.070035e-21   2.237486e-20   7.775069e-21   4.286934e-21   1.543649e-20   3.686378e-20   8.249987e-20   1.010368e-19
         4.4000   8.623089e-21   1.608754e-19   1.008751e-19   6.639487e-20   1.671590e-20   1.489509e-20   5.543020e-22   3.894873e-21   6.923711e-21   1.984331e-21   2.335122e-20   8.461591e-21   4.052467e-21   1.458633e-20   3.482633e-20   9.510407e-20   9.540325e-20
         4.4500   9.558581e-21   1.846888e-19   1.167841e-19   8.028965e-20   2.984031e-20   2.713913e-20   5.255618e-22   3.926133e-21   7.249863e-21   2.317999e-21   2.427784e-20   9.197448e-21   6.828188e-21   1.379018e-20   3.290427e-20   8.975815e-20   9.021235e-20
         4.5000   1.073621e-20   2.160802e-19   1.389364e-19   1.017590e-19   5.046568e-20   4.627986e-20   4.985567e-22   3.944110e-21   7.652969e-21   2.811220e-21   2.526603e-20   9.984729e-21   6.459693e-21   1.305687e-20   3.109122e-20   8.477952e-20   8.518670e-20
         4.5500   1.213685e-20   2.568881e-19   1.693343e-19   1.332258e-19   8.110955e-20   7.423494e-20   4.731961e-22   3.949895e-21   8.136996e-21   3.484516e-21   2.632611e-20   1.209553e-20   6.124584e-21   1.241138e-20   2.938115e-20   8.005113e-20   8.062727e-20
         4.6000   1.351498e-20   3.089471e-19   2.100331e-19   1.775388e-19   1.243291e-19   1.126611e-19   4.493944e-22   3.944594e-21   8.704280e-21   4.349430e-21   2.776870e-20   1.292983e-20   5.834476e-21   1.190788e-20   2.776839e-20   7.575345e-20   7.615120e-20
         4.6500   1.466050e-20   3.737857e-19   2.628876e-19   2.378551e-19   1.824433e-19   1.627124e-19   4.270715e-22   3.929273e-21   9.355247e-21   5.407651e-21   2.894360e-20   1.384205e-20   5.610595e-21   1.164548e-20   2.624758e-20   7.149725e-20   7.176322e-20
         4.7000   1.550504e-20   4.524130e-19   3.292521e-19   3.173767e-19   2.572758e-19   2.248667e-19   4.061516e-22   3.905022e-21   1.008260e-20   6.653782e-21   3.015697e-20   1.485116e-20   5.489377e-21   1.178164e-20   2.481366e-20   6.759747e-20   6.779988e-20
         4.7500   1.609323e-20   5.451834e-19   4.097862e-19   4.189403e-19   3.499391e-19   2.988473e-19   3.865637e-22   3.873288e-21   1.087399e-20   8.083449e-21   3.137746e-20   1.598800e-20   5.531735e-21   1.253652e-20   2.346186e-20   6.390355e-20   6.406618e-20
         4.8000   1.667531e-20   6.517525e-19   5.043053e-19   5.445271e-19   4.605852e-19   3.836462e-19   3.682409e-22   3.836904e-21   1.171770e-20   1.036578e-20   3.257198e-20   1.730197e-20   5.837402e-21   1.418233e-20   2.218767e-20   6.035368e-20   6.041922e-20
         4.8500   1.737115e-20   7.711041e-19   6.117105e-19   6.948034e-19   5.884050e-19   4.776335e-19   3.511204e-22   3.802269e-21   1.261017e-20   1.219312e-20   3.376666e-20   1.886910e-20   6.563434e-21   1.701554e-20   2.098685e-20   5.708785e-20   5.706914e-20
         4.9000   1.800526e-20   9.016545e-19   7.300033e-19   8.688070e-19   7.317418e-19   5.787426e-19   3.351432e-22   3.783317e-21   1.356757e-20   1.436097e-20   3.570444e-20   2.080744e-20   7.941664e-21   2.131607e-20   1.985538e-20   5.382546e-20   5.390791e-20
         4.9500   1.842680e-20   1.041378e-18   8.564941e-19   1.063833e-18   8.882639e-19   6.847079e-19   3.202546e-22   3.807318e-21   1.464111e-20   1.703365e-20   3.740370e-20   2.457574e-20   1.028575e-20   2.730181e-20   1.878949e-20   5.086492e-20   5.092499e-20
         5.0000   1.856642e-20   1.187955e-18   9.880565e-19   1.275597e-18   1.055175e-18   7.932516e-19   3.064102e-22   3.921250e-21   1.594178e-20   2.043863e-20   3.981889e-20   2.794011e-20   1.398167e-20   3.508954e-20   1.778559e-20   4.817786e-20   4.806702e-20
         5.0500   1.842144e-20   1.338926e-18   1.121403e-18   1.498621e-18   1.229424e-18   9.022292e-19   2.936147e-22   4.196625e-21   1.763877e-20   2.484626e-20   4.334602e-20   3.258634e-20   1.945848e-20   4.467027e-20   1.684032e-20   4.552806e-20   4.538945e-20
         5.1000   1.805278e-20   1.494897e-18   1.253390e-18   1.726751e-18   1.407889e-18   1.009726e-18   2.821263e-22   4.730000e-21   1.994411e-20   3.053250e-20   4.841361e-20   3.892453e-20   2.713563e-20   5.590155e-20   1.595048e-20   4.312434e-20   4.288861e-20
         5.1500   1.752251e-20   1.651993e-18   1.381232e-18   1.953710e-18   1.587482e-18   1.114097e-18   2.732904e-22   5.637252e-21   2.309000e-20   3.773238e-20   5.538167e-20   4.736542e-20   3.829862e-20   6.852019e-20   1.511307e-20   4.074204e-20   4.053005e-20
         5.2000   1.688075e-20   1.807682e-18   1.502614e-18   2.173594e-18   1.765152e-18   1.213953e-18   2.722613e-22   7.041829e-21   2.729919e-20   4.659459e-20   6.445922e-20   5.827031e-20   5.124112e-20   8.216979e-20   1.432542e-20   3.851131e-20   3.830570e-20
         5.2500   1.616725e-20   1.959660e-18   1.615811e-18   2.381268e-18   1.938018e-18   1.308108e-18   2.952618e-22   9.060166e-21   3.275339e-20   5.714757e-20   7.573009e-20   7.180290e-20   6.701462e-20   9.643555e-20   1.358494e-20   3.648734e-20   3.620794e-20
         5.3000   1.541285e-20   2.105630e-18   1.719858e-18   2.572686e-18   2.103475e-18   1.395552e-18   3.855825e-22   1.179055e-20   3.955074e-20   6.928413e-20   8.972119e-20   8.792192e-20   8.548393e-20   1.108821e-19   1.288890e-20   3.443296e-20   3.422972e-20
         5.3500   1.462130e-20   2.246828e-18   1.814320e-18   2.744947e-18   2.259248e-18   1.475642e-18   6.428854e-22   1.531374e-20   4.769592e-20   8.276669e-20   1.050523e-19   1.064102e-19   1.063068e-19   1.250887e-19   1.223491e-20   3.259083e-20   3.236446e-20
         5.4000   1.373881e-20   2.381217e-18   1.899141e-18   2.896265e-18   2.403433e-18   1.548048e-18   1.267364e-21   1.971336e-20   5.711550e-20   9.725140e-20   1.220354e-19   1.268900e-19   1.289771e-19   1.386820e-19   1.162071e-20   3.083948e-20   3.060595e-20
         5.4500   1.274812e-20   2.505966e-18   1.974683e-18   3.025907e-18   2.534609e-18   1.612683e-18   2.613395e-21   2.511967e-20   6.769167e-20   1.123274e-19   1.402885e-19   1.488568e-19   1.528756e-19   1.513519e-19   1.104416e-20   2.916728e-20   2.894836e-20
         5.5000   1.166720e-20   2.620463e-18   2.041987e-18   3.133997e-18   2.652049e-18   1.669690e-18   5.242056e-21   3.177115e-20   7.932084e-20   1.275665e-19   1.593853e-19   1.717264e-19   1.773274e-19   1.628604e-19   1.050324e-20   2.763512e-20   2.738640e-20
         5.5500   1.054626e-20   2.724362e-18   2.102160e-18   3.221321e-18   2.755434e-18   1.719406e-18   9.953576e-21   4.007485e-20   9.199019e-20   1.427748e-19   1.789015e-19   1.948958e-19   2.016606e-19   1.730417e-19   9.996041e-21   2.610229e-20   2.591505e-20
         5.6000   9.481364e-21   2.817535e-18   2.156158e-18   3.289130e-18   2.844723e-18   1.762264e-18   1.778216e-20   5.064600e-20   1.058569e-19   1.572771e-19   1.984713e-19   2.178030e-19   2.252599e-19   1.817977e-19   9.520742e-21   2.472275e-20   2.452938e-20
         5.6500   8.529372e-21   2.900026e-18   2.204843e-18   3.338980e-18   2.920096e-18   1.798458e-18   2.994274e-20   6.430744e-20   1.213049e-19   1.711810e-19   2.178462e-19   2.399819e-19   2.476071e-19   1.890931e-19   9.075628e-21   2.342411e-20   2.322470e-20
         5.7000   7.708646e-21   2.972005e-18   2.249152e-18   3.372582e-18   2.981910e-18   1.828154e-18   4.773077e-20   8.202524e-20   1.389514e-19   1.845960e-19   2.369486e-19   2.614789e-19   2.683082e-19   1.949556e-19   8.659080e-21   2.220327e-20   2.199662e-20
         5.7500   7.016266e-21   3.033736e-18   2.289753e-18   3.391688e-18   3.030520e-18   1.851589e-18   7.238368e-20   1.047872e-19   1.596113e-19   1.978437e-19   2.559068e-19   2.814087e-19   2.871157e-19   1.994677e-19   8.269567e-21   2.109190e-20   2.084099e-20
         5.8000   6.438770e-21   3.085544e-18   2.327010e-18   3.398007e-18   3.065941e-18   1.868959e-18   1.049171e-19   1.334680e-19   1.842034e-19   2.113964e-19   2.750516e-19   3.002339e-19   3.039422e-19   2.027629e-19   7.905632e-21   1.999576e-20   1.975378e-20
         5.8500   5.958603e-21   3.127798e-18   2.360851e-18   3.393148e-18   3.088357e-18   1.880478e-18   1.459763e-19   1.686909e-19   2.136134e-19   2.257671e-19   2.949011e-19   3.182286e-19   3.188633e-19   2.050245e-19   7.565903e-21   1.899950e-20   1.873104e-20
         5.9000   5.557785e-21   3.160889e-18   2.390491e-18   3.378580e-18   3.098223e-18   1.886642e-18   1.957228e-19   2.106805e-19   2.485465e-19   2.414667e-19   3.161175e-19   3.358220e-19   3.321062e-19   2.064817e-19   7.249079e-21   1.806617e-20   1.776973e-20
         5.9500   5.219826e-21   3.185230e-18   2.415443e-18   3.355623e-18   3.096201e-18   1.887764e-18   2.537763e-19   2.592242e-19   2.893972e-19   2.589341e-19   3.393690e-19   3.535380e-19   3.440196e-19   2.074007e-19   6.953926e-21   1.717165e-20   1.686650e-20
         6.0000   4.930560e-21   3.201234e-18   2.435579e-18   3.325435e-18   3.083109e-18   1.884298e-18   3.192212e-19   3.136628e-19   3.361663e-19   2.784753e-19   3.653949e-19   3.719103e-19   3.550510e-19   2.080689e-19   6.679271e-21   1.635535e-20   1.601777e-20
         6.0500   4.678359e-21   3.209323e-18   2.450971e-18   3.289030e-18   3.059866e-18   1.876590e-18   3.907945e-19   3.729194e-19   3.884394e-19   3.002555e-19   3.941768e-19   3.913918e-19   3.656973e-19   2.087837e-19   6.424012e-21   1.554983e-20   1.522067e-20
         6.1000   4.454014e-21   3.209921e-18   2.461782e-18   3.247280e-18   3.027453e-18   1.865529e-18   4.672592e-19   4.357042e-19   4.454148e-19   3.242543e-19   4.260039e-19   4.122827e-19   3.764181e-19   2.098459e-19   6.187110e-21   1.481150e-20   1.447253e-20
         6.1500   4.250439e-21   3.203457e-18   2.468207e-18   3.200938e-18   2.987040e-18   1.851036e-18   5.473742e-19   5.006646e-19   5.059727e-19   3.502430e-19   4.607204e-19   4.346878e-19   3.875778e-19   2.115120e-19   5.967589e-21   1.411974e-20   1.377098e-20
         6.2000   4.062331e-21   3.190357e-18   2.470440e-18   3.150653e-18   2.940218e-18   1.833213e-18   6.299105e-19   5.664271e-19   5.687733e-19   3.777909e-19   4.979357e-19   4.585122e-19   3.994074e-19   2.139679e-19   5.764556e-21   1.347888e-20   1.311383e-20
         6.2500   3.885826e-21   3.171051e-18   2.468658e-18   3.096983e-18   2.888377e-18   1.812256e-18   7.136725e-19   6.317180e-19   6.323846e-19   4.063348e-19   5.370327e-19   4.835147e-19   4.119895e-19   2.173181e-19   5.577195e-21   1.286754e-20   1.249894e-20
         6.3000   3.718188e-21   3.145970e-18   2.463021e-18   3.040415e-18   2.832620e-18   1.788371e-18   7.975045e-19   6.954262e-19   6.955145e-19   4.352286e-19   5.772251e-19   5.093096e-19   4.252772e-19   2.215849e-19   5.404775e-21   1.228505e-20   1.192420e-20
         6.3500   3.557537e-21   3.115540e-18   2.453673e-18   2.981376e-18   2.773822e-18   1.762287e-18   8.802977e-19   7.565266e-19   7.570392e-19   4.638145e-19   6.176274e-19   5.353948e-19   4.391141e-19   2.267109e-19   5.246995e-21   1.175627e-20   1.138761e-20
         6.4000   3.402636e-21   3.080190e-18   2.440752e-18   2.920245e-18   2.712684e-18   1.734546e-18   9.610002e-19   8.140566e-19   8.159894e-19   4.914860e-19   6.573264e-19   5.612039e-19   4.532445e-19   2.325630e-19   5.104840e-21   1.126404e-20   1.088724e-20
         6.4500   3.252708e-21   3.040340e-18   2.424394e-18   2.857358e-18   2.649693e-18   1.704755e-18   1.038655e-18   8.672812e-19   8.715658e-19   5.177205e-19   6.955113e-19   5.861574e-19   4.673465e-19   2.389760e-19   4.982235e-21   1.080791e-20   1.042133e-20
         6.5000   3.107301e-21   2.996407e-18   2.404736e-18   2.793024e-18   2.585023e-18   1.673115e-18   1.112435e-18   9.157201e-19   9.231412e-19   5.421040e-19   7.315698e-19   6.097170e-19   4.810654e-19   2.457909e-19   4.888687e-21   1.038929e-20   9.988187e-21
         6.5500   2.966186e-21   2.948799e-18   2.381927e-18   2.727520e-18   2.518854e-18   1.639824e-18   1.181615e-18   9.590366e-19   9.702529e-19   5.643452e-19   7.650182e-19   6.314884e-19   4.940458e-19   2.528912e-19   4.843590e-21   1.000660e-20   9.586272e-21
         6.6000   2.829273e-21   2.897913e-18   2.356122e-18   2.661104e-18   2.451416e-18   1.605072e-18   1.245589e-18   9.970611e-19   1.012589e-18   5.842629e-19   7.954906e-19   6.511922e-19   5.059881e-19   2.602199e-19   4.881642e-21   9.685824e-21   9.214091e-21
         6.6500   2.696559e-21   2.844180e-18   2.327490e-18   2.594012e-18   2.382973e-18   1.569002e-18   1.303885e-18   1.029797e-18   1.049979e-18   6.017616e-19   8.227310e-19   6.686283e-19   5.166770e-19   2.677669e-19   5.058066e-21   9.440912e-21   8.870340e-21
         6.7000   2.568087e-21   2.787993e-18   2.296210e-18   2.526466e-18   2.313802e-18   1.531774e-18   1.356167e-18   1.057427e-18   1.082408e-18   6.168160e-19   8.465812e-19   6.836678e-19   5.259500e-19   2.755330e-19   5.450579e-21   9.304836e-21   8.553843e-21
         6.7500   2.443916e-21   2.729616e-18   2.262470e-18   2.458667e-18   2.244208e-18   1.494239e-18   1.402072e-18   1.080246e-18   1.109954e-18   6.294558e-19   8.669685e-19   6.962433e-19   5.336914e-19   2.834845e-19   6.157147e-21   9.322663e-21   8.263532e-21
         6.8000   2.324102e-21   2.669390e-18   2.226466e-18   2.390807e-18   2.174554e-18   1.456468e-18   1.441104e-18   1.098552e-18   1.132756e-18   6.397513e-19   8.838926e-19   7.063399e-19   5.398274e-19   2.915375e-19   7.289008e-21   9.549382e-21   7.998446e-21
         6.8500   2.208692e-21   2.607639e-18   2.188400e-18   2.323059e-18   2.105167e-18   1.418216e-18   1.473051e-18   1.112638e-18   1.150999e-18   6.478018e-19   8.974154e-19   7.139860e-19   5.443207e-19   2.996004e-19   8.961218e-21   1.004513e-20   7.757736e-21
         6.9000   2.097712e-21   2.544665e-18   2.148475e-18   2.255587e-18   2.036323e-18   1.379639e-18   1.497972e-18   1.122826e-18   1.164900e-18   6.537359e-19   9.076492e-19   7.192489e-19   5.471656e-19   3.076106e-19   1.128134e-20   1.086824e-20   7.540699e-21
         6.9500   1.991164e-21   2.480753e-18   2.106899e-18   2.188539e-18   1.968248e-18   1.340955e-18   1.516122e-18   1.129448e-18   1.174698e-18   6.577083e-19   9.147405e-19   7.222425e-19   5.483856e-19   3.154543e-19   1.433776e-20   1.206721e-20   7.346702e-21
         7.0000   1.889029e-21   2.416166e-18   2.063874e-18   2.122051e-18   1.901131e-18   1.302347e-18   1.527889e-18   1.132808e-18   1.180628e-18   6.598790e-19   9.188585e-19   7.231003e-19   5.480600e-19   3.230454e-19   1.818961e-20   1.367351e-20   7.175154e-21
         7.0500   1.791265e-21   2.351150e-18   2.019602e-18   2.056248e-18   1.835128e-18   1.263952e-18   1.533666e-18   1.133194e-18   1.182937e-18   6.604069e-19   9.201876e-19   7.219611e-19   5.463070e-19   3.304201e-19   2.286050e-20   1.569636e-20   7.025590e-21
         7.1000   1.697809e-21   2.285930e-18   1.974277e-18   1.991242e-18   1.770367e-18   1.225870e-18   1.533796e-18   1.130891e-18   1.181885e-18   6.594404e-19   9.189213e-19   7.189661e-19   5.432397e-19   3.374274e-19   2.833673e-20   1.812007e-20   6.897551e-21
         7.1500   1.608583e-21   2.220710e-18   1.928091e-18   1.927134e-18   1.706974e-18   1.188183e-18   1.528734e-18   1.126189e-18   1.177738e-18   6.571156e-19   9.152528e-19   7.142576e-19   5.389648e-19   3.439421e-19   3.456865e-20   2.090484e-20   6.790503e-21
         7.2000   1.523489e-21   2.155680e-18   1.881242e-18   1.864015e-18   1.645111e-18   1.150952e-18   1.519010e-18   1.119340e-18   1.170759e-18   6.535567e-19   9.093730e-19   7.079856e-19   5.335853e-19   3.498690e-19   4.147591e-20   2.399060e-20   6.703958e-21
         7.2500   1.442420e-21   2.091009e-18   1.833880e-18   1.801964e-18   1.584891e-18   1.114224e-18   1.505174e-18   1.110559e-18   1.161219e-18   6.488769e-19   9.014756e-19   7.003398e-19   5.272027e-19   3.553687e-19   4.895493e-20   2.730245e-20   6.637665e-21
         7.3000   1.365258e-21   2.026851e-18   1.786163e-18   1.741050e-18   1.526379e-18   1.078038e-18   1.487759e-18   1.100028e-18   1.149423e-18   6.431774e-19   8.917538e-19   6.914966e-19   5.199533e-19   3.602774e-19   5.688713e-20   3.075740e-20   6.591308e-21
         7.3500   1.291876e-21   1.963342e-18   1.738244e-18   1.681335e-18   1.469604e-18   1.042433e-18   1.467269e-18   1.087907e-18   1.135658e-18   6.365487e-19   8.803969e-19   6.816023e-19   5.119839e-19   3.643893e-19   6.514614e-20   3.427236e-20   6.564036e-21
         7.4000   1.222141e-21   1.900605e-18   1.690265e-18   1.622868e-18   1.414576e-18   1.007447e-18   1.444160e-18   1.074339e-18   1.120167e-18   6.290726e-19   8.675885e-19   6.707825e-19   5.034014e-19   3.676426e-19   7.360259e-20   3.776945e-20   6.554863e-21
         7.4500   1.155919e-21   1.838748e-18   1.642357e-18   1.565694e-18   1.361276e-18   9.731643e-19   1.418845e-18   1.059455e-18   1.103162e-18   6.208235e-19   8.535469e-19   6.591483e-19   4.942856e-19   3.699909e-19   8.212480e-20   4.117984e-20   6.562974e-21
         7.5000   1.093071e-21   1.777865e-18   1.594641e-18   1.509846e-18   1.309653e-18   9.398469e-19   1.391703e-18   1.043381e-18   1.084830e-18   6.118706e-19   8.385142e-19   6.468064e-19   4.846997e-19   3.715465e-19   9.058790e-20   4.444579e-20   6.587568e-21
         7.5500   1.033459e-21   1.718038e-18   1.547226e-18   1.455354e-18   1.259654e-18   9.072741e-19   1.363078e-18   1.026232e-18   1.065343e-18   6.022787e-19   8.226776e-19   6.338856e-19   4.746981e-19   3.726110e-19   9.887964e-20   4.752089e-20   6.627464e-21
         7.6000   9.769431e-22   1.659338e-18   1.500213e-18   1.402239e-18   1.211236e-18   8.754613e-19   1.333274e-18   1.008123e-18   1.044855e-18   5.921098e-19   8.061817e-19   6.204993e-19   4.643251e-19   3.727532e-19   1.069029e-19   5.036985e-20   6.680611e-21
         7.6500   9.233876e-22   1.601826e-18   1.453693e-18   1.350515e-18   1.164358e-18   8.444171e-19   1.302557e-18   9.891633e-19   1.023515e-18   5.814234e-19   7.891422e-19   6.067361e-19   4.536224e-19   3.719960e-19   1.145768e-19   5.296947e-20   6.744450e-21
         7.7000   8.726575e-22   1.545551e-18   1.407746e-18   1.300192e-18   1.118986e-18   8.141455e-19   1.271156e-18   9.694580e-19   1.001493e-18   5.702772e-19   7.716565e-19   5.926689e-19   4.426386e-19   3.703757e-19   1.218337e-19   5.530780e-20   6.817226e-21
         7.7500   8.246211e-22   1.490554e-18   1.362445e-18   1.251275e-18   1.075085e-18   7.846480e-19   1.239246e-18   9.491094e-19   9.789458e-19   5.587274e-19   7.538089e-19   5.783608e-19   4.314260e-19   3.679403e-19   1.286110e-19   5.738125e-20   6.897768e-21
         7.8000   7.791500e-22   1.436868e-18   1.317854e-18   1.203764e-18   1.032625e-18   7.559248e-19   1.206953e-18   9.282157e-19   9.560038e-19   5.468287e-19   7.356755e-19   5.638686e-19   4.200382e-19   3.647406e-19   1.348610e-19   5.919201e-20   6.985000e-21
         7.8500   7.361195e-22   1.384519e-18   1.274028e-18   1.157653e-18   9.915751e-19   7.279751e-19   1.174416e-18   9.068709e-19   9.327783e-19   5.346344e-19   7.173219e-19   5.492449e-19   4.085278e-19   3.608319e-19   1.405537e-19   6.074755e-20   7.077731e-21
         7.9000   6.954091e-22   1.333525e-18   1.231015e-18   1.112935e-18   9.519044e-19   7.007961e-19   1.141772e-18   8.851647e-19   9.093647e-19   5.221958e-19   6.988079e-19   5.345411e-19   3.969453e-19   3.564742e-19   1.456735e-19   6.205962e-20   7.175527e-21
         7.9500   6.569027e-22   1.283899e-18   1.188858e-18   1.069599e-18   9.135833e-19   6.743826e-19   1.109151e-18   8.631820e-19   8.858456e-19   5.095626e-19   6.801930e-19   5.198167e-19   3.853393e-19   3.518068e-19   1.502174e-19   6.314222e-20   7.278778e-21
         8.0000   6.204882e-22   1.235647e-18   1.147591e-18   1.027629e-18   8.765819e-19   6.487285e-19   1.076666e-18   8.410028e-19   8.622887e-19   4.967821e-19   6.615354e-19   5.051253e-19   3.737778e-19   3.466037e-19   1.541926e-19   6.401003e-20   7.387941e-21
         8.0500   5.860585e-22   1.188772e-18   1.107244e-18   9.870083e-19   8.408700e-19   6.238278e-19   1.044416e-18   8.187021e-19   8.387519e-19   4.838995e-19   6.428902e-19   4.905108e-19   3.623315e-19   3.409319e-19   1.576147e-19   6.467932e-20   7.503734e-21
         8.1000   5.535107e-22   1.143271e-18   1.067839e-18   9.477180e-19   8.064174e-19   5.996739e-19   1.012486e-18   7.963496e-19   8.152877e-19   4.709574e-19   6.243090e-19   4.760103e-19   3.510469e-19   3.348632e-19   1.605063e-19   6.516743e-20   7.627984e-21
         8.1500   5.227465e-22   1.099137e-18   1.029395e-18   9.097361e-19   7.731937e-19   5.762596e-19   9.809451e-19   7.740100e-19   7.919443e-19   4.579958e-19   6.058457e-19   4.616558e-19   3.399543e-19   3.284618e-19   1.628965e-19   6.549123e-20   7.763157e-21
         8.2000   4.936718e-22   1.056360e-18   9.919261e-19   8.730395e-19   7.411683e-19   5.535771e-19   9.498519e-19   7.517426e-19   7.687663e-19   4.450520e-19   5.875531e-19   4.474761e-19   3.290738e-19   3.217801e-19   1.648190e-19   6.566614e-20   7.911558e-21
         8.2500   4.661971e-22   1.014927e-18   9.554416e-19   8.376034e-19   7.103105e-19   5.316180e-19   9.192546e-19   7.296018e-19   7.457953e-19   4.321604e-19   5.694716e-19   4.334994e-19   3.184194e-19   3.148654e-19   1.663100e-19   6.570686e-20   8.075188e-21
         8.3000   4.402371e-22   9.748211e-19   9.199471e-19   8.034019e-19   6.805894e-19   5.103731e-19   8.891928e-19   7.076386e-19   7.230694e-19   4.193528e-19   5.516336e-19   4.197478e-19   3.080002e-19   3.077601e-19   1.674077e-19   6.562755e-20   8.256131e-21
         8.3500   4.157106e-22   9.360242e-19   8.854449e-19   7.704080e-19   6.519742e-19   4.898323e-19   8.596990e-19   6.858962e-19   7.006255e-19   4.066580e-19   5.340656e-19   4.062376e-19   2.978205e-19   3.005001e-19   1.681517e-19   6.544176e-20   8.456707e-21
         8.4000   3.925402e-22   8.985156e-19   8.519338e-19   7.385938e-19   6.244342e-19   4.699846e-19   8.307995e-19   6.644147e-19   6.784952e-19   3.941034e-19   5.167902e-19   3.929818e-19   2.878821e-19   2.931211e-19   1.685828e-19   6.516219e-20   8.679001e-21
         8.4500   3.706526e-22   8.622728e-19   8.194102e-19   7.079308e-19   5.979386e-19   4.508183e-19   8.025156e-19   6.432298e-19   6.567071e-19   3.817132e-19   4.998270e-19   3.799914e-19   2.781863e-19   2.856577e-19   1.687449e-19   6.480095e-20   8.925086e-21
         8.5000   3.499783e-22   8.272719e-19   7.878675e-19   6.783900e-19   5.724568e-19   4.323207e-19   7.748643e-19   6.223732e-19   6.352874e-19   3.695066e-19   4.831969e-19   3.672760e-19   2.687340e-19   2.781427e-19   1.686804e-19   6.436951e-20   9.197102e-21
         8.5500   3.304510e-22   7.934875e-19   7.572972e-19   6.499420e-19   5.479587e-19   4.144787e-19   7.478587e-19   6.018727e-19   6.142596e-19   3.575024e-19   4.669113e-19   3.548486e-19   2.595266e-19   2.706065e-19   1.684288e-19   6.387857e-20   9.497024e-21
         8.6000   3.120081e-22   7.608932e-19   7.276886e-19   6.225573e-19   5.244140e-19   3.972785e-19   7.215089e-19   5.817524e-19   5.936441e-19   3.457168e-19   4.509831e-19   3.427130e-19   2.505714e-19   2.630780e-19   1.680272e-19   6.333846e-20   9.826615e-21
         8.6500   2.945902e-22   7.294619e-19   6.990293e-19   5.962062e-19   5.017933e-19   3.807058e-19   6.958222e-19   5.620330e-19   5.734587e-19   3.341643e-19   4.354237e-19   3.308756e-19   2.418646e-19   2.557162e-19   1.675109e-19   6.275909e-20   1.018774e-20
         8.7000   2.781410e-22   6.991655e-19   6.713053e-19   5.708590e-19   4.800671e-19   3.647457e-19   6.708032e-19   5.427322e-19   5.537185e-19   3.228569e-19   4.202423e-19   3.193422e-19   2.334076e-19   2.484168e-19   1.669220e-19   6.214963e-20   1.058221e-20
         8.7500   2.626072e-22   6.699756e-19   6.445014e-19   5.464860e-19   4.592066e-19   3.493833e-19   6.464545e-19   5.238647e-19   5.344362e-19   3.118052e-19   4.054467e-19   3.081180e-19   2.252020e-19   2.411965e-19   1.662827e-19   6.151880e-20   1.101162e-20
         8.8000   2.479384e-22   6.418634e-19   6.186011e-19   5.230579e-19   4.391834e-19   3.346031e-19   6.227768e-19   5.054426e-19   5.156220e-19   3.010178e-19   3.910430e-19   2.972069e-19   2.172491e-19   2.340765e-19   1.656226e-19   6.087540e-20   1.147770e-20
         8.8500   2.340868e-22   6.147997e-19   5.935869e-19   5.005454e-19   4.199696e-19   3.203897e-19   5.997690e-19   4.874752e-19   4.972841e-19   2.905019e-19   3.770360e-19   2.866120e-19   2.095499e-19   2.270752e-19   1.649697e-19   6.022794e-20   1.198244e-20
         8.9000   2.210072e-22   5.887554e-19   5.694406e-19   4.789198e-19   4.015378e-19   3.067273e-19   5.774283e-19   4.699701e-19   4.794285e-19   2.802632e-19   3.634287e-19   2.763354e-19   2.021050e-19   2.202076e-19   1.643507e-19   5.958440e-20   1.252787e-20
         8.9500   2.086569e-22   5.637011e-19   5.461432e-19   4.581526e-19   3.838613e-19   2.936002e-19   5.557507e-19   4.529325e-19   4.620597e-19   2.703060e-19   3.502231e-19   2.663785e-19   1.949146e-19   2.134858e-19   1.637908e-19   5.895228e-20   1.311594e-20
         9.0000   1.969954e-22   5.396078e-19   5.236751e-19   4.382157e-19   3.669138e-19   2.809928e-19   5.347308e-19   4.363658e-19   4.451800e-19   2.606336e-19   3.374199e-19   2.567416e-19   1.879784e-19   2.069205e-19   1.633141e-19   5.833885e-20   1.374865e-20
