# CIE bound-bound cooling efficiency for S (Z=16)
# Source: CHIANTI v11.0.2 via ChiantiPy ion.boundBoundLoss
# Units: erg cm^3 / s, per ion per electron, low-density limit (n_e = 1 cm^-3)
# T grid: 121 log-spaced points, 10^3.00 K -> 10^9.00 K
# Generated by pyathena/photchem/data/build_cool_tables.py
#
# log_T_K        L_S0           L_S1           L_S2           L_S3           L_S4           L_S5           L_S6           L_S7           L_S8           L_S9           L_S10          L_S11          L_S12          L_S13          L_S14          L_S15          L_S16        
         3.0000   6.790586e-23   7.754747e-28   3.527006e-20   5.615103e-20   3.696243e-70   1.012764e-83   0.000000e+00   1.110411e-26   2.505474e-25   5.772672e-71   2.610474e-23   1.705418e-28  2.424047e-145  1.684858e-158   0.000000e+00   0.000000e+00   0.000000e+00
         3.0500   8.105454e-23   7.480104e-27   3.600210e-20   6.155581e-20   1.643502e-64   1.575831e-76   0.000000e+00   5.084706e-26   8.277671e-25   2.278468e-65   5.564095e-23   1.266375e-27  1.407340e-131  2.803386e-143   0.000000e+00   0.000000e+00   0.000000e+00
         3.1000   9.550925e-23   5.598410e-26   3.647440e-20   6.640036e-20   1.771043e-59   4.051042e-70   0.000000e+00   1.961534e-25   2.389395e-24   2.212465e-60   1.085664e-22   7.526541e-27  2.461109e-119  1.025174e-129   0.000000e+00   0.000000e+00   0.000000e+00
         3.1500   1.111687e-22   3.341556e-25   3.670129e-20   7.060358e-20   5.393323e-55   2.090677e-64   0.000000e+00   6.495090e-25   6.116142e-24   6.151457e-56   1.958672e-22   3.668828e-26  1.894634e-108  1.247996e-117   0.000000e+00   0.000000e+00   0.000000e+00
         3.2000   1.279487e-22   1.629953e-24   3.670838e-20   7.411715e-20   5.322767e-51   2.576920e-59   0.000000e+00   1.877001e-24   1.406727e-23   5.606639e-52   3.297495e-22   1.499030e-25   9.087741e-99  7.321977e-107   0.000000e+00   0.000000e+00   0.000000e+00
         3.2500   1.458828e-22   6.640664e-24   3.653360e-20   7.692236e-20   1.923584e-47   8.856782e-55   0.000000e+00   4.804856e-24   2.941560e-23   1.889934e-48   5.224914e-22   5.234531e-25   3.722600e-90   2.879169e-97   0.000000e+00   0.000000e+00   0.000000e+00
         3.3000   1.652582e-22   2.304162e-23   3.622589e-20   7.902555e-20   2.838364e-44   9.745672e-51   0.000000e+00   1.104028e-23   5.650694e-23   2.623879e-45   7.854798e-22   1.589484e-24   1.725743e-82   1.018082e-88   0.000000e+00   0.000000e+00   0.000000e+00
         3.3500   1.867155e-22   6.928575e-23   3.584829e-20   8.045306e-20   1.884401e-41   3.883575e-47   0.000000e+00   2.304029e-23   1.006455e-22   1.651514e-42   1.128801e-21   4.262487e-24   1.160414e-75   4.206849e-81   0.000000e+00   0.000000e+00   0.000000e+00
         3.4000   2.111628e-22   1.833951e-22   3.547943e-20   8.124617e-20   6.137890e-39   6.255813e-44   0.000000e+00   4.413405e-23   1.675775e-22   5.133930e-40   1.561455e-21   1.023522e-23   1.406636e-69   2.565800e-74   0.000000e+00   0.000000e+00   0.000000e+00
         3.4500   2.409313e-22   4.333543e-22   3.520940e-20   8.145638e-20   1.059543e-36   4.493286e-41   0.000000e+00   7.832719e-23   2.627407e-22   8.507887e-38   2.091895e-21   2.228004e-23   3.719219e-64   2.844633e-68   0.000000e+00   0.000000e+00   0.000000e+00
         3.5000   2.865238e-22   9.257797e-22   3.512388e-20   8.114128e-20   1.038355e-34   1.570619e-38  2.056325e-288   1.298790e-22   3.904253e-22   8.046197e-36   2.728324e-21   4.445355e-23   2.536573e-59   6.903155e-63   0.000000e+00   0.000000e+00   0.000000e+00
         3.5500   3.635646e-22   1.808617e-21   3.529891e-20   8.036116e-20   6.142251e-33   2.888678e-36  5.890348e-259   2.027196e-22   5.530255e-22   4.614811e-34   3.478278e-21   8.210083e-23   5.175243e-55   4.328034e-58   0.000000e+00   0.000000e+00   0.000000e+00
         3.6000   4.727664e-22   3.264750e-21   3.579219e-20   7.917624e-20   2.316293e-31   2.996965e-34  1.051437e-232   2.998305e-22   7.505363e-22   1.694559e-32   4.347303e-21   1.416007e-22   3.602419e-51   8.129145e-54   0.000000e+00   0.000000e+00   0.000000e+00
         3.6500   6.041822e-22   5.496408e-21   3.664083e-20   7.764466e-20   5.846446e-30   1.866305e-32  2.608968e-209   4.227278e-22   9.803867e-22   4.181177e-31   5.336995e-21   2.298702e-22   9.616107e-48   5.220683e-50   0.000000e+00   0.000000e+00   0.000000e+00
         3.7000   7.651619e-22   8.703681e-21   3.787639e-20   7.582102e-20   1.031507e-28   7.373087e-31  1.839641e-188   5.711567e-22   1.237620e-21   7.237830e-30   6.442977e-21   3.537223e-22   1.092254e-44   1.290048e-46   0.000000e+00   0.000000e+00   0.000000e+00
         3.7500   9.748241e-22   1.306259e-20   3.951213e-20   7.375548e-20   1.322353e-27   1.941453e-29  6.971495e-170   7.430479e-22   1.515365e-21   9.134584e-29   7.653470e-21   5.192143e-22   5.791328e-42   1.362758e-43   0.000000e+00   0.000000e+00   0.000000e+00
         3.8000   1.241800e-21   1.870798e-20   4.154245e-20   7.149335e-20   1.275095e-26   3.560724e-28  2.505473e-153   9.347232e-22   1.805506e-21   8.698339e-28   8.948961e-21   7.311221e-22   1.556479e-39   6.759345e-41   0.000000e+00   0.000000e+00   0.000000e+00
         3.8500   1.566601e-21   2.572450e-20   4.394969e-20   6.907523e-20   9.539879e-26   4.730810e-27  1.416557e-138   1.141288e-21   2.099469e-21   6.443758e-27   1.030314e-20   9.926354e-22   2.281632e-37   1.711087e-38   0.000000e+00   0.000000e+00   0.000000e+00
         3.9000   1.942777e-21   3.412809e-20   4.670628e-20   6.653833e-20   5.695776e-25   4.715453e-26  1.978123e-125   1.357128e-21   2.389072e-21   3.816419e-26   1.168499e-20   1.305307e-21   1.947137e-35   2.380284e-36   0.000000e+00   0.000000e+00   0.000000e+00
         3.9500   2.362597e-21   4.379901e-20   4.977702e-20   6.391998e-20   2.784610e-24   3.637980e-25  1.019828e-113   1.576414e-21   2.667437e-21   1.851729e-25   1.306179e-20   1.669232e-21   1.025153e-33   1.942639e-34   0.000000e+00   0.000000e+00   0.000000e+00
         4.0000   2.846717e-21   5.447016e-20   5.312480e-20   6.126567e-20   1.141885e-23   2.233763e-24  2.777396e-103   1.793559e-21   2.929928e-21   7.522661e-25   1.440246e-20   2.083395e-21   3.506372e-32   9.855774e-33   0.000000e+00   0.000000e+00   0.000000e+00
         4.0500   3.425385e-21   6.577375e-20   5.672053e-20   5.864405e-20   4.018352e-23   1.119017e-23   5.498450e-94   2.003569e-21   3.175060e-21   2.609241e-24   1.568111e-20   2.546099e-21   8.158341e-31   3.271523e-31   0.000000e+00   0.000000e+00   0.000000e+00
         4.1000   4.094629e-21   7.744568e-20   6.056192e-20   5.617114e-20   1.240389e-22   4.676050e-23   1.051737e-85   2.202281e-21   3.405206e-21   7.863214e-24   1.688010e-20   3.055400e-21   1.345439e-29   7.434568e-30   0.000000e+00   0.000000e+00   0.000000e+00
         4.1500   4.832941e-21   8.939472e-20   6.469913e-20   5.404385e-20   3.427633e-22   1.662450e-22   2.504853e-78   2.386474e-21   3.626859e-21   2.091402e-23   1.799229e-20   3.609485e-21   1.631474e-28   1.204156e-28   0.000000e+00   0.000000e+00   0.000000e+00
         4.2000   5.610807e-21   1.017539e-19   6.927049e-20   5.258032e-20   8.622139e-22   5.118119e-22   9.312326e-72   2.553894e-21   3.850276e-21   4.978803e-23   1.902206e-20   4.206945e-21   1.503119e-27   1.440730e-27   0.000000e+00   0.000000e+00   0.000000e+00
         4.2500   6.393369e-21   1.146491e-19   7.455161e-20   5.226304e-20   2.000239e-21   1.386165e-21   6.611642e-66   2.703187e-21   4.088457e-21   1.074269e-22   1.998460e-20   4.846924e-21   1.083537e-26   1.314698e-26   0.000000e+00   0.000000e+00   0.000000e+00
         4.3000   7.143779e-21   1.281391e-19   8.102098e-20   5.378163e-20   4.319607e-21   3.349554e-21   1.073234e-60   2.833788e-21   4.355650e-21   2.124488e-22   2.090359e-20   5.529144e-21   6.273859e-26   9.414809e-26   0.000000e+00   0.000000e+00   0.000000e+00
         4.3500   7.853977e-21   1.428475e-19   8.943063e-20   5.807543e-20   8.735697e-21   7.312629e-21   4.677949e-56   2.945782e-21   4.665704e-21   3.889101e-22   2.180760e-20   6.253860e-21   2.987406e-25   5.427939e-25   0.000000e+00   0.000000e+00   0.000000e+00
         4.4000   8.623089e-21   1.608696e-19   1.008664e-19   6.637911e-20   1.660263e-20   1.458564e-20   6.323137e-52   3.039748e-21   5.030682e-21   6.647939e-22   2.272592e-20   7.021807e-21   1.194909e-24   2.577721e-24   0.000000e+00   0.000000e+00   0.000000e+00
         4.4500   9.558581e-21   1.846835e-19   1.167757e-19   8.027435e-20   2.973227e-20   2.684541e-20   3.014496e-48   3.116613e-21   5.460027e-21   1.069279e-21   2.368448e-20   7.834321e-21   4.092980e-24   1.029251e-23   0.000000e+00   0.000000e+00   0.000000e+00
         4.5000   1.073621e-20   2.160753e-19   1.389283e-19   1.017441e-19   5.036251e-20   4.600092e-20   5.680795e-45   3.177513e-21   5.960396e-21   1.629182e-21   2.470264e-20   8.693742e-21   1.222321e-23   3.519443e-23   0.000000e+00   0.000000e+00   0.000000e+00
         4.5500   1.213685e-20   2.568836e-19   1.693258e-19   1.332112e-19   8.101091e-20   7.396984e-20   4.683768e-42   3.223685e-21   6.536079e-21   2.365245e-21   2.579082e-20   9.604212e-21   3.237390e-23   1.047723e-22   0.000000e+00   0.000000e+00   0.000000e+00
         4.6000   1.351498e-20   3.089430e-19   2.100248e-19   1.775245e-19   1.242347e-19   1.124090e-19   1.849344e-39   3.256367e-21   7.189718e-21   3.289221e-21   2.694896e-20   1.057289e-20   7.733493e-23   2.755795e-22   0.000000e+00   0.000000e+00   0.000000e+00
         4.6500   1.466050e-20   3.737820e-19   2.628795e-19   2.378411e-19   1.823527e-19   1.624724e-19   3.788779e-37   3.276753e-21   7.922024e-21   4.402994e-21   2.816561e-20   1.161169e-20   1.694460e-22   6.489528e-22  4.483278e-293  1.729098e-316   0.000000e+00
         4.7000   1.550504e-20   4.524096e-19   3.292443e-19   3.173628e-19   2.571888e-19   2.246381e-19   4.322298e-35   3.286051e-21   8.725970e-21   5.701353e-21   2.941815e-20   1.273998e-20   3.461903e-22   1.384467e-21  2.802178e-263  2.592362e-282   0.000000e+00
         4.7500   1.609323e-20   5.451804e-19   4.097786e-19   4.189266e-19   3.498555e-19   2.986294e-19   2.923138e-33   3.285822e-21   9.589467e-21   7.180098e-21   3.067537e-20   1.398901e-20   6.694694e-22   2.704290e-21  1.004530e-236  1.129286e-253   0.000000e+00
         4.8000   1.667531e-20   6.517481e-19   5.042977e-19   5.445133e-19   4.605045e-19   3.834381e-19   1.241221e-31   3.278973e-21   1.050104e-20   8.850321e-21   3.190430e-20   1.540855e-20   1.239949e-21   4.882489e-21  4.655585e-213  3.760267e-228   0.000000e+00
         4.8500   1.737115e-20   7.711000e-19   6.117031e-19   6.947897e-19   5.883270e-19   4.774347e-19   3.483995e-30   3.271993e-21   1.145733e-20   1.075743e-20   3.313118e-20   1.707499e-20   2.215564e-21   8.217330e-21  5.755425e-192  2.088175e-205   0.000000e+00
         4.9000   1.800526e-20   9.016508e-19   7.299959e-19   8.687927e-19   7.316663e-19   5.785524e-19   6.767858e-29   3.278935e-21   1.247466e-20   1.300030e-20   3.450505e-20   1.910671e-20   3.828978e-21   1.299039e-20  3.618389e-173  3.876592e-185   0.000000e+00
         4.9500   1.842680e-20   1.041374e-18   8.564867e-19   1.063819e-18   8.881906e-19   6.845257e-19   9.477467e-28   3.327155e-21   1.360450e-20   1.574340e-20   3.626507e-20   2.172430e-20   6.394628e-21   1.942114e-20  2.055475e-156  4.471417e-167   0.000000e+00
         5.0000   1.856642e-20   1.187952e-18   9.880491e-19   1.275582e-18   1.055103e-18   7.930768e-19   9.921384e-27   3.463713e-21   1.495803e-20   1.921450e-20   3.873720e-20   2.524000e-20   1.029923e-20   2.762785e-20  1.760257e-141  5.567630e-151   0.000000e+00
         5.0500   1.842144e-20   1.338923e-18   1.121395e-18   1.498607e-18   1.229354e-18   9.020612e-19   8.020152e-26   3.760195e-21   1.670462e-20   2.368418e-20   4.231759e-20   3.002855e-20   1.597254e-20   3.760295e-20  3.584799e-128  1.224515e-136   0.000000e+00
         5.1000   1.805278e-20   1.494894e-18   1.253382e-18   1.726736e-18   1.407820e-18   1.009564e-18   5.154379e-25   4.313228e-21   1.905644e-20   2.942861e-20   4.743501e-20   3.650045e-20   2.383453e-20   4.920528e-20  2.605526e-116  7.377670e-124   0.000000e+00
         5.1500   1.752251e-20   1.651990e-18   1.381224e-18   1.953695e-18   1.587416e-18   1.113941e-18   2.702995e-24   5.238757e-21   2.224588e-20   3.668301e-20   5.444964e-20   4.506700e-20   3.423383e-20   6.217289e-20  9.706660e-106  1.800563e-112   0.000000e+00
         5.2000   1.688075e-20   1.807679e-18   1.502606e-18   2.173578e-18   1.765086e-18   1.213803e-18   1.183651e-23   6.660289e-21   2.649581e-20   4.559625e-20   6.357067e-20   5.608991e-20   4.739208e-20   7.615030e-20   2.559363e-96  2.522529e-102   0.000000e+00
         5.2500   1.616725e-20   1.959657e-18   1.615802e-18   2.381252e-18   1.937953e-18   1.307963e-18   4.417497e-23   8.694316e-21   3.198808e-20   5.619695e-20   7.488204e-20   6.973327e-20   6.336854e-20   9.072404e-20   6.368675e-88   2.767876e-93   0.000000e+00
         5.3000   1.541285e-20   2.105628e-18   1.719849e-18   2.572668e-18   2.103411e-18   1.395411e-18   1.430424e-22   1.143918e-20   3.882095e-20   6.837805e-20   8.833068e-20   8.595619e-20   8.202870e-20   1.054598e-19   1.933392e-80   3.137704e-85   0.000000e+00
         5.3500   1.462130e-20   2.246825e-18   1.814311e-18   2.744929e-18   2.259184e-18   1.475505e-18   4.081315e-22   1.497569e-20   4.699923e-20   8.190213e-20   1.037286e-19   1.045418e-19   1.030309e-19   1.199378e-19   9.005214e-74   4.703573e-78   0.000000e+00
         5.4000   1.373881e-20   2.381215e-18   1.899131e-18   2.896247e-18   2.403370e-18   1.547914e-18   1.039664e-21   1.938750e-20   5.644959e-20   9.642550e-20   1.207742e-19   1.251127e-19   1.258697e-19   1.337856e-19   7.896104e-68   1.161809e-71   0.000000e+00
         5.4500   1.274812e-20   2.505964e-18   1.974673e-18   3.025887e-18   2.534545e-18   1.612553e-18   2.392041e-21   2.480492e-20   6.705433e-20   1.115374e-19   1.390856e-19   1.471648e-19   1.499262e-19   1.466941e-19   1.562913e-62   5.752869e-66   0.000000e+00
         5.5000   1.166720e-20   2.620460e-18   2.041977e-18   3.133977e-18   2.651985e-18   1.669563e-18   5.026365e-21   3.146649e-20   7.870994e-20   1.268098e-19   1.582366e-19   1.701139e-19   1.745263e-19   1.584260e-19   8.207739e-58   6.800980e-61   0.000000e+00
         5.5500   1.054626e-20   2.724359e-18   2.102149e-18   3.221299e-18   2.755370e-18   1.719280e-18   9.742887e-21   3.977926e-20   9.140370e-20   1.418542e-19   1.778032e-19   1.933575e-19   1.989984e-19   1.688163e-19   1.320624e-53   2.243043e-56   0.000000e+00
         5.6000   9.481364e-21   2.817532e-18   2.156146e-18   3.289107e-18   2.844658e-18   1.762141e-18   1.757583e-20   5.035851e-20   1.052929e-19   1.563956e-19   1.974197e-19   2.163338e-19   2.227278e-19   1.777676e-19   7.399918e-50   2.371214e-52   0.000000e+00
         5.6500   8.529372e-21   2.900023e-18   2.204831e-18   3.338956e-18   2.920030e-18   1.798336e-18   2.974015e-20   6.402709e-20   1.207614e-19   1.703356e-19   2.168379e-19   2.385768e-19   2.451965e-19   1.852453e-19   1.618093e-46   9.092949e-49   0.000000e+00
         5.7000   7.708646e-21   2.972001e-18   2.249139e-18   3.372557e-18   2.981843e-18   1.828034e-18   4.753131e-20   8.175111e-20   1.384267e-19   1.837840e-19   2.359802e-19   2.597672e-19   2.660110e-19   1.912778e-19   1.527799e-43   1.412318e-45   0.000000e+00
         5.7500   7.016266e-21   3.033732e-18   2.289739e-18   3.391662e-18   3.030453e-18   1.851469e-18   7.218678e-20   1.045184e-19   1.591037e-19   1.970623e-19   2.549749e-19   2.797723e-19   2.849243e-19   1.959481e-19   6.822488e-41   9.802649e-43   0.000000e+00
         5.8000   6.438770e-21   3.085540e-18   2.326996e-18   3.397980e-18   3.065872e-18   1.868840e-18   1.047222e-19   1.332037e-19   1.837110e-19   2.106430e-19   2.741532e-19   2.986673e-19   3.018491e-19   1.993904e-19   1.563160e-38   3.318873e-40   0.000000e+00
         5.8500   5.958603e-21   3.127793e-18   2.360836e-18   3.393119e-18   3.088287e-18   1.880360e-18   1.457829e-19   1.684301e-19   2.131347e-19   2.250391e-19   2.940331e-19   3.167264e-19   3.168615e-19   2.017883e-19   1.975947e-36   5.926531e-38   0.000000e+00
         5.9000   5.557785e-21   3.160884e-18   2.390475e-18   3.378550e-18   3.098152e-18   1.886523e-18   1.955304e-19   2.104224e-19   2.480799e-19   2.407617e-19   3.152770e-19   3.343793e-19   3.301890e-19   2.033717e-19   1.470104e-34   5.984485e-36   0.000000e+00
         5.9500   5.219826e-21   3.185224e-18   2.415426e-18   3.355591e-18   3.096129e-18   1.887645e-18   2.535844e-19   2.589679e-19   2.889410e-19   2.582497e-19   3.385532e-19   3.521498e-19   3.421804e-19   2.044073e-19   6.819218e-33   3.636273e-34   0.000000e+00
         6.0000   4.930560e-21   3.201228e-18   2.435562e-18   3.325403e-18   3.083035e-18   1.884179e-18   3.190295e-19   3.134075e-19   3.357190e-19   2.778092e-19   3.644195e-19   3.705720e-19   3.532835e-19   2.051826e-19   2.075825e-31   1.405312e-32   0.000000e+00
         6.0500   4.678359e-21   3.209316e-18   2.450953e-18   3.288996e-18   3.059792e-18   1.876471e-18   3.906025e-19   3.726642e-19   3.879996e-19   2.996054e-19   3.932306e-19   3.900988e-19   3.639955e-19   2.059956e-19   4.340056e-30   3.629736e-31   0.000000e+00
         6.1000   4.454014e-21   3.209914e-18   2.461764e-18   3.247245e-18   3.027378e-18   1.865410e-18   4.670668e-19   4.354483e-19   4.449809e-19   3.236180e-19   4.250837e-19   4.110306e-19   3.747760e-19   2.071476e-19   6.490211e-29   6.548818e-30   0.000000e+00
         6.1500   4.250439e-21   3.203449e-18   2.468188e-18   3.200902e-18   2.986963e-18   1.850916e-18   5.471810e-19   5.004071e-19   5.055433e-19   3.496183e-19   4.598229e-19   4.334723e-19   3.859897e-19   2.088952e-19   7.200186e-28   8.585821e-29   0.000000e+00
         6.2000   4.062331e-21   3.190349e-18   2.470420e-18   3.150615e-18   2.940140e-18   1.833092e-18   6.297163e-19   5.661673e-19   5.683469e-19   3.771757e-19   4.970579e-19   4.573290e-19   3.978679e-19   2.114246e-19   6.122702e-27   8.473037e-28   0.000000e+00
         6.2500   3.885826e-21   3.171043e-18   2.468638e-18   3.096944e-18   2.888298e-18   1.812134e-18   7.134770e-19   6.314551e-19   6.319598e-19   4.057268e-19   5.361715e-19   4.823597e-19   4.104930e-19   2.148407e-19   4.108795e-26   6.495181e-27   0.000000e+00
         6.3000   3.718188e-21   3.145961e-18   2.463000e-18   3.040375e-18   2.832539e-18   1.788248e-18   7.973076e-19   6.951594e-19   6.950900e-19   4.346259e-19   5.763776e-19   5.081788e-19   4.238184e-19   2.191661e-19   2.233291e-25   3.977480e-26   0.000000e+00
         6.3500   3.557537e-21   3.115532e-18   2.453652e-18   2.981335e-18   2.773740e-18   1.762162e-18   8.800991e-19   7.562550e-19   7.566136e-19   4.632150e-19   6.167906e-19   5.342841e-19   4.376878e-19   2.243435e-19   1.006247e-24   1.994894e-25   0.000000e+00
         6.4000   3.402636e-21   3.080181e-18   2.440730e-18   2.920202e-18   2.712600e-18   1.734420e-18   9.607999e-19   8.137797e-19   8.155614e-19   4.908878e-19   6.564975e-19   5.601096e-19   4.518455e-19   2.302400e-19   3.836815e-24   8.378181e-25   0.000000e+00
         6.4500   3.252708e-21   3.040331e-18   2.424371e-18   2.857314e-18   2.649607e-18   1.704628e-18   1.038453e-18   8.669982e-19   8.711341e-19   5.171216e-19   6.946874e-19   5.850755e-19   4.659697e-19   2.366904e-19   1.260975e-23   3.004954e-24   0.000000e+00
         6.5000   3.107301e-21   2.996398e-18   2.404713e-18   2.792979e-18   2.584936e-18   1.672986e-18   1.112230e-18   9.154306e-19   9.227047e-19   5.415027e-19   7.307483e-19   6.086439e-19   4.797059e-19   2.435363e-19   3.630691e-23   9.365999e-24   0.000000e+00
         6.5500   2.966186e-21   2.948789e-18   2.381903e-18   2.727474e-18   2.518765e-18   1.639694e-18   1.181407e-18   9.587402e-19   9.698107e-19   5.637398e-19   7.641964e-19   6.304204e-19   4.926988e-19   2.506613e-19   9.292408e-23   2.576358e-23   0.000000e+00
         6.6000   2.829273e-21   2.897903e-18   2.356098e-18   2.661056e-18   2.451326e-18   1.604939e-18   1.245378e-18   9.967574e-19   1.012140e-18   5.836518e-19   7.946661e-19   6.501258e-19   5.046489e-19   2.580088e-19   2.141706e-22   6.340694e-23   0.000000e+00
         6.6500   2.696559e-21   2.844170e-18   2.327466e-18   2.593963e-18   2.382880e-18   1.568866e-18   1.303671e-18   1.029486e-18   1.049523e-18   6.011437e-19   8.219016e-19   6.675602e-19   5.153410e-19   2.655687e-19   4.497084e-22   1.413231e-22   0.000000e+00
         6.7000   2.568087e-21   2.787983e-18   2.296185e-18   2.526415e-18   2.313708e-18   1.531636e-18   1.355950e-18   1.057108e-18   1.081944e-18   6.161901e-19   8.457450e-19   6.825951e-19   5.246129e-19   2.733414e-19   8.692969e-22   2.883412e-22   0.000000e+00
         6.7500   2.443916e-21   2.729605e-18   2.262444e-18   2.458615e-18   2.244111e-18   1.494098e-18   1.401850e-18   1.079919e-18   1.109482e-18   6.288209e-19   8.661238e-19   6.951634e-19   5.323495e-19   2.812940e-19   1.561455e-21   5.437049e-22   0.000000e+00
         6.8000   2.324102e-21   2.669380e-18   2.226440e-18   2.390753e-18   2.174455e-18   1.456324e-18   1.440877e-18   1.098217e-18   1.132275e-18   6.391067e-19   8.830379e-19   7.052506e-19   5.384773e-19   2.893436e-19   2.628107e-21   9.555736e-22   0.000000e+00
         6.8500   2.208692e-21   2.607628e-18   2.188373e-18   2.323004e-18   2.105066e-18   1.418067e-18   1.472818e-18   1.112295e-18   1.150509e-18   6.471466e-19   8.965494e-19   7.128851e-19   5.429593e-19   2.973995e-19   4.175780e-21   1.577174e-21   0.000000e+00
         6.9000   2.097712e-21   2.544654e-18   2.148448e-18   2.255530e-18   2.036219e-18   1.379486e-18   1.497733e-18   1.122475e-18   1.164400e-18   6.530697e-19   9.067708e-19   7.181347e-19   5.457903e-19   3.053996e-19   6.304874e-21   2.461019e-21   0.000000e+00
         6.9500   1.991164e-21   2.480742e-18   2.106871e-18   2.188480e-18   1.968141e-18   1.340797e-18   1.515877e-18   1.129088e-18   1.174189e-18   6.570305e-19   9.138488e-19   7.211134e-19   5.469940e-19   3.132300e-19   9.098996e-21   3.652181e-21   0.000000e+00
         7.0000   1.889029e-21   2.416155e-18   2.063845e-18   2.121991e-18   1.901021e-18   1.302184e-18   1.527636e-18   1.132439e-18   1.180109e-18   6.591891e-19   9.179526e-19   7.219551e-19   5.466500e-19   3.208049e-19   1.261622e-20   5.181875e-21   0.000000e+00
         7.0500   1.791265e-21   2.351139e-18   2.019572e-18   2.056186e-18   1.835015e-18   1.263783e-18   1.533405e-18   1.132815e-18   1.182407e-18   6.597041e-19   9.192668e-19   7.207985e-19   5.448769e-19   3.281610e-19   1.688354e-20   7.062537e-21   0.000000e+00
         7.1000   1.697809e-21   2.285918e-18   1.974246e-18   1.991178e-18   1.770251e-18   1.225695e-18   1.533525e-18   1.130502e-18   1.181344e-18   6.587240e-19   9.179846e-19   7.177850e-19   5.417878e-19   3.351477e-19   2.189470e-20   9.285221e-21   0.000000e+00
         7.1500   1.608583e-21   2.220699e-18   1.928060e-18   1.927068e-18   1.706854e-18   1.188001e-18   1.528453e-18   1.125789e-18   1.177184e-18   6.563844e-19   9.142991e-19   7.130567e-19   5.374896e-19   3.416403e-19   2.761086e-20   1.181965e-20   0.000000e+00
         7.2000   1.523489e-21   2.155669e-18   1.881210e-18   1.863947e-18   1.644986e-18   1.150763e-18   1.518719e-18   1.118929e-18   1.170192e-18   6.528095e-19   9.084009e-19   7.067635e-19   5.320852e-19   3.475440e-19   3.396500e-20   1.461677e-20   0.000000e+00
         7.2500   1.442420e-21   2.090998e-18   1.833846e-18   1.801893e-18   1.584762e-18   1.114026e-18   1.504871e-18   1.110136e-18   1.160636e-18   6.481123e-19   9.004834e-19   6.990946e-19   5.256757e-19   3.530197e-19   4.086782e-20   1.761342e-20   0.000000e+00
         7.3000   1.365258e-21   2.026839e-18   1.786129e-18   1.740976e-18   1.526244e-18   1.077832e-18   1.487444e-18   1.099591e-18   1.148824e-18   6.423937e-19   8.907397e-19   6.902261e-19   5.183970e-19   3.579027e-19   4.821434e-20   2.073910e-20   0.000000e+00
         7.3500   1.291876e-21   1.963330e-18   1.738209e-18   1.681257e-18   1.469465e-18   1.042218e-18   1.466939e-18   1.087455e-18   1.135042e-18   6.357440e-19   8.793586e-19   6.803040e-19   5.103954e-19   3.619865e-19   5.589042e-20   2.392282e-20   0.000000e+00
         7.4000   1.222141e-21   1.900593e-18   1.690228e-18   1.622787e-18   1.414430e-18   1.007222e-18   1.443816e-18   1.073871e-18   1.119531e-18   6.282447e-19   8.665236e-19   6.694535e-19   5.017775e-19   3.652084e-19   6.377766e-20   2.709699e-20   0.000000e+00
         7.4500   1.155919e-21   1.838736e-18   1.642319e-18   1.565609e-18   1.361124e-18   9.729290e-19   1.418485e-18   1.058969e-18   1.102505e-18   6.199700e-19   8.524525e-19   6.577853e-19   4.926226e-19   3.675218e-19   7.175470e-20   3.020089e-20   0.000000e+00
         7.5000   1.093071e-21   1.777853e-18   1.594601e-18   1.509758e-18   1.309494e-18   9.396003e-19   1.391327e-18   1.042875e-18   1.084150e-18   6.109889e-19   8.373871e-19   6.454058e-19   4.829934e-19   3.690387e-19   7.970543e-20   3.318306e-20   0.000000e+00
         7.5500   1.033459e-21   1.718026e-18   1.547184e-18   1.455262e-18   1.259488e-18   9.070154e-19   1.362684e-18   1.025706e-18   1.064637e-18   6.013660e-19   8.215145e-19   6.324433e-19   4.729438e-19   3.700600e-19   8.752409e-20   3.600238e-20   0.000000e+00
         7.6000   9.769431e-22   1.659325e-18   1.500169e-18   1.402142e-18   1.211062e-18   8.751896e-19   1.332861e-18   1.007575e-18   1.044121e-18   5.911631e-19   8.049789e-19   6.190109e-19   4.625178e-19   3.701539e-19   9.511767e-20   3.862818e-20   0.000000e+00
         7.6500   9.233876e-22   1.601813e-18   1.453647e-18   1.350413e-18   1.164176e-18   8.441317e-19   1.302124e-18   9.885905e-19   1.022751e-18   5.804395e-19   7.878957e-19   6.051969e-19   4.517564e-19   3.693425e-19   1.024071e-19   4.103954e-20   0.000000e+00
         7.7000   8.726575e-22   1.545537e-18   1.407698e-18   1.300086e-18   1.118794e-18   8.138452e-19   1.270701e-18   9.688589e-19   1.000696e-18   5.692528e-19   7.703621e-19   5.910737e-19   4.407079e-19   3.676616e-19   1.093250e-19   4.322416e-20   0.000000e+00
         7.7500   8.246211e-22   1.490539e-18   1.362395e-18   1.251163e-18   1.074884e-18   7.843317e-19   1.238767e-18   9.484819e-19   9.781127e-19   5.576590e-19   7.524623e-19   5.767042e-19   4.294242e-19   3.651585e-19   1.158076e-19   4.517693e-20   0.000000e+00
         7.8000   7.791500e-22   1.436853e-18   1.317801e-18   1.203646e-18   1.032414e-18   7.555916e-19   1.206450e-18   9.275577e-19   9.551320e-19   5.457126e-19   7.342718e-19   5.621450e-19   4.179585e-19   3.618833e-19   1.218051e-19   4.689840e-20   0.000000e+00
         7.8500   7.361195e-22   1.384503e-18   1.273972e-18   1.157529e-18   9.913524e-19   7.276237e-19   1.173886e-18   9.061802e-19   9.318648e-19   5.334667e-19   7.158564e-19   5.474482e-19   4.063630e-19   3.578907e-19   1.272841e-19   4.839345e-20   0.000000e+00
         7.9000   6.954091e-22   1.333509e-18   1.230957e-18   1.112804e-18   9.516698e-19   7.004256e-19   1.141214e-18   8.844389e-19   9.084064e-19   5.209724e-19   6.972754e-19   5.326651e-19   3.946879e-19   3.534405e-19   1.322252e-19   4.966998e-20   0.000000e+00
         7.9500   6.569027e-22   1.283882e-18   1.188796e-18   1.069460e-18   9.133360e-19   6.739918e-19   1.108563e-18   8.624186e-19   8.848392e-19   5.082791e-19   6.785882e-19   5.178548e-19   3.829814e-19   3.486714e-19   1.366214e-19   5.073789e-20   0.000000e+00
         8.0000   6.204882e-22   1.235630e-18   1.147526e-18   1.027483e-18   8.763210e-19   6.483161e-19   1.076046e-18   8.401992e-19   8.612306e-19   4.954341e-19   6.598526e-19   5.030705e-19   3.713111e-19   3.433570e-19   1.404752e-19   5.160823e-20   0.000000e+00
         8.0500   5.860585e-22   1.188754e-18   1.107175e-18   9.868541e-19   8.405946e-19   6.233924e-19   1.043763e-18   8.178555e-19   8.376385e-19   4.824824e-19   6.411234e-19   4.883559e-19   3.597472e-19   3.375637e-19   1.437975e-19   5.229263e-20   0.000000e+00
         8.1000   5.535107e-22   1.143252e-18   1.067766e-18   9.475550e-19   8.061267e-19   5.992142e-19   1.011798e-18   7.954572e-19   8.141151e-19   4.694662e-19   6.224521e-19   4.737477e-19   3.483359e-19   3.313624e-19   1.466059e-19   5.280279e-20   0.000000e+00
         8.1500   5.227465e-22   1.099117e-18   1.029318e-18   9.095639e-19   7.728866e-19   5.757741e-19   9.802191e-19   7.730687e-19   7.907086e-19   4.564253e-19   6.038923e-19   4.592777e-19   3.371071e-19   3.248170e-19   1.489257e-19   5.315024e-20   0.000000e+00
         8.2000   4.936718e-22   1.056339e-18   9.918450e-19   8.728575e-19   7.408438e-19   5.530643e-19   9.490861e-19   7.507492e-19   7.674632e-19   4.433968e-19   5.854963e-19   4.449740e-19   3.260805e-19   3.179793e-19   1.507864e-19   5.334617e-20   0.000000e+00
         8.2500   4.661971e-22   1.014905e-18   9.553559e-19   8.374110e-19   7.099675e-19   5.310762e-19   9.184468e-19   7.285530e-19   7.444203e-19   4.304149e-19   5.673044e-19   4.308648e-19   3.152695e-19   3.108959e-19   1.522204e-19   5.340129e-20   0.000000e+00
         8.3000   4.402371e-22   9.747979e-19   9.198566e-19   8.031984e-19   6.802268e-19   5.098004e-19   8.883405e-19   7.065294e-19   7.216179e-19   4.175109e-19   5.493484e-19   4.169715e-19   3.046828e-19   3.036089e-19   1.532620e-19   5.332588e-20   0.000000e+00
         8.3500   4.157106e-22   9.359998e-19   8.853491e-19   7.701927e-19   6.515908e-19   4.892269e-19   8.587995e-19   6.847228e-19   6.990912e-19   4.047135e-19   5.316546e-19   4.033101e-19   2.943241e-19   2.961532e-19   1.539467e-19   5.312973e-20   0.000000e+00
         8.4000   3.925402e-22   8.984899e-19   8.518325e-19   7.383660e-19   6.240285e-19   4.693446e-19   8.298501e-19   6.631731e-19   6.768722e-19   3.920485e-19   5.142452e-19   3.898930e-19   2.841947e-19   2.885640e-19   1.543118e-19   5.282221e-20   0.000000e+00
         8.4500   3.706526e-22   8.622457e-19   8.193030e-19   7.076897e-19   5.975094e-19   4.501416e-19   8.015134e-19   6.419160e-19   6.549899e-19   3.795392e-19   4.971393e-19   3.767306e-19   2.742952e-19   2.808751e-19   1.543975e-19   5.241229e-20   0.000000e+00
         8.5000   3.499783e-22   8.272432e-19   7.877540e-19   6.781348e-19   5.720027e-19   4.316050e-19   7.738060e-19   6.209827e-19   6.334703e-19   3.672063e-19   4.803537e-19   3.638322e-19   2.646260e-19   2.731183e-19   1.542426e-19   5.190857e-20   0.000000e+00
         8.5500   3.304510e-22   7.934572e-19   7.571771e-19   6.496720e-19   5.474780e-19   4.137217e-19   7.467411e-19   6.004009e-19   6.123364e-19   3.550680e-19   4.639029e-19   3.512057e-19   2.551876e-19   2.653236e-19   1.538835e-19   5.131932e-20   0.000000e+00
         8.6000   3.120081e-22   7.608612e-19   7.275615e-19   6.222714e-19   5.239053e-19   3.964776e-19   7.203285e-19   5.801943e-19   5.916085e-19   3.431402e-19   4.477995e-19   3.388582e-19   2.459809e-19   2.575187e-19   1.533543e-19   5.065250e-20   0.000000e+00
         8.6500   2.945902e-22   7.294280e-19   6.988947e-19   5.959035e-19   5.012547e-19   3.798584e-19   6.945752e-19   5.603836e-19   5.713038e-19   3.314367e-19   4.320540e-19   3.267960e-19   2.370069e-19   2.498567e-19   1.526871e-19   4.991576e-20   0.000000e+00
         8.7000   2.781410e-22   6.991297e-19   6.711629e-19   5.705385e-19   4.794969e-19   3.638491e-19   6.694856e-19   5.409859e-19   5.514371e-19   3.199693e-19   4.166753e-19   3.150242e-19   2.282663e-19   2.422349e-19   1.519122e-19   4.911645e-20   0.000000e+00
         8.7500   2.626072e-22   6.699378e-19   6.443506e-19   5.461466e-19   4.586029e-19   3.484345e-19   6.450622e-19   5.220156e-19   5.320206e-19   3.087480e-19   4.016704e-19   3.035470e-19   2.197599e-19   2.346714e-19   1.510582e-19   4.826162e-20   0.000000e+00
         8.8000   2.479384e-22   6.418233e-19   6.184414e-19   5.226985e-19   4.385441e-19   3.335990e-19   6.213053e-19   5.034845e-19   5.130642e-19   2.977807e-19   3.870449e-19   2.923676e-19   2.114879e-19   2.271864e-19   1.501521e-19   4.735802e-20   0.000000e+00
         8.8500   2.340868e-22   6.147573e-19   5.934178e-19   5.001648e-19   4.192927e-19   3.193269e-19   5.982136e-19   4.854018e-19   4.945756e-19   2.870741e-19   3.728026e-19   2.814882e-19   2.034504e-19   2.197971e-19   1.492195e-19   4.641208e-20   0.000000e+00
         8.9000   2.210072e-22   5.887105e-19   5.692615e-19   4.785168e-19   4.008209e-19   3.056023e-19   5.757840e-19   4.677743e-19   4.765604e-19   2.766333e-19   3.589460e-19   2.709100e-19   1.956467e-19   2.125170e-19   1.482843e-19   4.542990e-20   0.000000e+00
         8.9500   2.086569e-22   5.636536e-19   5.459534e-19   4.577257e-19   3.831021e-19   2.924093e-19   5.540121e-19   4.506071e-19   4.590223e-19   2.664619e-19   3.454761e-19   2.606335e-19   1.880761e-19   2.053570e-19   1.473694e-19   4.441728e-20   0.000000e+00
         9.0000   1.969954e-22   5.395574e-19   5.234742e-19   4.377635e-19   3.661097e-19   2.797321e-19   5.328923e-19   4.339031e-19   4.419633e-19   2.565625e-19   3.323928e-19   2.506578e-19   1.807368e-19   1.983263e-19   1.464962e-19   4.337966e-20   0.000000e+00
