# CIE bound-bound cooling efficiency for Si (Z=14)
# Source: CHIANTI v11.0.2 via ChiantiPy ion.boundBoundLoss
# Units: erg cm^3 / s, per ion per electron, low-density limit (n_e = 1 cm^-3)
# T grid: 121 log-spaced points, 10^3.00 K -> 10^9.00 K
# Generated by pyathena/photchem/data/build_cool_tables.py
#
# log_T_K        L_Si0          L_Si1          L_Si2          L_Si3          L_Si4          L_Si5          L_Si6          L_Si7          L_Si8          L_Si9          L_Si10         L_Si11         L_Si12         L_Si13         L_Si14       
         3.0000   0.000000e+00   3.286493e-20   2.365266e-50   5.930806e-62   0.000000e+00   8.432863e-24   5.328483e-23   4.253529e-62   4.348305e-21   1.224839e-23  2.159297e-126  2.743836e-138   0.000000e+00   0.000000e+00   0.000000e+00
         3.0500   0.000000e+00   3.240401e-20   8.818807e-47   4.058567e-57   0.000000e+00   1.775660e-23   9.544517e-23   2.052311e-57   6.121511e-21   3.451515e-23  9.471147e-115  2.913392e-125   0.000000e+00   0.000000e+00   0.000000e+00
         3.1000   0.000000e+00   3.178944e-20   1.333746e-43   8.232455e-53   0.000000e+00   3.430438e-23   1.598300e-22   3.046512e-53   8.258006e-21   8.635141e-23  2.209567e-104  1.178125e-113   0.000000e+00   0.000000e+00   0.000000e+00
         3.1500   0.000000e+00   3.104653e-20   9.020804e-41   5.648213e-49   0.000000e+00   6.138519e-23   2.520439e-22   1.581492e-49   1.072753e-20   1.943008e-22   3.787639e-95  2.589002e-103   0.000000e+00   0.000000e+00   0.000000e+00
         3.2000   0.000000e+00   3.019903e-20   2.976200e-38   1.474454e-45   0.000000e+00   1.026072e-22   3.767094e-22   3.218318e-46   1.347831e-20   3.977689e-22   6.363761e-87   4.245026e-94   0.000000e+00   0.000000e+00   0.000000e+00
         3.2500   0.000000e+00   2.926883e-20   5.175094e-36   1.626522e-42  1.401120e-312   1.614259e-22   5.367020e-22   2.842449e-43   1.644267e-20   7.485124e-22   1.354227e-79   6.889764e-86   0.000000e+00   0.000000e+00   0.000000e+00
         3.3000   0.000000e+00   2.827573e-20   5.080576e-34   8.325783e-40  1.508612e-280   2.406464e-22   7.326014e-22   1.193048e-40   1.954337e-20   1.306636e-21   4.584278e-73   1.424388e-78   0.000000e+00   0.000000e+00   0.000000e+00
         3.3500   0.000000e+00   2.723744e-20   2.994002e-32   2.149541e-37  5.006250e-252   3.419890e-22   9.624627e-22   2.580129e-38   2.269960e-20   2.133245e-21   3.022495e-67   4.697714e-72   0.000000e+00   0.000000e+00   0.000000e+00
         3.4000   0.000000e+00   2.616955e-20   1.118436e-30   3.015158e-35  1.310087e-226   4.658091e-22   1.221940e-21   3.089891e-36   2.583192e-20   3.281062e-21   4.645600e-62   3.021352e-66   0.000000e+00   0.000000e+00   0.000000e+00
         3.4500   0.000000e+00   2.508564e-20   2.780176e-29   2.455281e-33  5.880984e-204   6.110187e-22   1.504716e-21   2.185037e-34   2.886596e-20   4.785081e-21   1.952559e-57   4.533070e-61   0.000000e+00   0.000000e+00   0.000000e+00
         3.5000   0.000000e+00   2.399740e-20   4.802258e-28   1.231338e-31  9.053052e-184   7.752054e-22   1.803149e-21   9.661635e-33   3.173506e-20   6.655376e-21   2.585635e-53   1.861405e-56   0.000000e+00   0.000000e+00   0.000000e+00
         3.5500   0.000000e+00   2.291477e-20   5.992299e-27   4.008766e-30  8.860867e-166   9.549084e-22   2.109014e-21   2.811100e-31   3.438191e-20   8.873575e-21   1.223291e-49   2.411750e-52   0.000000e+00   0.000000e+00   0.000000e+00
         3.6000   0.000000e+00   2.184619e-20   5.594869e-26   8.879530e-29  9.560514e-150   1.145984e-21   2.414232e-21   5.632256e-30   3.675954e-20   1.139353e-20   2.311885e-46   1.118940e-48   0.000000e+00   0.000000e+00   0.000000e+00
         3.6500   0.000000e+00   2.079906e-20   4.037861e-25   1.395375e-27  1.856918e-135   1.343995e-21   2.711502e-21   8.092206e-29   3.883174e-20   1.414575e-20   1.927259e-43   2.079932e-45   0.000000e+00   0.000000e+00   0.000000e+00
         3.7000   0.000000e+00   1.978108e-20   2.322348e-24   1.614795e-26  1.005064e-122   1.544568e-21   2.994816e-21   8.643954e-28   4.057304e-20   1.704441e-20   7.740068e-41   1.711323e-42   0.000000e+00   0.000000e+00   0.000000e+00
         3.7500   0.000000e+00   1.880360e-20   1.093110e-23   1.422712e-25  2.237551e-111   1.743675e-21   3.259864e-21   7.089179e-27   4.196833e-20   1.999566e-20   1.619831e-38   6.808121e-40   0.000000e+00   0.000000e+00   0.000000e+00
         3.8000   0.000000e+00   1.788929e-20   4.310818e-23   9.830457e-25  2.898480e-101   1.937837e-21   3.504438e-21   4.593845e-26   4.301208e-20   2.290561e-20   1.894505e-36   1.416368e-37   0.000000e+00   0.000000e+00   0.000000e+00
         3.8500   0.000000e+00   1.708745e-20   1.454588e-22   5.469914e-24   2.975680e-92   2.124223e-21   3.728932e-21   2.413037e-25   4.370754e-20   2.568736e-20   1.318035e-34   1.652003e-35   0.000000e+00   0.000000e+00   0.000000e+00
         3.9000   0.000000e+00   1.650031e-20   4.277272e-22   2.509543e-23   3.188500e-84   2.300683e-21   3.937003e-21   1.051167e-24   4.406578e-20   2.826606e-20   5.767187e-33   1.149275e-33   0.000000e+00   0.000000e+00   0.000000e+00
         3.9500   0.000000e+00   1.632271e-20   1.112796e-21   9.695524e-23   4.557435e-77   2.465713e-21   4.136310e-21   3.875704e-24   4.410494e-20   3.058211e-20   1.668130e-31   5.039324e-32   0.000000e+00   0.000000e+00   0.000000e+00
         4.0000   0.000000e+00   1.689407e-20   2.592423e-21   3.214155e-22   1.081366e-70   2.618375e-21   4.339047e-21   1.231712e-23   4.384961e-20   3.259251e-20   3.334674e-30   1.462955e-30   0.000000e+00   0.000000e+00   0.000000e+00
         4.0500   0.000000e+00   1.875723e-20   5.478622e-21   9.297201e-22   5.176847e-65   2.758192e-21   4.561877e-21   3.429378e-23   4.333016e-20   3.427060e-20   4.794218e-29   2.938264e-29   0.000000e+00   0.000000e+00   0.000000e+00
         4.1000   0.000000e+00   2.271408e-20   1.063900e-20   2.381847e-21   5.951572e-60   2.885036e-21   4.824905e-21   8.487607e-23   4.258194e-20   3.560471e-20   5.136680e-28   4.246361e-28   0.000000e+00   0.000000e+00   0.000000e+00
         4.1500   0.000000e+00   2.986627e-20   1.920652e-20   5.476957e-21   1.919442e-55   2.999014e-21   5.149600e-21   1.891720e-22   4.164394e-20   3.659605e-20   4.234270e-27   4.573719e-27   0.000000e+00   0.000000e+00   0.000000e+00
         4.2000   0.000000e+00   4.162837e-20   3.256731e-20   1.143918e-20   1.993979e-51   3.100357e-21   5.555876e-21   3.841078e-22   4.055700e-20   3.725624e-20   2.763021e-26   3.788761e-26   0.000000e+00   0.000000e+00   0.000000e+00
         4.2500   0.000000e+00   5.970117e-20   5.232689e-20   2.193287e-20   7.547511e-48   3.189332e-21   6.058802e-21   7.178594e-22   3.936182e-20   3.760479e-20   1.464160e-25   2.482606e-25   0.000000e+00   0.000000e+00   0.000000e+00
         4.3000   0.000000e+00   8.599423e-20   8.025359e-20   3.897384e-20   1.162099e-44   3.266165e-21   6.665469e-21   1.246166e-21   3.809732e-20   3.766677e-20   6.446869e-25   1.319525e-24   0.000000e+00   0.000000e+00   0.000000e+00
         4.3500   0.000000e+00   1.225013e-19   1.182372e-19   6.473374e-20   8.030854e-42   3.330983e-21   7.372391e-21   2.025681e-21   3.679991e-20   3.747102e-20   2.408040e-24   5.818170e-24   0.000000e+00   0.000000e+00   0.000000e+00
         4.4000   0.000000e+00   1.711401e-19   1.682174e-19   1.012718e-19   2.719717e-39   3.383776e-21   8.163614e-21   3.105568e-21   3.550416e-20   3.704909e-20   7.776249e-24   2.171392e-23   0.000000e+00   0.000000e+00   0.000000e+00
         4.4500   0.000000e+00   2.335762e-19   2.320657e-19   1.502532e-19   4.882675e-37   3.424374e-21   9.014730e-21   4.519356e-21   3.424460e-20   3.643515e-20   2.209901e-23   6.983419e-23   0.000000e+00   0.000000e+00   0.000000e+00
         4.5000   0.000000e+00   3.110616e-19   3.114323e-19   2.127168e-19   4.986486e-35   3.452452e-21   9.902982e-21   6.279576e-21   3.305847e-20   3.566694e-20   5.621783e-23   1.966710e-22  7.769476e-312   0.000000e+00   0.000000e+00
         4.5500   0.000000e+00   4.043029e-19   4.075593e-19   2.889391e-19   3.084612e-33   3.467566e-21   1.080434e-20   8.377346e-21   3.198938e-20   3.478791e-20   1.301742e-22   4.920113e-22  5.584065e-280  1.500277e-303   0.000000e+00
         4.6000   0.000000e+00   5.133738e-19   5.210784e-19   3.784356e-19   1.221786e-31   3.469290e-21   1.169628e-20   1.078534e-20   3.109424e-20   3.385073e-20   2.788544e-22   1.107459e-21  1.368630e-251  1.335596e-272   0.000000e+00
         4.6500   0.000000e+00   6.376955e-19   6.518223e-19   4.800465e-19   3.253787e-30   3.457622e-21   1.256316e-20   1.346853e-20   3.045027e-20   3.292279e-20   5.609718e-22   2.268606e-21  2.733454e-226  5.093884e-245   0.000000e+00
         4.7000   0.000000e+00   7.760486e-19   7.987876e-19   5.920780e-19   6.080024e-29   3.434047e-21   1.340391e-20   1.640316e-20   3.012859e-20   3.209414e-20   1.072961e-21   4.272683e-21  9.648646e-204  1.934232e-220   0.000000e+00
         4.7500   0.000000e+00   9.266516e-19   9.606278e-19   7.124703e-19   8.275248e-28   3.403861e-21   1.423609e-20   1.960044e-20   3.022548e-20   3.149469e-20   1.967623e-21   7.466420e-21  1.199973e-183  1.550467e-198   0.000000e+00
         4.8000   0.000000e+00   1.087336e-18   1.135612e-18   8.389610e-19   8.488731e-27   3.380396e-21   1.509658e-20   2.312961e-20   3.089552e-20   3.133299e-20   3.472977e-21   1.220495e-20  9.722246e-166  5.126713e-179   0.000000e+00
         4.8500   0.000000e+00   1.255710e-18   1.321563e-18   9.692262e-19   6.767099e-26   3.391245e-21   1.606468e-20   2.713328e-20   3.235877e-20   3.189950e-20   5.906043e-21   1.879936e-20  8.871901e-150  1.270410e-161   0.000000e+00
         4.9000   0.000000e+00   1.429346e-18   1.515912e-18   1.100999e-18   4.308516e-25   3.485502e-21   1.727522e-20   3.184150e-20   3.488201e-20   3.356825e-20   9.676679e-21   2.746492e-20  1.484743e-135  4.016956e-146   0.000000e+00
         4.9500   0.000000e+00   1.605823e-18   1.715763e-18   1.232178e-18   2.245062e-24   3.739771e-21   1.892130e-20   3.755689e-20   3.873835e-20   3.679158e-20   1.526462e-20   3.828003e-20  7.033666e-123  2.604341e-132   0.000000e+00
         5.0000   0.000000e+00   1.782778e-18   1.918028e-18   1.360934e-18   9.786368e-24   4.260297e-21   2.124377e-20   4.461420e-20   4.425839e-20   4.208327e-20   2.317356e-20   5.116569e-20  1.388824e-111  5.283918e-120   0.000000e+00
         5.0500   0.000000e+00   1.957959e-18   2.119768e-18   1.485669e-18   3.639731e-23   5.179838e-21   2.451061e-20   5.332855e-20   5.178650e-20   4.996929e-20   3.387129e-20   6.588836e-20  1.614365e-101  4.890205e-109   0.000000e+00
         5.1000   0.000000e+00   2.129233e-18   2.318191e-18   1.604997e-18   1.175674e-22   6.651108e-21   2.898954e-20   6.394216e-20   6.160624e-20   6.084273e-20   4.773331e-20   8.208288e-20   1.503081e-92   2.888560e-99   0.000000e+00
         5.1500   0.000000e+00   2.294639e-18   2.510657e-18   1.717753e-18   3.350972e-22   8.842204e-21   3.490588e-20   7.658156e-20   7.390316e-20   7.493513e-20   6.497312e-20   9.928886e-20   1.475466e-84   1.469056e-90   0.000000e+00
         5.2000   0.000000e+00   2.452518e-18   2.694762e-18   1.822977e-18   8.545242e-22   1.194030e-20   4.241398e-20   9.122437e-20   8.874556e-20   9.228677e-20   8.556068e-20   1.169936e-19   1.951734e-77   8.400186e-83   0.000000e+00
         5.2500   0.000000e+00   2.601496e-18   2.868395e-18   1.919935e-18   1.973463e-21   1.617389e-20   5.159079e-20   1.076973e-19   1.060801e-19   1.127203e-19   1.092229e-19   1.346824e-19   4.332323e-71   6.850644e-76   0.000000e+00
         5.3000   0.000000e+00   2.740485e-18   3.029720e-18   2.008150e-18   4.171961e-21   2.185192e-20   6.245890e-20   1.257069e-19   1.256737e-19   1.358416e-19   1.354629e-19   1.518782e-19   1.961330e-65   9.850042e-70   0.000000e+00
         5.3500   0.000000e+00   2.868691e-18   3.176917e-18   2.087379e-18   8.149872e-21   2.941060e-20   7.504037e-20   1.448957e-19   1.471428e-19   1.610785e-19   1.636011e-19   1.681682e-19   2.152557e-60   3.016289e-64   0.000000e+00
         5.4000   0.000000e+00   2.985578e-18   3.308497e-18   2.157559e-18   1.483382e-20   3.945040e-20   8.943198e-20   1.649217e-19   1.700293e-19   1.877842e-19   1.928325e-19   1.832215e-19   6.679607e-56   2.327961e-59   0.000000e+00
         5.4500   0.000000e+00   3.090844e-18   3.423455e-18   2.218767e-18   2.534019e-20   5.274345e-20   1.058771e-19   1.855503e-19   1.938725e-19   2.152814e-19   2.223112e-19   1.967963e-19   6.721027e-52   5.261707e-55   0.000000e+00
         5.5000   0.000000e+00   3.184380e-18   3.521253e-18   2.271253e-18   4.089149e-20   7.020622e-20   1.248114e-19   2.067447e-19   2.182906e-19   2.429280e-19   2.512512e-19   2.087397e-19   2.477144e-48   3.981123e-51   0.000000e+00
         5.5500   0.000000e+00   3.266239e-18   3.601779e-18   2.315274e-18   6.269130e-20   9.281743e-20   1.468774e-19   2.287245e-19   2.430586e-19   2.701929e-19   2.789784e-19   2.189811e-19   3.727076e-45   1.135947e-47   0.000000e+00
         5.6000   0.000000e+00   3.336601e-18   3.665288e-18   2.351060e-18   9.177618e-20   1.214812e-19   1.728745e-19   2.519553e-19   2.681652e-19   2.967235e-19   3.049820e-19   2.275262e-19   2.521989e-42   1.359180e-44   0.000000e+00
         5.6500   0.000000e+00   3.395739e-18   3.712342e-18   2.378992e-18   1.288698e-19   1.568810e-19   2.036530e-19   2.771202e-19   2.938302e-19   3.223904e-19   3.289524e-19   2.344522e-19   8.371527e-40   7.495709e-42   0.000000e+00
         5.7000   0.000000e+00   3.444005e-18   3.743745e-18   2.399578e-18   1.742655e-19   1.993381e-19   2.399729e-19   3.050365e-19   3.204957e-19   3.472985e-19   3.508016e-19   2.399043e-19   1.472972e-37   2.072610e-39   0.000000e+00
         5.7500   0.000000e+00   3.481800e-18   3.760482e-18   2.412894e-18   2.277789e-19   2.487181e-19   2.823531e-19   3.365230e-19   3.487451e-19   3.717562e-19   3.706606e-19   2.440903e-19   1.471922e-35   3.096960e-37   0.000000e+00
         5.8000   0.000000e+00   3.509565e-18   3.763631e-18   2.419179e-18   2.888307e-19   3.044221e-19   3.309562e-19   3.722524e-19   3.791851e-19   3.962096e-19   3.888512e-19   2.472716e-19   8.883177e-34   2.673260e-35   0.000000e+00
         5.8500   0.000000e+00   3.527768e-18   3.754303e-18   2.418853e-18   3.564792e-19   3.654729e-19   3.855384e-19   4.126250e-19   4.123240e-19   4.211575e-19   4.057946e-19   2.497465e-19   3.419828e-32   1.414604e-33   0.000000e+00
         5.9000   0.000000e+00   3.536898e-18   3.733607e-18   2.412991e-18   4.294830e-19   4.306200e-19   4.454425e-19   4.577127e-19   4.484641e-19   4.470514e-19   4.219206e-19   2.518336e-19   8.817172e-31   4.838340e-32   0.000000e+00
         5.9500   0.000000e+00   3.537455e-18   3.702637e-18   2.401263e-18   5.063900e-19   4.984925e-19   5.096411e-19   5.072125e-19   4.876391e-19   4.742037e-19   4.376461e-19   2.538846e-19   1.589784e-29   1.121243e-30   0.000000e+00
         6.0000   0.000000e+00   3.529949e-18   3.662428e-18   2.384067e-18   5.856316e-19   5.676853e-19   5.768200e-19   5.604542e-19   5.296401e-19   5.027232e-19   4.533171e-19   2.562320e-19   2.083852e-28   1.836088e-29   0.000000e+00
         6.0500   0.000000e+00   3.514894e-18   3.613911e-18   2.361806e-18   6.656137e-19   6.368122e-19   6.455307e-19   6.164622e-19   5.740073e-19   5.324995e-19   4.691604e-19   2.591430e-19   2.056156e-27   2.205706e-28   0.000000e+00
         6.1000   0.000000e+00   3.492808e-18   3.558024e-18   2.334865e-18   7.447979e-19   7.045577e-19   7.143873e-19   6.740462e-19   6.200504e-19   5.632627e-19   4.852581e-19   2.628007e-19   1.575486e-26   2.009894e-27   0.000000e+00
         6.1500   0.000000e+00   3.464207e-18   3.495719e-18   2.304982e-18   8.217972e-19   7.697403e-19   7.820884e-19   7.319310e-19   6.669110e-19   5.945881e-19   5.016019e-19   2.672962e-19   9.637944e-26   1.431802e-26   0.000000e+00
         6.2000   0.000000e+00   3.429605e-18   3.427925e-18   2.271994e-18   8.954860e-19   8.313173e-19   8.474635e-19   7.890014e-19   7.136360e-19   6.259337e-19   5.181339e-19   2.726325e-19   4.825000e-25   8.197334e-26   0.000000e+00
         6.2500   0.000000e+00   3.389509e-18   3.355526e-18   2.235847e-18   9.649438e-19   8.885098e-19   9.095109e-19   8.442962e-19   7.592631e-19   6.566965e-19   5.346862e-19   2.787300e-19   2.020784e-24   3.866025e-25   0.000000e+00
         6.3000   0.000000e+00   3.344418e-18   3.279385e-18   2.196693e-18   1.029443e-18   9.408436e-19   9.674165e-19   8.969853e-19   8.029648e-19   6.862653e-19   5.510050e-19   2.854534e-19   7.220804e-24   1.535287e-24   0.000000e+00
         6.3500   0.000000e+00   3.294820e-18   3.200450e-18   2.154716e-18   1.088444e-18   9.880766e-19   1.020558e-18   9.463840e-19   8.440570e-19   7.140855e-19   5.667847e-19   2.926485e-19   2.240261e-23   5.234693e-24   0.000000e+00
         6.4000   0.000000e+00   3.241189e-18   3.119521e-18   2.110159e-18   1.141590e-18   1.030117e-18   1.068500e-18   9.919537e-19   8.819842e-19   7.397541e-19   5.817004e-19   3.001802e-19   6.129649e-23   1.558933e-23   0.000000e+00
         6.4500   0.000000e+00   3.183983e-18   3.037222e-18   2.063326e-18   1.188651e-18   1.067036e-18   1.111004e-18   1.033296e-18   9.163249e-19   7.629661e-19   5.954510e-19   3.079598e-19   1.499853e-22   4.116878e-23   0.000000e+00
         6.5000   0.000000e+00   3.123644e-18   2.954053e-18   2.014549e-18   1.229449e-18   1.099001e-18   1.148037e-18   1.070141e-18   9.467874e-19   7.834934e-19   6.077906e-19   3.159362e-19   3.323198e-22   9.769958e-23   0.000000e+00
         6.5500   0.000000e+00   3.060592e-18   2.870422e-18   1.965617e-18   1.263960e-18   1.126224e-18   1.179671e-18   1.102335e-18   9.731989e-19   8.011822e-19   6.185187e-19   3.240540e-19   6.742456e-22   2.108063e-22   0.000000e+00
         6.6000   0.000000e+00   2.995228e-18   2.786678e-18   1.915834e-18   1.292306e-18   1.148909e-18   1.206057e-18   1.129829e-18   9.954922e-19   8.159473e-19   6.274804e-19   3.322309e-19   1.265133e-21   4.178446e-22   0.000000e+00
         6.6500   0.000000e+00   2.927932e-18   2.703115e-18   1.865392e-18   1.314726e-18   1.167248e-18   1.227396e-18   1.152661e-18   1.013695e-18   8.277650e-19   6.345676e-19   3.403627e-19   2.214558e-21   7.677736e-22   0.000000e+00
         6.7000   0.000000e+00   2.859059e-18   2.619989e-18   1.814509e-18   1.331535e-18   1.181432e-18   1.243932e-18   1.170938e-18   1.027943e-18   8.366650e-19   6.397175e-19   3.483397e-19   3.644418e-21   1.318352e-21   0.000000e+00
         6.7500   0.000000e+00   2.788943e-18   2.537509e-18   1.763376e-18   1.343107e-18   1.191687e-18   1.255929e-18   1.184823e-18   1.038423e-18   8.427316e-19   6.429101e-19   3.560903e-19   5.677292e-21   2.130643e-21   0.000000e+00
         6.8000   0.000000e+00   2.717895e-18   2.455865e-18   1.712168e-18   1.349878e-18   1.198258e-18   1.263653e-18   1.194521e-18   1.045348e-18   8.461146e-19   6.441656e-19   3.635383e-19   8.423187e-21   3.261635e-21   0.000000e+00
         6.8500   0.000000e+00   2.646201e-18   2.375235e-18   1.661062e-18   1.352285e-18   1.201407e-18   1.267384e-18   1.200278e-18   1.048943e-18   8.469820e-19   6.436018e-19   3.705964e-19   1.196720e-20   4.756376e-21   0.000000e+00
         6.9000   0.000000e+00   2.574128e-18   2.295778e-18   1.610217e-18   1.350748e-18   1.201445e-18   1.267416e-18   1.202412e-18   1.049441e-18   8.455044e-19   6.414199e-19   3.772237e-19   1.636024e-20   6.641242e-21   0.000000e+00
         6.9500   0.000000e+00   2.501917e-18   2.217631e-18   1.559777e-18   1.345663e-18   1.198704e-18   1.264043e-18   1.201240e-18   1.047080e-18   8.418512e-19   6.377911e-19   3.834594e-19   2.161409e-20   8.919613e-21   0.000000e+00
         7.0000   0.000000e+00   2.429791e-18   2.140919e-18   1.509874e-18   1.337396e-18   1.193484e-18   1.257556e-18   1.197052e-18   1.042114e-18   8.361896e-19   6.328541e-19   3.891270e-19   2.770193e-20   1.157068e-20   0.000000e+00
         7.0500   0.000000e+00   2.357950e-18   2.065747e-18   1.460619e-18   1.326283e-18   1.186033e-18   1.248297e-18   1.190120e-18   1.034786e-18   8.287044e-19   6.267227e-19   3.941514e-19   3.456354e-20   1.455132e-20   0.000000e+00
         7.1000   0.000000e+00   2.286577e-18   1.992204e-18   1.412105e-18   1.312633e-18   1.176561e-18   1.236690e-18   1.180696e-18   1.025322e-18   8.196384e-19   6.194943e-19   3.984838e-19   4.211199e-20   1.780050e-20   0.000000e+00
         7.1500   0.000000e+00   2.215834e-18   1.920356e-18   1.364405e-18   1.296735e-18   1.165246e-18   1.223073e-18   1.169016e-18   1.013926e-18   8.092062e-19   6.112380e-19   4.024010e-19   5.024117e-20   2.124515e-20   0.000000e+00
         7.2000   0.000000e+00   2.145867e-18   1.850252e-18   1.317584e-18   1.278870e-18   1.152247e-18   1.207710e-18   1.155282e-18   1.000794e-18   7.975829e-19   6.020051e-19   4.055128e-19   5.883313e-20   2.480654e-20   0.000000e+00
         7.2500   0.000000e+00   2.076805e-18   1.781930e-18   1.271903e-18   1.259295e-18   1.137709e-18   1.190811e-18   1.139689e-18   9.861194e-19   7.849159e-19   5.918649e-19   4.077639e-19   6.776404e-20   2.840624e-20   0.000000e+00
         7.3000   0.000000e+00   2.008761e-18   1.715415e-18   1.227458e-18   1.238239e-18   1.121767e-18   1.172551e-18   1.122424e-18   9.701473e-19   7.713340e-19   5.809017e-19   4.091134e-19   7.689896e-20   3.197101e-20   0.000000e+00
         7.3500   0.000000e+00   1.941833e-18   1.650726e-18   1.184075e-18   1.215907e-18   1.104549e-18   1.153083e-18   1.103669e-18   9.530999e-19   7.569573e-19   5.692088e-19   4.095363e-19   8.609367e-20   3.543633e-20   0.000000e+00
         7.4000   0.000000e+00   1.876108e-18   1.587871e-18   1.141750e-18   1.192484e-18   1.086179e-18   1.132544e-18   1.083602e-18   9.351529e-19   7.419085e-19   5.568847e-19   4.094078e-19   9.521106e-20   3.874856e-20   0.000000e+00
         7.4500   0.000000e+00   1.811659e-18   1.526852e-18   1.100479e-18   1.168141e-18   1.066779e-18   1.111061e-18   1.062391e-18   9.164500e-19   7.262913e-19   5.440775e-19   4.085629e-19   1.041264e-19   4.186567e-20   0.000000e+00
         7.5000   0.000000e+00   1.748548e-18   1.467664e-18   1.060257e-18   1.143044e-18   1.046465e-18   1.088754e-18   1.040197e-18   8.971133e-19   7.101925e-19   5.309681e-19   4.068313e-19   1.127306e-19   4.475709e-20   0.000000e+00
         7.5500   0.000000e+00   1.686825e-18   1.410296e-18   1.021085e-18   1.117341e-18   1.025352e-18   1.065735e-18   1.017189e-18   8.772496e-19   6.936891e-19   5.176777e-19   4.042459e-19   1.209313e-19   4.740271e-20   0.000000e+00
         7.6000   0.000000e+00   1.626533e-18   1.354734e-18   9.829658e-19   1.091161e-18   1.003552e-18   1.042112e-18   9.935892e-19   8.569551e-19   6.768523e-19   5.042844e-19   4.008494e-19   1.286531e-19   4.979147e-20   0.000000e+00
         7.6500   0.000000e+00   1.567705e-18   1.300958e-18   9.459010e-19   1.064619e-18   9.811713e-19   1.017989e-18   9.695987e-19   8.363196e-19   6.597493e-19   4.908411e-19   3.966905e-19   1.358379e-19   5.191974e-20   0.000000e+00
         7.7000   0.000000e+00   1.510365e-18   1.248945e-18   9.098905e-19   1.037819e-18   9.583122e-19   9.934625e-19   9.453706e-19   8.154350e-19   6.424446e-19   4.773861e-19   3.918190e-19   1.424447e-19   5.378973e-20   0.000000e+00
         7.7500   0.000000e+00   1.454531e-18   1.198667e-18   8.749328e-19   1.010853e-18   9.350726e-19   9.686359e-19   9.210251e-19   7.943831e-19   6.250100e-19   4.639502e-19   3.862900e-19   1.484476e-19   5.540791e-20   0.000000e+00
         7.8000   0.000000e+00   1.400213e-18   1.150097e-18   8.410236e-19   9.838068e-19   9.115449e-19   9.436167e-19   8.966576e-19   7.732341e-19   6.075406e-19   4.505604e-19   3.805589e-19   1.538332e-19   5.678377e-20   0.000000e+00
         7.8500   0.000000e+00   1.347419e-18   1.103201e-18   8.081560e-19   9.567564e-19   8.878157e-19   9.184953e-19   8.723427e-19   7.520504e-19   5.901147e-19   4.372336e-19   3.743623e-19   1.585991e-19   5.792868e-20   0.000000e+00
         7.9000   0.000000e+00   1.296146e-18   1.057947e-18   7.763207e-19   9.297719e-19   8.639660e-19   8.933480e-19   8.481272e-19   7.308884e-19   5.727912e-19   4.239819e-19   3.676814e-19   1.627514e-19   5.885511e-20   0.000000e+00
         7.9500   0.000000e+00   1.246391e-18   1.014298e-18   7.455065e-19   9.029166e-19   8.400711e-19   8.682419e-19   8.240478e-19   7.098016e-19   5.556162e-19   4.108246e-19   3.605833e-19   1.663038e-19   5.957596e-20   0.000000e+00
         8.0000   0.000000e+00   1.198144e-18   9.722173e-19   7.157002e-19   8.762483e-19   8.162002e-19   8.432368e-19   8.001396e-19   6.888471e-19   5.386269e-19   3.977853e-19   3.531329e-19   1.692744e-19   6.010416e-20   0.000000e+00
         8.0500   0.000000e+00   1.151392e-18   9.316677e-19   6.868865e-19   8.498190e-19   7.924167e-19   8.183869e-19   7.764368e-19   6.680734e-19   5.218541e-19   3.848889e-19   3.453862e-19   1.716859e-19   6.045240e-20   0.000000e+00
         8.1000   0.000000e+00   1.106120e-18   8.926099e-19   6.590490e-19   8.236759e-19   7.687785e-19   7.937418e-19   7.529721e-19   6.475191e-19   5.053227e-19   3.721602e-19   3.373916e-19   1.735657e-19   6.063294e-20   0.000000e+00
         8.1500   0.000000e+00   1.062308e-18   8.550048e-19   6.321693e-19   7.978612e-19   7.453379e-19   7.693465e-19   7.297774e-19   6.272167e-19   4.890507e-19   3.596298e-19   3.291945e-19   1.749455e-19   6.065756e-20   0.000000e+00
         8.2000   0.000000e+00   1.019936e-18   8.188126e-19   6.062282e-19   7.724124e-19   7.221418e-19   7.452420e-19   7.068825e-19   6.071944e-19   4.730526e-19   3.473298e-19   3.208350e-19   1.758597e-19   6.053754e-20   0.000000e+00
         8.2500   0.000000e+00   9.789783e-19   7.839932e-19   5.812054e-19   7.473629e-19   6.992324e-19   7.214653e-19   6.843157e-19   5.874772e-19   4.573408e-19   3.352801e-19   3.123506e-19   1.763451e-19   6.028369e-20   0.000000e+00
         8.3000   0.000000e+00   9.394105e-19   7.505069e-19   5.570799e-19   7.227420e-19   6.766467e-19   6.980496e-19   6.621029e-19   5.680877e-19   4.419264e-19   3.234927e-19   3.037784e-19   1.764439e-19   5.990637e-20   0.000000e+00
         8.3500   0.000000e+00   9.012052e-19   7.183136e-19   5.338302e-19   6.985752e-19   6.544176e-19   6.750242e-19   6.402680e-19   5.490458e-19   4.268194e-19   3.119751e-19   2.951527e-19   1.762014e-19   5.941550e-20   0.000000e+00
         8.4000   0.000000e+00   8.643339e-19   6.873738e-19   5.114346e-19   6.748843e-19   6.325736e-19   6.524151e-19   6.188323e-19   5.303695e-19   4.120293e-19   3.007322e-19   2.865056e-19   1.756611e-19   5.882065e-20   0.000000e+00
         8.4500   0.000000e+00   8.287671e-19   6.576482e-19   4.898706e-19   6.516880e-19   6.111392e-19   6.302445e-19   5.978147e-19   5.120745e-19   3.975643e-19   2.897674e-19   2.778663e-19   1.748638e-19   5.813104e-20   0.000000e+00
         8.5000   0.000000e+00   7.944743e-19   6.290978e-19   4.691158e-19   6.290017e-19   5.901353e-19   6.085318e-19   5.772316e-19   4.941743e-19   3.834317e-19   2.790834e-19   2.693131e-19   1.738484e-19   5.735554e-20   0.000000e+00
         8.5500   0.000000e+00   7.614243e-19   6.016843e-19   4.491475e-19   6.068382e-19   5.695796e-19   5.872928e-19   5.570970e-19   4.766804e-19   3.696379e-19   2.686819e-19   2.608982e-19   1.726516e-19   5.650270e-20   0.000000e+00
         8.6000   0.000000e+00   7.295856e-19   5.753700e-19   4.299432e-19   5.852074e-19   5.494865e-19   5.665407e-19   5.374226e-19   4.596020e-19   3.561878e-19   2.585640e-19   2.525633e-19   1.713083e-19   5.558075e-20   0.000000e+00
         8.6500   0.000000e+00   6.989260e-19   5.501176e-19   4.114803e-19   5.641168e-19   5.298676e-19   5.462862e-19   5.182179e-19   4.429466e-19   3.430855e-19   2.487303e-19   2.443289e-19   1.698513e-19   5.459757e-20   0.000000e+00
         8.7000   0.000000e+00   6.694134e-19   5.258908e-19   3.937364e-19   5.435717e-19   5.107318e-19   5.265371e-19   4.994901e-19   4.267198e-19   3.303335e-19   2.391807e-19   2.362129e-19   1.683117e-19   5.356073e-20   0.000000e+00
         8.7500   0.000000e+00   6.410155e-19   5.026539e-19   3.766891e-19   5.235753e-19   4.920859e-19   5.072992e-19   4.812447e-19   4.109252e-19   3.179335e-19   2.299143e-19   2.282300e-19   1.667187e-19   5.247742e-20   0.000000e+00
         8.8000   0.000000e+00   6.136998e-19   4.803719e-19   3.603164e-19   5.041291e-19   4.739342e-19   4.885763e-19   4.634852e-19   3.955651e-19   3.058860e-19   2.209299e-19   2.203914e-19   1.650999e-19   5.135447e-20   0.000000e+00
         8.8500   0.000000e+00   5.874343e-19   4.590107e-19   3.445962e-19   4.852327e-19   4.562792e-19   4.703699e-19   4.462133e-19   3.806402e-19   2.941904e-19   2.122254e-19   2.127060e-19   1.634813e-19   5.019836e-20   0.000000e+00
         8.9000   0.000000e+00   5.621869e-19   4.385370e-19   3.295070e-19   4.668843e-19   4.391218e-19   4.526803e-19   4.294292e-19   3.661496e-19   2.828450e-19   2.037982e-19   2.051815e-19   1.618875e-19   4.901516e-20   0.000000e+00
         8.9500   0.000000e+00   5.379260e-19   4.189183e-19   3.150274e-19   4.490806e-19   4.224609e-19   4.355059e-19   4.131319e-19   3.520914e-19   2.718475e-19   1.956451e-19   1.978230e-19   1.603415e-19   4.781058e-20   0.000000e+00
         9.0000   0.000000e+00   5.146202e-19   4.001231e-19   3.011367e-19   4.318171e-19   4.062945e-19   4.188437e-19   3.973187e-19   3.384626e-19   2.611947e-19   1.877623e-19   1.906350e-19   1.588653e-19   4.658993e-20   0.000000e+00
