# CIE bound-bound cooling efficiency for Ca (Z=20)
# Source: CHIANTI v11.0.2 via ChiantiPy ion.boundBoundLoss
# Units: erg cm^3 / s, per ion per electron, low-density limit (n_e = 1 cm^-3)
# T grid: 121 log-spaced points, 10^3.00 K -> 10^9.00 K
# Generated by pyathena/photchem/data/build_cool_tables.py
#
# log_T_K        L_Ca0          L_Ca1          L_Ca2          L_Ca3          L_Ca4          L_Ca5          L_Ca6          L_Ca7          L_Ca8          L_Ca9          L_Ca10         L_Ca11         L_Ca12         L_Ca13         L_Ca14         L_Ca15         L_Ca16         L_Ca17         L_Ca18         L_Ca19         L_Ca20       
         3.0000   0.000000e+00   0.000000e+00   0.000000e+00   0.000000e+00   0.000000e+00   0.000000e+00   0.000000e+00   0.000000e+00   1.331517e-20   1.929946e-20   1.834750e-20   4.334741e-27   5.680759e-22   0.000000e+00   0.000000e+00   1.561817e-20   9.879106e-20   4.721218e-19   4.090404e-19   3.425802e-19   0.000000e+00
         3.0500   0.000000e+00   0.000000e+00   0.000000e+00   0.000000e+00   0.000000e+00   0.000000e+00   0.000000e+00   0.000000e+00   1.257095e-20   1.822066e-20   1.732148e-20   2.075891e-25   5.363113e-22   0.000000e+00   0.000000e+00   1.474463e-20   9.326548e-20   4.457187e-19   4.558179e-19   5.376904e-19   0.000000e+00
         3.1000   0.000000e+00   0.000000e+00   0.000000e+00   0.000000e+00   0.000000e+00   0.000000e+00   0.000000e+00   0.000000e+00   1.186841e-20   1.720224e-20   1.635287e-20   1.959965e-25   5.063243e-22   0.000000e+00   0.000000e+00   1.391997e-20   8.804905e-20   4.207931e-19   4.303201e-19   5.076125e-19   0.000000e+00
         3.1500   0.000000e+00   0.000000e+00   0.000000e+00   0.000000e+00   0.000000e+00   0.000000e+00   0.000000e+00   0.000000e+00   1.120520e-20   1.624085e-20   1.543847e-20   1.850536e-25   4.780156e-22   0.000000e+00   0.000000e+00   1.314144e-20   8.312446e-20   3.972621e-19   4.062486e-19   4.795923e-19   0.000000e+00
         3.2000   0.000000e+00   0.000000e+00   0.000000e+00   0.000000e+00   0.000000e+00   0.000000e+00   0.000000e+00   0.000000e+00   1.057913e-20   1.533329e-20   1.457524e-20   4.334741e-24   4.512914e-22   0.000000e+00   0.000000e+00   1.240647e-20   7.847539e-20   3.750480e-19   3.835237e-19   4.528865e-19   0.000000e+00
         3.2500   0.000000e+00   0.000000e+00   0.000000e+00   0.000000e+00   0.000000e+00   0.000000e+00   0.000000e+00   0.000000e+00   9.988131e-21   1.447655e-20   1.376032e-20   4.092694e-24   4.260630e-22   0.000000e+00   0.000000e+00   1.171263e-20   7.408644e-20   3.540769e-19   3.620701e-19   4.275366e-19   0.000000e+00
         3.3000   0.000000e+00   0.000000e+00   0.000000e+00   0.000000e+00   0.000000e+00   0.000000e+00   0.000000e+00   0.000000e+00   9.430235e-21   1.366779e-20   1.299101e-20   3.864212e-24   4.022468e-22   0.000000e+00   0.000000e+00   1.105761e-20   6.994306e-20   3.342795e-19   3.418165e-19   4.036211e-19   0.000000e+00
         3.3500   0.000000e+00   0.000000e+00   0.000000e+00   0.000000e+00   0.000000e+00   0.000000e+00   0.000000e+00   0.000000e+00   8.903596e-21   1.290434e-20   1.226476e-20   4.952983e-23   3.797639e-22   0.000000e+00   0.000000e+00   1.043925e-20   6.603151e-20   3.155901e-19   4.557744e-19   3.816790e-19   0.000000e+00
         3.4000   0.000000e+00   0.000000e+00   0.000000e+00   0.000000e+00   0.000000e+00   0.000000e+00   0.000000e+00   0.000000e+00   8.406469e-21   1.218366e-20   1.157916e-20   4.676424e-23   3.585398e-22   0.000000e+00   0.000000e+00   9.855478e-21   6.233883e-20   2.979468e-19   4.302795e-19   3.610997e-19   0.000000e+00
         3.4500   0.000000e+00   0.000000e+00   0.000000e+00   0.000000e+00   0.000000e+00   0.000000e+00   0.000000e+00   0.000000e+00   7.937205e-21   1.164169e-20   1.093195e-20   4.415366e-23   3.385041e-22   0.000000e+00   4.375776e-35   9.304969e-21   5.885277e-20   2.812910e-19   4.062108e-19   5.500850e-19   0.000000e+00
         3.5000   0.000000e+00   0.000000e+00   0.000000e+00   0.000000e+00   0.000000e+00   0.000000e+00   0.000000e+00   0.000000e+00   7.494249e-21   1.099179e-20   1.032097e-20   3.329852e-22   3.195904e-22   0.000000e+00   4.132120e-35   8.784673e-21   5.556179e-20   2.655676e-19   3.834885e-19   5.193354e-19   0.000000e+00
         3.5500   0.000000e+00   0.000000e+00   0.000000e+00   0.000000e+00   0.000000e+00   0.000000e+00   0.000000e+00   0.000000e+00   7.076133e-21   1.037832e-20   9.744194e-21   3.143918e-22   3.017360e-22   0.000000e+00   1.465656e-31   8.293494e-21   5.245498e-20   2.507244e-19   3.620374e-19   4.905110e-19   0.000000e+00
         3.6000   0.000000e+00   0.000000e+00   0.000000e+00   0.000000e+00   0.000000e+00   0.000000e+00   0.000000e+00   0.000000e+00   6.681470e-21   9.799246e-21   9.199720e-21   2.968404e-22   2.848818e-22   0.000000e+00   1.384032e-31   7.841939e-21   4.952203e-20   2.367123e-19   3.417863e-19   4.632797e-19   0.000000e+00
         3.6500   0.000000e+00   0.000000e+00   0.000000e+00   0.000000e+00   0.000000e+00   0.000000e+00   0.000000e+00   0.000000e+00   6.308953e-21   9.252653e-21   8.685739e-21   2.802729e-22   2.689753e-22   2.532313e-35   5.738749e-29   7.403525e-21   4.675323e-20   2.234848e-19   3.226680e-19   4.369869e-19   0.000000e+00
         3.7000   0.000000e+00   0.000000e+00   0.000000e+00   0.000000e+00   0.000000e+00   0.000000e+00   0.000000e+00   0.000000e+00   5.957346e-21   8.736727e-21   8.200548e-21   1.305712e-21   2.539566e-22   2.392050e-35   5.419123e-29   6.989650e-21   4.413939e-20   2.109981e-19   3.046193e-19   4.132862e-19   0.000000e+00
         3.7500   0.000000e+00   0.000000e+00   0.000000e+00   0.000000e+00   0.000000e+00   0.000000e+00   0.000000e+00   0.000000e+00   5.625483e-21   8.249758e-21   7.742539e-21   1.232810e-21   2.399362e-22   8.481200e-32   6.393486e-27   6.732763e-21   4.167186e-20   1.992107e-19   4.175335e-19   3.907401e-19   0.000000e+00
         3.8000   0.000000e+00   0.000000e+00   0.000000e+00   0.000000e+00   0.000000e+00   0.000000e+00   0.000000e+00   0.000000e+00   5.312265e-21   7.790132e-21   7.310192e-21   1.163993e-21   2.265454e-22   8.011288e-32   6.037356e-27   6.356448e-21   3.934246e-20   1.880836e-19   3.941786e-19   3.695950e-19   0.000000e+00
         3.8500   0.000000e+00   0.000000e+00   0.000000e+00   0.000000e+00   0.000000e+00   0.000000e+00   0.000000e+00   0.000000e+00   5.016652e-21   7.356325e-21   6.902076e-21   1.099035e-21   2.139054e-22   7.567902e-32   5.701231e-27   6.001202e-21   3.714346e-20   1.775799e-19   3.721302e-19   3.496105e-19   0.000000e+00
         3.9000   0.000000e+00   0.000000e+00   0.000000e+00   0.000000e+00   0.000000e+00   0.000000e+00   0.000000e+00   0.000000e+00   4.737665e-21   6.946898e-21   6.516837e-21   1.037719e-21   2.051743e-22   3.136610e-29   2.729662e-25   6.515480e-21   3.506757e-20   1.676649e-19   3.513159e-19   3.301175e-19   0.000000e+00
         3.9500   0.000000e+00   0.000000e+00   0.000000e+00   0.000000e+00   0.000000e+00   0.000000e+00   0.000000e+00   0.000000e+00   4.474379e-21   6.560494e-21   6.153198e-21   9.798430e-22   1.937348e-22   2.962978e-29   2.577663e-25   6.151406e-21   3.310792e-20   1.583055e-19   3.316654e-19   3.108885e-19   0.000000e+00
         4.0000   0.000000e+00   0.000000e+00   0.000000e+00   0.000000e+00   0.000000e+00   0.000000e+00   0.000000e+00   0.000000e+00   4.225919e-21   6.195831e-21   5.809955e-21   2.914223e-21   1.829374e-22   3.494204e-27   6.036558e-24   5.807721e-21   3.125801e-20   1.494709e-19   3.131149e-19   2.935191e-19   0.000000e+00
         4.0500   0.000000e+00   0.000000e+00   0.000000e+00   0.000000e+00   0.000000e+00   0.000000e+00   0.000000e+00   0.000000e+00   3.991462e-21   5.851701e-21   5.485968e-21   2.751593e-21   2.080383e-22   3.300728e-27   5.700325e-24   5.483286e-21   2.951171e-20   1.411317e-19   2.956083e-19   2.772044e-19   0.000000e+00
         4.1000   0.000000e+00   0.000000e+00   0.000000e+00   0.000000e+00   0.000000e+00   0.000000e+00   0.000000e+00   0.000000e+00   3.770230e-21   5.526961e-21   5.180165e-21   2.598082e-21   1.964566e-22   1.579664e-25   5.382981e-24   8.213613e-21   2.786322e-20   1.332603e-19   2.790746e-19   2.619047e-19   0.000000e+00
         4.1500   0.000000e+00   0.000000e+00   0.000000e+00   0.000000e+00   0.000000e+00   0.000000e+00   0.000000e+00   0.000000e+00   3.561488e-21   5.220534e-21   4.891531e-21   2.453183e-21   1.855260e-22   1.492163e-25   6.897700e-23   7.754747e-21   2.630709e-20   1.258305e-19   2.634729e-19   3.126788e-19   0.000000e+00
         4.2000   0.000000e+00   0.000000e+00   0.000000e+00   0.000000e+00   0.000000e+00   0.000000e+00   0.000000e+00   0.000000e+00   3.364544e-21   4.931403e-21   4.619110e-21   2.316414e-21   3.992539e-22   1.409603e-25   6.513536e-23   7.321585e-21   2.483815e-20   1.188179e-19   2.487408e-19   2.951993e-19   0.000000e+00
         4.2500   0.000000e+00   0.000000e+00   0.000000e+00   0.000000e+00   0.000000e+00   0.000000e+00   0.000000e+00   0.000000e+00   3.178744e-21   4.658609e-21   4.361999e-21   2.187323e-21   3.770521e-22   3.299243e-24   6.150955e-23   6.912690e-21   2.345155e-20   1.121990e-19   2.348683e-19   2.796081e-19   0.000000e+00
         4.3000   0.000000e+00   0.000000e+00   0.000000e+00   0.000000e+00   0.000000e+00   0.000000e+00   0.000000e+00   0.000000e+00   3.003470e-21   4.401245e-21   4.119344e-21   2.065481e-21   3.560997e-22   3.116582e-24   5.808754e-23   6.526707e-21   2.214267e-20   1.059520e-19   2.217772e-19   2.630194e-19   0.000000e+00
         4.3500   0.000000e+00   0.000000e+00   0.000000e+00   0.000000e+00   0.000000e+00   0.000000e+00   0.000000e+00   0.000000e+00   2.838139e-21   4.158458e-21   3.890342e-21   1.950484e-21   3.363274e-22   2.944238e-24   4.378879e-22   6.162356e-21   2.090719e-20   1.000561e-19   2.093794e-19   2.481977e-19   0.000000e+00
         4.4000   0.000000e+00   0.000000e+00   0.000000e+00   0.000000e+00   0.000000e+00   0.000000e+00   0.000000e+00   0.000000e+00   2.682202e-21   3.929439e-21   3.674234e-21   3.784277e-21   1.118358e-21   3.770129e-23   4.135103e-22   1.161972e-20   1.974100e-20   9.449189e-20   1.976931e-19   2.344560e-19   0.000000e+00
         4.4500   0.000000e+00   0.000000e+00   0.000000e+00   0.000000e+00   0.000000e+00   0.000000e+00   0.000000e+00   0.000000e+00   2.535139e-21   3.713428e-21   3.470302e-21   3.573389e-21   1.056194e-21   3.561441e-23   3.905029e-22   1.097076e-20   1.864024e-20   8.924079e-20   2.274594e-19   2.216683e-19   0.000000e+00
         4.5000   0.000000e+00   0.000000e+00   0.000000e+00   0.000000e+00   0.000000e+00   0.000000e+00   0.000000e+00   0.000000e+00   2.396460e-21   3.509704e-21   3.277870e-21   3.374345e-21   9.975286e-22   3.364541e-23   3.687891e-22   1.035816e-20   1.760127e-20   8.428543e-20   2.147470e-19   2.088374e-19   0.000000e+00
         4.5500   0.000000e+00   0.000000e+00   0.000000e+00   0.000000e+00   0.000000e+00   0.000000e+00   0.000000e+00   0.000000e+00   2.265702e-21   3.317591e-21   3.096300e-21   3.186483e-21   9.421684e-22   2.534429e-22   1.717184e-21   9.779896e-21   1.662063e-20   7.960938e-20   2.029073e-19   1.973951e-19   0.000000e+00
         4.6000   0.000000e+00   0.000000e+00   0.000000e+00   0.000000e+00   0.000000e+00   0.000000e+00   0.000000e+00   0.000000e+00   2.142428e-21   3.136446e-21   2.924990e-21   3.009181e-21   8.899295e-22   2.394114e-22   1.621609e-21   9.234042e-21   1.569508e-20   7.519711e-20   1.916433e-19   1.863762e-19   0.000000e+00
         4.6500   0.000000e+00   0.000000e+00   0.000000e+00   0.000000e+00   0.000000e+00   0.000000e+00   0.000000e+00   0.000000e+00   2.026226e-21   2.965665e-21   2.763371e-21   2.841851e-21   8.406382e-22   2.261724e-22   1.531406e-21   8.718792e-21   1.482155e-20   7.103399e-20   1.809134e-19   1.759753e-19   0.000000e+00
         4.7000   0.000000e+00   0.000000e+00   0.000000e+00   0.000000e+00   0.000000e+00   0.000000e+00   0.000000e+00   0.000000e+00   1.916706e-21   2.804676e-21   2.610906e-21   2.683937e-21   2.324039e-21   2.136818e-22   1.446276e-21   8.232436e-21   1.399714e-20   6.710621e-20   1.711113e-19   1.659431e-19   0.000000e+00
         4.7500   0.000000e+00   0.000000e+00   0.000000e+00   0.000000e+00   0.000000e+00   0.000000e+00   0.000000e+00   0.000000e+00   1.813499e-21   2.652939e-21   2.467090e-21   2.534915e-21   2.195048e-21   9.940109e-22   1.365937e-21   7.773363e-21   1.321912e-20   6.340072e-20   1.615645e-19   1.565657e-19   0.000000e+00
         4.8000   0.000000e+00   0.000000e+00   0.000000e+00   0.000000e+00   0.000000e+00   0.000000e+00   0.000000e+00   0.000000e+00   1.716256e-21   2.509946e-21   2.331444e-21   2.394291e-21   2.073328e-21   9.390044e-22   4.059939e-21   1.300513e-20   1.248490e-20   5.990522e-20   1.528889e-19   1.480429e-19   0.000000e+00
         4.8500   0.000000e+00   0.000000e+00   0.000000e+00   0.000000e+00   0.000000e+00   0.000000e+00   0.000000e+00   0.000000e+00   1.624649e-21   2.375213e-21   2.203517e-21   2.261598e-21   1.958474e-21   8.871057e-22   3.834103e-21   1.227944e-20   1.179206e-20   5.660809e-20   1.442773e-19   1.397918e-19   0.000000e+00
         4.9000   0.000000e+00   0.000000e+00   0.000000e+00   0.000000e+00   0.000000e+00   0.000000e+00   0.000000e+00   0.000000e+00   1.538366e-21   2.248285e-21   2.082884e-21   2.136395e-21   1.850106e-21   8.381418e-22   3.620967e-21   1.159444e-20   1.113829e-20   5.349837e-20   1.363769e-19   1.320037e-19   0.000000e+00
         4.9500   0.000000e+00   0.000000e+00   0.000000e+00   0.000000e+00   0.000000e+00   0.000000e+00   0.000000e+00   0.000000e+00   1.457111e-21   2.128732e-21   1.969143e-21   2.018266e-21   1.747861e-21   7.919495e-22   3.419824e-21   1.094786e-20   1.052142e-20   5.056572e-20   1.286708e-19   1.249371e-19   0.000000e+00
         5.0000   0.000000e+00   0.000000e+00   0.000000e+00   0.000000e+00   0.000000e+00   0.000000e+00   0.000000e+00   0.000000e+00   1.380606e-21   2.016144e-21   1.861915e-21   1.906818e-21   1.651401e-21   7.483746e-22   3.230004e-21   1.033756e-20   9.939419e-21   4.780037e-20   1.216758e-19   1.180008e-19   0.000000e+00
         5.0500   0.000000e+00   0.000000e+00   0.000000e+00   0.000000e+00   0.000000e+00   0.000000e+00   0.000000e+00   0.000000e+00   1.308586e-21   1.910137e-21   1.760841e-21   1.801680e-21   1.560403e-21   2.221000e-21   3.050877e-21   9.761508e-21   9.390340e-21   4.519309e-20   1.148903e-19   1.112016e-19   0.000000e+00
         5.1000   0.000000e+00   0.000000e+00   0.000000e+00   0.000000e+00   0.000000e+00   0.000000e+00   0.000000e+00   0.000000e+00   1.240799e-21   1.810344e-21   1.665582e-21   2.310487e-21   2.968608e-21   2.098405e-21   2.881846e-21   9.217794e-21   8.872362e-21   4.273519e-20   1.088677e-19   1.050589e-19   0.000000e+00
         5.1500   0.000000e+00   0.000000e+00   0.000000e+00   0.000000e+00   0.000000e+00   0.000000e+00   0.000000e+00   0.000000e+00   1.177008e-21   1.716417e-21   1.575820e-21   2.182986e-21   2.804531e-21   1.982748e-21   2.722349e-21   8.704614e-21   8.383766e-21   4.041846e-20   1.026129e-19   9.927149e-20   0.000000e+00
         5.2000   0.000000e+00   0.000000e+00   0.000000e+00   0.000000e+00   0.000000e+00   0.000000e+00   0.000000e+00   0.000000e+00   1.116985e-21   1.628029e-21   1.491251e-21   2.062704e-21   2.649731e-21   1.873641e-21   5.276711e-21   8.220262e-21   7.922928e-21   3.823512e-20   9.726325e-20   9.361876e-20   0.000000e+00
         5.2500   0.000000e+00   0.000000e+00   0.000000e+00   0.000000e+00   0.000000e+00   0.000000e+00   0.000000e+00   0.000000e+00   1.060515e-21   1.544865e-21   1.411591e-21   1.949240e-21   2.503690e-21   1.770719e-21   4.984051e-21   7.763129e-21   7.488314e-21   3.617784e-20   9.200841e-20   8.842548e-20   0.000000e+00
         5.3000   0.000000e+00   0.000000e+00   0.000000e+00   0.000000e+00   0.000000e+00   0.000000e+00   0.000000e+00   0.000000e+00   1.007393e-21   1.466629e-21   1.336569e-21   1.842214e-21   2.365923e-21   1.673638e-21   4.707877e-21   7.331696e-21   7.078477e-21   3.423971e-20   8.692874e-20   8.352543e-20   0.000000e+00
         5.3500   0.000000e+00   0.000000e+00   0.000000e+00   0.000000e+00   0.000000e+00   0.000000e+00   0.000000e+00   0.000000e+00   9.574234e-22   1.393039e-21   1.265928e-21   1.741268e-21   2.235966e-21   1.582069e-21   4.447270e-21   6.924526e-21   6.692051e-21   3.241417e-20   8.190837e-20   7.890244e-20   0.000000e+00
         5.4000   0.000000e+00   0.000000e+00   0.000000e+00   0.000000e+00   0.000000e+00   0.000000e+00   0.000000e+00   0.000000e+00   9.104204e-22   1.323824e-21   1.199427e-21   1.646063e-21   2.113384e-21   1.495705e-21   4.201358e-21   6.540264e-21   6.327747e-21   3.069504e-20   7.756197e-20   7.447349e-20   0.000000e+00
         5.4500   0.000000e+00   0.000000e+00   0.000000e+00   0.000000e+00   0.000000e+00   0.000000e+00   0.000000e+00   0.000000e+00   8.662060e-22   1.258728e-21   1.136836e-21   1.556278e-21   1.997765e-21   2.892547e-21   3.969320e-21   6.177628e-21   5.984347e-21   2.907645e-20   7.334971e-20   7.032346e-20   0.000000e+00
         5.5000   0.000000e+00   0.000000e+00   0.000000e+00   0.000000e+00   0.000000e+00   0.000000e+00   0.000000e+00   0.000000e+00   8.246106e-22   1.197507e-21   1.077936e-21   1.471611e-21   1.888720e-21   2.733878e-21   3.750377e-21   7.608737e-21   5.660702e-21   2.755286e-20   6.942413e-20   6.644610e-20   0.000000e+00
         5.5500   0.000000e+00   0.000000e+00   0.000000e+00   0.000000e+00   0.000000e+00   0.000000e+00   0.000000e+00   0.000000e+00   7.854720e-22   1.139928e-21   1.022522e-21   1.391774e-21   1.785878e-21   2.584202e-21   3.543794e-21   7.186650e-21   5.355725e-21   2.611903e-20   6.537312e-20   6.278798e-20   0.000000e+00
         5.6000   0.000000e+00   0.000000e+00   0.000000e+00   0.000000e+00   0.000000e+00   0.000000e+00   0.000000e+00   0.000000e+00   7.486353e-22   1.085767e-21   9.703971e-22   1.316494e-21   1.688891e-21   2.443013e-21   3.348875e-21   6.788303e-21   5.068390e-21   2.476997e-20   6.184314e-20   5.933695e-20   0.000000e+00
         5.6500   0.000000e+00   0.000000e+00   0.000000e+00   0.000000e+00   0.000000e+00   0.000000e+00   0.000000e+00   0.000000e+00   7.139526e-22   1.034811e-21   9.213741e-22   1.245516e-21   1.597427e-21   2.309830e-21   3.164961e-21   6.412361e-21   4.797728e-21   2.350098e-20   5.849522e-20   5.608159e-20   0.000000e+00
         5.7000   0.000000e+00   0.000000e+00   0.000000e+00   0.000000e+00   0.000000e+00   0.000000e+00   0.000000e+00   0.000000e+00   6.812833e-22   9.868587e-22   8.752745e-22   1.178593e-21   1.511171e-21   2.184200e-21   2.991429e-21   6.057566e-21   4.542823e-21   2.230758e-20   5.533483e-20   5.301155e-20   0.000000e+00
         5.7500   0.000000e+00   0.000000e+00   0.000000e+00   0.000000e+00   0.000000e+00   0.000000e+00   0.000000e+00   0.000000e+00   6.504924e-22   9.417163e-22   8.319288e-22   1.115494e-21   1.429826e-21   2.065690e-21   2.827687e-21   5.722725e-21   4.302806e-21   2.118553e-20   5.224606e-20   5.011692e-20   0.000000e+00
         5.8000   0.000000e+00   0.000000e+00   0.000000e+00   0.000000e+00   0.000000e+00   0.000000e+00   0.000000e+00   0.000000e+00   6.214509e-22   8.991989e-22   7.911760e-22   1.055998e-21   1.820727e-21   1.953890e-21   2.673175e-21   5.406711e-21   4.076858e-21   2.013077e-20   4.943949e-20   4.738797e-20   0.000000e+00
         5.8500   0.000000e+00   0.000000e+00   0.000000e+00   0.000000e+00   0.000000e+00   0.000000e+00   0.000000e+00   0.000000e+00   5.940368e-22   8.591295e-22   7.528623e-22   9.998954e-22   1.722347e-21   1.848412e-21   2.527360e-21   5.108455e-21   3.864202e-21   1.913948e-20   4.687841e-20   4.481552e-20   0.000000e+00
         5.9000   0.000000e+00   0.000000e+00   0.000000e+00   0.000000e+00   0.000000e+00   0.000000e+00   0.000000e+00   0.000000e+00   5.681358e-22   8.213416e-22   7.168404e-22   9.469871e-22   1.629531e-21   1.748886e-21   2.389737e-21   4.826948e-21   3.664103e-21   1.820801e-20   4.448417e-20   4.239086e-20   0.000000e+00
         5.9500   0.000000e+00   0.000000e+00   0.000000e+00   0.000000e+00   0.000000e+00   0.000000e+00   0.000000e+00   0.000000e+00   5.436381e-22   7.856788e-22   6.829682e-22   8.970826e-22   1.541955e-21   1.654958e-21   3.059278e-21   4.561233e-21   3.475865e-21   1.733288e-20   4.208599e-20   4.010577e-20   0.000000e+00
         6.0000   0.000000e+00   0.000000e+00   0.000000e+00   0.000000e+00   0.000000e+00   0.000000e+00   0.000000e+00   0.000000e+00   5.204375e-22   7.519905e-22   6.511092e-22   8.500007e-22   1.459308e-21   1.566295e-21   2.892106e-21   4.310401e-21   3.298825e-21   1.651077e-20   3.992105e-20   3.795229e-20   0.000000e+00
         6.0500   0.000000e+00   0.000000e+00   0.000000e+00   0.000000e+00   0.000000e+00   0.000000e+00   0.000000e+00   0.000000e+00   4.984328e-22   7.201313e-22   6.211303e-22   8.055688e-22   1.381295e-21   1.482576e-21   2.734257e-21   4.073594e-21   3.132357e-21   1.573854e-20   3.784016e-20   3.592254e-20   0.000000e+00
         6.1000   0.000000e+00   0.000000e+00   0.000000e+00   0.000000e+00   0.000000e+00   0.000000e+00   0.000000e+00   0.000000e+00   4.775338e-22   6.899635e-22   5.929047e-22   7.636218e-22   1.307637e-21   1.403497e-21   2.585178e-21   3.849995e-21   2.975861e-21   1.501315e-20   3.589706e-20   3.400924e-20   0.000000e+00
         6.1500   0.000000e+00   0.000000e+00   0.000000e+00   0.000000e+00   0.000000e+00   0.000000e+00   0.000000e+00   0.000000e+00   4.576605e-22   6.613652e-22   5.663152e-22   7.240026e-22   1.238066e-21   1.791404e-21   2.444346e-21   3.638832e-21   2.828768e-21   1.433173e-20   3.406503e-20   3.220571e-20   0.000000e+00
         6.2000   0.000000e+00   0.000000e+00   0.000000e+00   0.000000e+00   0.000000e+00   0.000000e+00   0.000000e+00   0.000000e+00   4.387368e-22   6.342270e-22   5.412483e-22   6.865612e-22   1.172329e-21   1.695120e-21   2.311260e-21   3.439373e-21   2.690542e-21   1.369149e-20   3.232965e-20   3.050564e-20   0.000000e+00
         6.2500   0.000000e+00   0.000000e+00   0.000000e+00   0.000000e+00   0.000000e+00   0.000000e+00   0.000000e+00   0.000000e+00   4.206850e-22   6.084436e-22   5.175810e-22   6.511547e-22   1.110184e-21   1.604092e-21   2.185448e-21   3.250917e-21   2.560672e-21   1.308977e-20   3.064978e-20   2.890318e-20   0.000000e+00
         6.3000   0.000000e+00   0.000000e+00   0.000000e+00   0.000000e+00   0.000000e+00   0.000000e+00   0.000000e+00   0.000000e+00   4.034309e-22   5.839082e-22   4.951996e-22   6.176472e-22   1.051402e-21   1.517988e-21   2.066461e-21   3.072805e-21   2.438652e-21   1.252404e-20   2.911415e-20   2.739296e-20   0.000000e+00
         6.3500   0.000000e+00   0.000000e+00   0.000000e+00   0.000000e+00   0.000000e+00   0.000000e+00   0.000000e+00   0.000000e+00   3.869124e-22   5.605200e-22   4.740164e-22   5.859095e-22   9.957625e-22   1.436495e-21   1.953871e-21   2.904418e-21   2.324009e-21   1.199188e-20   2.767312e-20   2.597009e-20   0.000000e+00
         6.4000   0.000000e+00   0.000000e+00   0.000000e+00   0.000000e+00   0.000000e+00   0.000000e+00   0.000000e+00   0.000000e+00   3.710800e-22   5.381954e-22   4.539566e-22   5.558194e-22   9.430585e-22   1.359315e-21   1.847275e-21   2.745168e-21   2.216322e-21   1.149098e-20   2.631121e-20   2.463000e-20   0.000000e+00
         6.4500   0.000000e+00   0.000000e+00   0.000000e+00   0.000000e+00   0.000000e+00   0.000000e+00   0.000000e+00   0.000000e+00   3.558875e-22   5.168663e-22   4.349074e-22   5.272611e-22   8.930990e-22   1.286165e-21   1.746291e-21   2.594468e-21   2.115192e-21   1.101917e-20   2.499591e-20   2.336820e-20   0.000000e+00
         6.5000   0.000000e+00   0.000000e+00   0.000000e+00   0.000000e+00   0.000000e+00   0.000000e+00   0.000000e+00   0.000000e+00   3.412895e-22   4.964688e-22   4.167332e-22   5.001261e-22   8.457033e-22   1.216781e-21   1.650559e-21   2.451774e-21   2.020099e-21   1.057425e-20   2.379087e-20   2.218021e-20   0.000000e+00
         6.5500   0.000000e+00   0.000000e+00   0.000000e+00   0.000000e+00   0.000000e+00   0.000000e+00   0.000000e+00   0.000000e+00   3.272436e-22   4.769402e-22   3.993301e-22   4.743124e-22   8.006922e-22   1.150912e-21   1.559740e-21   2.316623e-21   1.930576e-21   1.015402e-20   2.265784e-20   2.106175e-20   0.000000e+00
         6.6000   0.000000e+00   0.000000e+00   0.000000e+00   0.000000e+00   0.000000e+00   0.000000e+00   0.000000e+00   0.000000e+00   3.137129e-22   4.582226e-22   3.826838e-22   4.497254e-22   7.578934e-22   1.088325e-21   1.473516e-21   2.188606e-21   1.846394e-21   9.756558e-21   2.159269e-20   2.000869e-20   0.000000e+00
         6.6500   0.000000e+00   0.000000e+00   0.000000e+00   0.000000e+00   0.000000e+00   0.000000e+00   0.000000e+00   0.000000e+00   3.006658e-22   4.402643e-22   3.668059e-22   4.262771e-22   7.171553e-22   1.028803e-21   1.391591e-21   2.067231e-21   1.767501e-21   9.380350e-21   2.057516e-20   1.901709e-20   0.000000e+00
         6.7000   0.000000e+00   0.000000e+00   0.000000e+00   0.000000e+00   0.000000e+00   0.000000e+00   0.000000e+00   0.000000e+00   2.880750e-22   4.230209e-22   3.516362e-22   4.038869e-22   6.783531e-22   9.721437e-22   1.313687e-21   1.951951e-21   1.693395e-21   9.023822e-21   1.963369e-20   1.808323e-20   0.000000e+00
         6.7500   0.000000e+00   0.000000e+00   0.000000e+00   0.000000e+00   0.000000e+00   0.000000e+00   0.000000e+00   0.000000e+00   2.759224e-22   4.064546e-22   3.370122e-22   3.824811e-22   6.413738e-22   9.181603e-22   1.239550e-21   1.842301e-21   1.623180e-21   8.684861e-21   1.874754e-20   1.720354e-20   0.000000e+00
         6.8000   0.000000e+00   0.000000e+00   0.000000e+00   0.000000e+00   0.000000e+00   0.000000e+00   0.000000e+00   0.000000e+00   2.641944e-22   3.905397e-22   3.227774e-22   3.619931e-22   6.060944e-22   8.666824e-22   1.168944e-21   1.738085e-21   1.556140e-21   8.361160e-21   1.791278e-20   1.637454e-20   0.000000e+00
         6.8500   0.000000e+00   0.000000e+00   0.000000e+00   0.000000e+00   0.000000e+00   0.000000e+00   0.000000e+00   0.000000e+00   2.528757e-22   3.752553e-22   3.089016e-22   3.423633e-22   5.723861e-22   8.175547e-22   1.101653e-21   1.639194e-21   1.492610e-21   8.051395e-21   1.712577e-20   1.559308e-20   0.000000e+00
         6.9000   0.000000e+00   0.000000e+00   0.000000e+00   0.000000e+00   0.000000e+00   0.000000e+00   0.000000e+00   0.000000e+00   2.419475e-22   3.605777e-22   2.954251e-22   3.235387e-22   5.401361e-22   7.706367e-22   1.037481e-21   1.545358e-21   1.433262e-21   7.755280e-21   1.638334e-20   1.485619e-20   0.000000e+00
         6.9500   0.000000e+00   0.000000e+00   0.000000e+00   0.000000e+00   0.000000e+00   0.000000e+00   0.000000e+00   0.000000e+00   2.313910e-22   3.464781e-22   2.823827e-22   3.054731e-22   5.092678e-22   7.258025e-22   9.762524e-22   1.456025e-21   1.378123e-21   7.472681e-21   1.568249e-20   1.416105e-20   0.000000e+00
         7.0000   0.000000e+00   0.000000e+00   0.000000e+00   0.000000e+00   0.000000e+00   0.000000e+00   0.000000e+00   0.000000e+00   2.211925e-22   3.329282e-22   2.697657e-22   2.881263e-22   4.797215e-22   6.829400e-22   9.178069e-22   1.370652e-21   1.325845e-21   7.201800e-21   1.502036e-20   1.350500e-20   0.000000e+00
         7.0500   0.000000e+00   0.000000e+00   0.000000e+00   0.000000e+00   0.000000e+00   0.000000e+00   0.000000e+00   0.000000e+00   2.113463e-22   3.199065e-22   2.575573e-22   2.714640e-22   4.514423e-22   6.419505e-22   8.620029e-22   1.289014e-21   1.274986e-21   6.939928e-21   1.439435e-20   1.288554e-20   0.000000e+00
         7.1000   0.000000e+00   0.000000e+00   0.000000e+00   0.000000e+00   0.000000e+00   0.000000e+00   0.000000e+00   0.000000e+00   2.018486e-22   3.074015e-22   2.456895e-22   2.554575e-22   4.243751e-22   6.027471e-22   8.087151e-22   1.211116e-21   1.225339e-21   6.684986e-21   1.380217e-20   1.230037e-20   0.000000e+00
         7.1500   0.000000e+00   0.000000e+00   0.000000e+00   0.000000e+00   0.000000e+00   0.000000e+00   0.000000e+00   0.000000e+00   1.926945e-22   2.954028e-22   2.340645e-22   2.400829e-22   3.984702e-22   5.652548e-22   7.578327e-22   1.136986e-21   1.177562e-21   6.436859e-21   1.324143e-20   1.174728e-20   0.000000e+00
         7.2000   0.000000e+00   0.000000e+00   0.000000e+00   0.000000e+00   0.000000e+00   0.000000e+00   0.000000e+00   0.000000e+00   1.838763e-22   2.838988e-22   2.226138e-22   2.253207e-22   3.736716e-22   5.294086e-22   7.092589e-22   1.066539e-21   1.132295e-21   6.196040e-21   1.270986e-20   1.122408e-20   0.000000e+00
         7.2500   0.000000e+00   0.000000e+00   0.000000e+00   0.000000e+00   0.000000e+00   0.000000e+00   0.000000e+00   0.000000e+00   1.753853e-22   2.728736e-22   2.113891e-22   2.111552e-22   3.499257e-22   4.951525e-22   6.629090e-22   9.996395e-22   1.089630e-21   5.962810e-21   1.220533e-20   1.072878e-20   0.000000e+00
         7.3000   0.000000e+00   0.000000e+00   0.000000e+00   0.000000e+00   0.000000e+00   0.000000e+00   0.000000e+00   0.000000e+00   1.672124e-22   2.623093e-22   2.004765e-22   1.975739e-22   3.271933e-22   4.624385e-22   6.187090e-22   9.360102e-22   1.049463e-21   5.736724e-21   1.172539e-20   1.025937e-20   0.000000e+00
         7.3500   0.000000e+00   0.000000e+00   0.000000e+00   0.000000e+00   0.000000e+00   0.000000e+00   0.000000e+00   0.000000e+00   1.593474e-22   2.521869e-22   1.899276e-22   1.845669e-22   3.054628e-22   4.312252e-22   5.765940e-22   8.752837e-22   1.011202e-21   5.517148e-21   1.126750e-20   9.813660e-21   0.000000e+00
         7.4000   0.000000e+00   0.000000e+00   0.000000e+00   0.000000e+00   0.000000e+00   0.000000e+00   0.000000e+00   0.000000e+00   1.517808e-22   2.424857e-22   1.797205e-22   1.721259e-22   2.847281e-22   4.014764e-22   5.365067e-22   8.171620e-22   9.737519e-22   5.302526e-21   1.082993e-20   9.389711e-21   0.000000e+00
         7.4500   0.000000e+00   0.000000e+00   0.000000e+00   0.000000e+00   0.000000e+00   0.000000e+00   0.000000e+00   0.000000e+00   1.445043e-22   2.331855e-22   1.698227e-22   1.602443e-22   2.649763e-22   3.731600e-22   4.983955e-22   7.616632e-22   9.362131e-22   5.091365e-21   1.041150e-20   8.986147e-21   0.000000e+00
         7.5000   0.000000e+00   0.000000e+00   0.000000e+00   0.000000e+00   0.000000e+00   0.000000e+00   0.000000e+00   0.000000e+00   1.375114e-22   2.242679e-22   1.602126e-22   1.489160e-22   2.461835e-22   3.462467e-22   4.622133e-22   7.089349e-22   8.989534e-22   4.883111e-21   1.001009e-20   8.601571e-21   0.000000e+00
         7.5500   0.000000e+00   0.000000e+00   0.000000e+00   0.000000e+00   0.000000e+00   0.000000e+00   0.000000e+00   0.000000e+00   1.307951e-22   2.157161e-22   1.508993e-22   1.381349e-22   2.283260e-22   3.207086e-22   4.279156e-22   6.590667e-22   8.628366e-22   4.678768e-21   9.623077e-21   8.233925e-21   0.000000e+00
         7.6000   0.000000e+00   0.000000e+00   0.000000e+00   0.000000e+00   0.000000e+00   0.000000e+00   0.000000e+00   0.000000e+00   1.243472e-22   2.075127e-22   1.418982e-22   1.278949e-22   2.113838e-22   2.965187e-22   3.954596e-22   6.119380e-22   8.284644e-22   4.479480e-21   9.249171e-21   7.881423e-21   0.000000e+00
         7.6500   0.000000e+00   0.000000e+00   0.000000e+00   0.000000e+00   0.000000e+00   0.000000e+00   0.000000e+00   0.000000e+00   1.181579e-22   1.996382e-22   1.332234e-22   1.181891e-22   1.953412e-22   2.736493e-22   3.648024e-22   5.673782e-22   7.955234e-22   4.285546e-21   8.888310e-21   7.543238e-21   0.000000e+00
         7.7000   0.000000e+00   0.000000e+00   0.000000e+00   0.000000e+00   0.000000e+00   0.000000e+00   0.000000e+00   0.000000e+00   1.122170e-22   1.920713e-22   1.248891e-22   1.090095e-22   1.801819e-22   2.520717e-22   3.359008e-22   5.252335e-22   7.635154e-22   4.096329e-21   8.540880e-21   7.219106e-21   0.000000e+00
         7.7500   0.000000e+00   0.000000e+00   0.000000e+00   0.000000e+00   0.000000e+00   0.000000e+00   0.000000e+00   0.000000e+00   1.065161e-22   1.847906e-22   1.169103e-22   1.003470e-22   1.658882e-22   2.317556e-22   3.087093e-22   4.854280e-22   7.320689e-22   3.911195e-21   8.205690e-21   6.908568e-21   0.000000e+00
         7.8000   0.000000e+00   0.000000e+00   0.000000e+00   0.000000e+00   0.000000e+00   0.000000e+00   0.000000e+00   0.000000e+00   1.010480e-22   1.777774e-22   1.092940e-22   9.219095e-23   1.524415e-22   2.126684e-22   2.831808e-22   4.479100e-22   7.011545e-22   3.729861e-21   7.879576e-21   6.609865e-21   0.000000e+00
         7.8500   0.000000e+00   0.000000e+00   0.000000e+00   0.000000e+00   0.000000e+00   0.000000e+00   0.000000e+00   0.000000e+00   9.580502e-23   1.710146e-22   1.020189e-22   8.452957e-23   1.398219e-22   1.947753e-22   2.592652e-22   4.126267e-22   6.708430e-22   3.552546e-21   7.560793e-21   6.320872e-21   0.000000e+00
         7.9000   0.000000e+00   0.000000e+00   0.000000e+00   0.000000e+00   0.000000e+00   0.000000e+00   0.000000e+00   0.000000e+00   9.077925e-23   1.644854e-22   9.505703e-23   7.734952e-23   1.280052e-22   1.780390e-22   2.369098e-22   3.795332e-22   6.411884e-22   3.379527e-21   7.250354e-21   6.041135e-21   0.000000e+00
         7.9500   0.000000e+00   0.000000e+00   0.000000e+00   0.000000e+00   0.000000e+00   0.000000e+00   0.000000e+00   0.000000e+00   8.596219e-23   1.581730e-22   8.840407e-23   7.063619e-23   1.169605e-22   1.624196e-22   2.160590e-22   3.485860e-22   6.122734e-22   3.211066e-21   6.949084e-21   5.771059e-21   0.000000e+00
         8.0000   0.000000e+00   0.000000e+00   0.000000e+00   0.000000e+00   0.000000e+00   0.000000e+00   0.000000e+00   0.000000e+00   8.134594e-23   1.520606e-22   8.208068e-23   6.437381e-23   1.066551e-22   1.478756e-22   1.966548e-22   3.197208e-22   5.842172e-22   3.047429e-21   6.656048e-21   5.510407e-21   0.000000e+00
         8.0500   0.000000e+00   0.000000e+00   0.000000e+00   0.000000e+00   0.000000e+00   0.000000e+00   0.000000e+00   0.000000e+00   7.692351e-23   1.461332e-22   7.610552e-23   5.854561e-23   9.706144e-23   1.343632e-22   1.786369e-22   2.927999e-22   5.571034e-22   2.888852e-21   6.370259e-21   5.258177e-21   0.000000e+00
         8.1000   0.000000e+00   0.000000e+00   0.000000e+00   0.000000e+00   0.000000e+00   0.000000e+00   0.000000e+00   0.000000e+00   7.268855e-23   1.403777e-22   7.047474e-23   5.313399e-23   8.815453e-23   1.218374e-22   1.619434e-22   2.676647e-22   5.307179e-22   2.735321e-21   6.092003e-21   5.013910e-21   0.000000e+00
         8.1500   0.000000e+00   0.000000e+00   0.000000e+00   0.000000e+00   0.000000e+00   0.000000e+00   0.000000e+00   0.000000e+00   6.863557e-23   1.347830e-22   6.517070e-23   4.812074e-23   7.990755e-23   1.102520e-22   1.465112e-22   2.442128e-22   5.047506e-22   2.586522e-21   5.820985e-21   4.777658e-21   0.000000e+00
         8.2000   0.000000e+00   0.000000e+00   0.000000e+00   0.000000e+00   0.000000e+00   0.000000e+00   0.000000e+00   0.000000e+00   6.475936e-23   1.293401e-22   6.017490e-23   4.348719e-23   7.228839e-23   9.956027e-23   1.322762e-22   2.224225e-22   4.791238e-22   2.442174e-21   5.555275e-21   4.548479e-21   0.000000e+00
         8.2500   0.000000e+00   0.000000e+00   0.000000e+00   0.000000e+00   0.000000e+00   0.000000e+00   0.000000e+00   0.000000e+00   6.105476e-23   1.240412e-22   5.547544e-23   3.921446e-23   6.526317e-23   8.971512e-23   1.191744e-22   2.022759e-22   4.541054e-22   2.302505e-21   5.294459e-21   4.325239e-21   0.000000e+00
         8.3000   0.000000e+00   0.000000e+00   0.000000e+00   0.000000e+00   0.000000e+00   0.000000e+00   0.000000e+00   0.000000e+00   5.751641e-23   1.188797e-22   5.106530e-23   3.528354e-23   5.879828e-23   8.066972e-23   1.071421e-22   1.837061e-22   4.299790e-22   2.167941e-21   5.040258e-21   4.108318e-21   0.000000e+00
         8.3500   0.000000e+00   0.000000e+00   0.000000e+00   0.000000e+00   0.000000e+00   0.000000e+00   0.000000e+00   0.000000e+00   5.413915e-23   1.138496e-22   4.693674e-23   3.167551e-23   5.286192e-23   7.237771e-23   9.611637e-23   1.666024e-22   4.068192e-22   2.038828e-21   4.793915e-21   3.898614e-21   0.000000e+00
         8.4000   0.000000e+00   0.000000e+00   0.000000e+00   0.000000e+00   0.000000e+00   0.000000e+00   0.000000e+00   0.000000e+00   5.091778e-23   1.089462e-22   4.308055e-23   2.837164e-23   4.742335e-23   6.479350e-23   8.603545e-23   1.508537e-22   3.845063e-22   1.915111e-21   4.554979e-21   3.696266e-21   0.000000e+00
         8.4500   0.000000e+00   0.000000e+00   0.000000e+00   0.000000e+00   0.000000e+00   0.000000e+00   0.000000e+00   0.000000e+00   4.784730e-23   1.041655e-22   3.948520e-23   2.535351e-23   4.245239e-23   5.787255e-23   7.683910e-23   1.363661e-22   3.629326e-22   1.796606e-21   4.322747e-21   3.500752e-21   0.000000e+00
         8.5000   0.000000e+00   0.000000e+00   0.000000e+00   0.000000e+00   0.000000e+00   0.000000e+00   0.000000e+00   0.000000e+00   4.492287e-23   9.950469e-23   3.613868e-23   2.260309e-23   3.791941e-23   5.157154e-23   6.846888e-23   1.230660e-22   3.420606e-22   1.683142e-21   4.096999e-21   3.311652e-21   0.000000e+00
         8.5500   0.000000e+00   0.000000e+00   0.000000e+00   0.000000e+00   0.000000e+00   0.000000e+00   0.000000e+00   0.000000e+00   4.213972e-23   9.496176e-23   3.302911e-23   2.010281e-23   3.379536e-23   4.584853e-23   6.086830e-23   1.108833e-22   3.219278e-22   1.574683e-21   3.878043e-21   3.128946e-21   0.000000e+00
         8.6000   0.000000e+00   0.000000e+00   0.000000e+00   0.000000e+00   0.000000e+00   0.000000e+00   0.000000e+00   0.000000e+00   3.949312e-23   9.053550e-23   3.014483e-23   1.783564e-23   3.005216e-23   4.066310e-23   5.398303e-23   9.974955e-23   3.025706e-22   1.471244e-21   3.666171e-21   2.952751e-21   0.000000e+00
         8.6500   0.000000e+00   0.000000e+00   0.000000e+00   0.000000e+00   0.000000e+00   0.000000e+00   0.000000e+00   0.000000e+00   3.697846e-23   8.622525e-23   2.747474e-23   1.578512e-23   2.666276e-23   3.597638e-23   4.776093e-23   8.959415e-23   2.840119e-22   1.372809e-21   3.461543e-21   2.783144e-21   0.000000e+00
         8.7000   0.000000e+00   0.000000e+00   0.000000e+00   0.000000e+00   0.000000e+00   0.000000e+00   0.000000e+00   0.000000e+00   3.459124e-23   8.203089e-23   2.500788e-23   1.393540e-23   2.360122e-23   3.175116e-23   4.215218e-23   8.034803e-23   2.662501e-22   1.279317e-21   3.264147e-21   2.620101e-21   0.000000e+00
         8.7500   0.000000e+00   0.000000e+00   0.000000e+00   0.000000e+00   0.000000e+00   0.000000e+00   0.000000e+00   0.000000e+00   3.232721e-23   7.795282e-23   2.273331e-23   1.227129e-23   2.084277e-23   2.795189e-23   3.710927e-23   7.194500e-23   2.492755e-22   1.190658e-21   3.073961e-21   2.463534e-21   0.000000e+00
         8.8000   0.000000e+00   0.000000e+00   0.000000e+00   0.000000e+00   0.000000e+00   0.000000e+00   0.000000e+00   0.000000e+00   3.018224e-23   7.399193e-23   2.064003e-23   1.077824e-23   1.836378e-23   2.454471e-23   3.258702e-23   6.432212e-23   2.330759e-22   1.106713e-21   2.891207e-21   2.313421e-21   0.000000e+00
         8.8500   0.000000e+00   0.000000e+00   0.000000e+00   0.000000e+00   0.000000e+00   0.000000e+00   0.000000e+00   0.000000e+00   2.815225e-23   7.014939e-23   1.871722e-23   9.442383e-24   1.614178e-23   2.149748e-23   2.854258e-23   5.742035e-23   2.176386e-22   1.027356e-21   2.716110e-21   2.169879e-21   0.000000e+00
         8.9000   0.000000e+00   0.000000e+00   0.000000e+00   0.000000e+00   0.000000e+00   0.000000e+00   0.000000e+00   0.000000e+00   2.623314e-23   6.642643e-23   1.695417e-23   8.250550e-24   1.415541e-23   1.877973e-23   2.493542e-23   5.118403e-23   2.029532e-22   9.524643e-22   2.548224e-21   2.032811e-21   0.000000e+00
         8.9500   0.000000e+00   0.000000e+00   0.000000e+00   0.000000e+00   0.000000e+00   0.000000e+00   0.000000e+00   0.000000e+00   2.442086e-23   6.282423e-23   1.534042e-23   7.190267e-24   1.238448e-23   1.636270e-23   2.172729e-23   4.556039e-23   1.890084e-22   8.819147e-22   2.387022e-21   1.901792e-21   0.000000e+00
         9.0000   0.000000e+00   0.000000e+00   0.000000e+00   0.000000e+00   0.000000e+00   0.000000e+00   0.000000e+00   0.000000e+00   2.271128e-23   5.934383e-23   1.386587e-23   6.249756e-24   1.080995e-23   1.421930e-23   1.888222e-23   4.049954e-23   1.757908e-22   8.155788e-22   2.232780e-21   1.776645e-21   0.000000e+00
