# CIE bound-bound cooling efficiency for Fe (Z=26)
# Source: CHIANTI v11.0.2 via ChiantiPy ion.boundBoundLoss
# Units: erg cm^3 / s, per ion per electron, low-density limit (n_e = 1 cm^-3)
# T grid: 121 log-spaced points, 10^3.00 K -> 10^9.00 K
# Generated by pyathena/photchem/data/build_cool_tables.py
#
# log_T_K        L_Fe0          L_Fe1          L_Fe2          L_Fe3          L_Fe4          L_Fe5          L_Fe6          L_Fe7          L_Fe8          L_Fe9          L_Fe10         L_Fe11         L_Fe12         L_Fe13         L_Fe14         L_Fe15         L_Fe16         L_Fe17         L_Fe18         L_Fe19         L_Fe20         L_Fe21         L_Fe22         L_Fe23         L_Fe24         L_Fe25         L_Fe26       
         3.0000   0.000000e+00   0.000000e+00   0.000000e+00   3.557627e-22   5.740245e-22   2.490468e-21   4.727033e-21   8.427441e-21   1.203519e-20   1.619582e-20   2.067321e-20   3.073243e-20   4.065814e-20   5.300484e-20   9.472369e-20   1.207194e-19   1.363561e-19   2.768998e-20   1.874938e-19   3.569911e-20   1.484580e-19   1.823440e-19   6.906237e-19   1.347927e-18   1.171176e-18   7.418047e-19   0.000000e+00
         3.0500   0.000000e+00   0.000000e+00   0.000000e+00   3.359655e-22   5.419697e-22   2.351429e-21   4.463005e-21   7.956692e-21   1.136252e-20   1.529638e-20   1.951748e-20   2.901416e-20   3.838477e-20   5.004096e-20   8.942669e-20   1.139686e-19   1.287303e-19   3.438734e-20   1.770059e-19   3.370232e-20   1.401546e-19   1.721452e-19   6.519954e-19   1.285147e-18   1.105662e-18   7.003091e-19   0.000000e+00
         3.1000   0.000000e+00   0.000000e+00   0.000000e+00   3.172814e-22   5.117112e-22   2.220184e-21   4.213770e-21   7.512316e-21   1.072752e-20   1.444136e-20   1.842644e-20   2.739205e-20   3.623863e-20   4.724294e-20   8.442611e-20   1.075954e-19   1.215313e-19   3.246399e-20   1.671048e-19   3.181724e-20   1.323157e-19   1.625170e-19   6.155282e-19   1.213270e-18   1.044248e-18   6.611373e-19   0.000000e+00
         3.1500   0.000000e+00   0.000000e+00   0.000000e+00   2.996487e-22   4.831488e-22   2.096299e-21   3.978501e-21   8.987108e-21   1.032778e-20   1.363422e-20   1.739648e-20   2.586074e-20   3.421261e-20   4.460152e-20   7.970537e-20   1.015789e-19   1.147351e-19   3.064824e-20   1.577575e-19   3.003763e-20   1.249154e-19   1.534274e-19   5.811012e-19   1.145414e-18   9.858335e-19   8.280856e-19   0.000000e+00
         3.2000   0.000000e+00   0.000000e+00   0.000000e+00   2.830088e-22   4.561879e-22   1.979361e-21   3.756459e-21   8.485357e-21   9.750741e-21   1.287226e-20   1.642418e-20   2.441515e-20   3.229998e-20   4.210803e-20   7.524882e-20   9.589915e-20   1.083192e-19   2.893408e-20   1.489331e-19   2.835758e-20   1.179292e-19   1.448464e-19   5.486003e-19   1.081355e-18   9.306868e-19   7.817640e-19   0.000000e+00
         3.2500   0.000000e+00   0.000000e+00   0.000000e+00   2.673065e-22   4.307389e-22   1.868984e-21   3.546825e-21   8.011731e-21   9.206019e-21   1.218851e-20   1.550633e-20   2.305048e-20   3.049442e-20   3.975401e-20   7.104169e-20   9.053722e-20   1.022624e-19   2.731583e-20   1.406024e-19   2.677152e-20   1.113338e-19   1.367455e-19   5.179178e-19   1.020880e-18   8.834317e-19   7.380619e-19   0.000000e+00
         3.3000   0.000000e+00   0.000000e+00   0.000000e+00   2.524895e-22   4.067176e-22   1.764801e-21   3.348947e-21   7.564660e-21   8.691811e-21   1.150753e-20   1.463987e-20   2.176221e-20   2.878994e-20   3.753399e-20   6.707004e-20   8.547539e-20   9.654448e-20   2.578812e-20   1.327377e-19   2.527419e-20   1.051075e-19   1.290979e-19   4.889520e-19   9.637885e-19   8.340133e-19   6.967762e-19   0.000000e+00
         3.3500   0.000000e+00   0.000000e+00   0.000000e+00   2.385089e-22   3.840444e-22   1.666469e-21   3.162988e-21   7.142663e-21   8.206412e-21   1.086470e-20   1.382193e-20   2.054608e-20   2.718088e-20   3.543601e-20   6.332069e-20   8.069687e-20   9.114658e-20   4.009960e-20   1.253130e-19   2.386065e-20   9.922951e-20   1.218782e-19   4.616069e-19   9.339831e-19   7.873594e-19   6.579198e-19   0.000000e+00
         3.4000   0.000000e+00   0.000000e+00   0.000000e+00   2.253180e-22   3.626440e-22   1.573659e-21   2.986647e-21   6.744339e-21   7.748215e-21   1.025788e-20   1.304983e-20   1.939805e-20   2.566192e-20   3.345549e-20   5.978123e-20   7.708559e-20   8.605080e-20   3.785693e-20   1.183037e-19   2.252619e-20   9.368046e-20   1.150624e-19   4.357918e-19   8.817552e-19   7.738334e-19   1.033941e-18   0.000000e+00
         3.4500   0.000000e+00   0.000000e+00   0.000000e+00   2.128731e-22   3.424456e-22   1.486064e-21   2.820205e-21   6.368369e-21   7.315699e-21   9.812051e-21   1.232096e-20   1.831431e-20   2.422801e-20   3.161055e-20   5.643992e-20   7.277675e-20   8.124025e-20   3.573974e-20   1.116865e-19   2.126639e-20   8.844194e-20   1.086280e-19   4.114213e-19   8.324500e-19   7.305460e-19   9.761046e-19   0.000000e+00
         3.5000   0.000000e+00   0.000000e+00   0.000000e+00   2.011328e-22   3.233823e-22   1.403410e-21   2.672136e-21   6.013506e-21   6.907431e-21   9.264293e-21   1.163344e-20   1.729128e-20   2.287442e-20   2.984425e-20   5.328568e-20   6.870914e-20   7.669897e-20   3.374101e-20   1.054394e-19   2.007709e-20   8.349656e-20   1.025537e-19   3.884144e-19   7.859040e-19   6.896801e-19   9.215321e-19   0.000000e+00
         3.5500   0.000000e+00   0.000000e+00   0.000000e+00   1.900581e-22   3.053905e-22   1.325391e-21   2.523379e-21   7.528381e-21   6.522058e-21   8.747241e-21   1.098394e-20   1.632557e-20   2.159668e-20   2.817686e-20   5.030806e-20   6.486926e-20   7.241192e-20   3.185412e-20   9.954192e-20   1.895433e-20   7.882793e-20   9.681935e-20   3.666949e-19   7.419630e-19   6.511002e-19   8.704278e-19   0.000000e+00
         3.6000   0.000000e+00   0.000000e+00   0.000000e+00   1.796120e-22   2.884109e-22   1.252105e-21   2.382985e-21   7.108971e-21   6.158302e-21   8.259183e-21   1.037085e-20   1.541396e-20   2.039048e-20   2.660288e-20   4.749720e-20   6.124441e-20   6.836488e-20   3.007282e-20   9.397434e-20   1.789440e-20   7.442059e-20   9.140589e-20   3.461909e-19   7.004813e-19   7.237511e-19   8.223772e-19   0.000000e+00
         3.6500   0.000000e+00   0.000000e+00   0.000000e+00   1.697599e-22   2.723929e-22   1.182610e-21   2.307749e-21   6.713121e-21   5.814958e-21   7.798499e-21   9.797718e-21   1.455345e-20   1.925294e-20   2.526510e-20   4.484376e-20   5.782255e-20   6.454445e-20   2.839119e-20   8.871824e-20   1.689378e-20   7.025993e-20   8.629540e-20   3.268344e-19   6.613215e-19   6.832659e-19   7.763934e-19   0.000000e+00
         3.7000   0.000000e+00   0.000000e+00   0.000000e+00   1.604688e-22   2.572715e-22   1.117033e-21   2.179608e-21   6.339520e-21   5.490887e-21   7.620591e-21   9.251151e-21   1.374117e-20   1.817808e-20   2.385435e-20   4.233896e-20   5.459235e-20   6.093796e-20   2.680367e-20   8.375621e-20   1.594916e-20   6.633215e-20   8.147094e-20   3.085612e-19   6.492726e-19   6.450454e-19   7.332825e-19   0.000000e+00
         3.7500   0.000000e+00   0.000000e+00   0.000000e+00   1.517077e-22   2.431289e-22   1.058918e-21   2.058689e-21   5.986929e-21   5.185016e-21   7.195914e-21   8.735247e-21   1.297446e-20   1.716347e-20   2.252267e-20   3.997450e-20   5.154310e-20   5.753344e-20   4.068877e-20   7.907180e-20   1.505740e-20   6.262423e-20   7.691653e-20   2.913107e-19   6.129806e-19   6.089630e-19   6.922359e-19   0.000000e+00
         3.8000   0.000000e+00   0.000000e+00   0.000000e+00   1.434491e-22   2.296603e-22   1.000352e-21   1.944592e-21   5.654178e-21   4.896329e-21   6.795088e-21   8.248295e-21   1.225073e-20   1.621760e-20   2.126564e-20   3.774254e-20   4.866470e-20   5.431963e-20   3.841353e-20   7.464948e-20   1.421555e-20   5.912389e-20   7.261706e-20   2.750258e-19   5.787204e-19   5.748991e-19   1.057319e-18   0.000000e+00
         3.8500   0.000000e+00   0.000000e+00   0.000000e+00   1.356619e-22   2.169526e-22   9.451002e-22   1.836937e-21   5.340164e-21   4.623870e-21   6.416783e-21   7.822227e-21   1.156819e-20   1.531294e-20   2.060809e-20   3.563567e-20   4.594759e-20   5.128587e-20   3.626561e-20   7.047459e-20   1.342083e-20   5.581952e-20   6.855832e-20   2.596526e-19   5.463785e-19   5.427407e-19   9.982793e-19   0.000000e+00
         3.9000   0.000000e+00   0.000000e+00   0.000000e+00   1.283216e-22   2.063586e-22   8.929782e-22   1.928855e-21   5.043845e-21   4.366736e-21   6.059745e-21   7.386608e-21   1.092337e-20   1.445905e-20   1.945883e-20   3.364692e-20   4.338278e-20   4.842210e-20   3.423790e-20   6.653330e-20   1.267058e-20   5.270016e-20   6.472679e-20   2.451400e-19   5.158475e-19   7.207574e-19   9.440380e-19   0.000000e+00
         3.9500   0.000000e+00   0.000000e+00   0.000000e+00   1.214409e-22   1.949955e-22   8.664424e-22   1.822582e-21   4.764237e-21   4.124074e-21   5.722790e-21   6.975471e-21   1.031476e-20   1.365307e-20   1.837407e-20   3.176969e-20   4.096176e-20   4.571882e-20   3.232368e-20   6.281253e-20   1.196233e-20   4.975549e-20   6.111090e-20   2.314399e-19   4.870264e-19   6.804411e-19   8.917587e-19   0.000000e+00
         4.0000   0.000000e+00   0.000000e+00   0.000000e+00   1.149216e-22   1.842782e-22   8.189631e-22   1.722343e-21   4.500414e-21   3.895078e-21   5.404802e-21   6.587451e-21   9.746715e-21   1.296341e-20   1.735021e-20   2.999776e-20   3.867651e-20   4.316708e-20   3.051660e-20   5.929997e-20   1.129374e-20   4.697574e-20   5.769640e-20   2.185069e-19   4.598196e-19   6.423802e-19   8.419556e-19   0.000000e+00
         4.0500   0.000000e+00   0.000000e+00   0.000000e+00   1.087796e-22   1.741709e-22   7.741933e-22   1.627807e-21   4.251499e-21   3.678991e-21   5.104725e-21   6.341112e-21   9.204232e-21   1.224156e-20   1.638385e-20   2.832526e-20   3.651945e-20   4.075843e-20   2.881067e-20   5.598396e-20   1.066258e-20   4.435169e-20   5.447315e-20   2.062982e-19   4.341368e-19   6.064501e-19   7.951901e-19   0.000000e+00
         4.1000   0.000000e+00   0.000000e+00   0.000000e+00   1.034038e-22   1.730871e-22   7.319838e-22   1.538657e-21   4.016664e-21   3.475094e-21   5.072474e-21   5.989037e-21   8.692253e-21   1.156028e-20   1.654199e-20   2.674663e-20   3.448343e-20   3.848487e-20   2.720023e-20   5.285352e-20   1.006676e-20   4.187464e-20   5.145271e-20   1.947733e-19   4.098931e-19   5.725285e-19   7.499564e-19   0.000000e+00
         4.1500   0.000000e+00   0.000000e+00   0.000000e+00   9.794839e-23   1.637889e-22   7.729556e-22   1.845813e-21   3.795132e-21   3.282712e-21   4.791379e-21   5.656809e-21   8.209081e-21   1.091731e-20   1.562197e-20   2.525666e-20   3.256171e-20   3.633886e-20   2.567995e-20   4.989826e-20   9.504303e-21   3.953641e-20   4.857923e-20   1.838940e-19   3.870079e-19   5.405062e-19   7.091656e-19   0.000000e+00
         4.2000   0.000000e+00   0.000000e+00   0.000000e+00   9.281340e-23   1.550321e-22   7.314864e-22   1.745395e-21   3.586164e-21   3.101206e-21   4.526159e-21   5.343325e-21   7.791422e-21   1.056443e-20   1.475372e-20   2.385039e-20   3.074790e-20   3.431330e-20   2.424478e-20   4.710840e-20   8.973352e-21   3.732921e-20   4.586678e-20   1.736242e-19   3.654056e-19   5.102909e-19   6.714952e-19   0.000000e+00
         4.2500   0.000000e+00   0.000000e+00   0.000000e+00   9.053873e-23   1.467872e-22   6.924294e-22   1.650745e-21   3.968091e-21   2.929973e-21   4.275936e-21   5.047545e-21   7.359118e-21   9.978006e-21   1.393437e-20   2.252317e-20   2.903600e-20   3.240148e-20   2.288998e-20   4.447468e-20   8.472144e-21   3.524573e-20   4.355179e-20   1.639299e-19   3.450143e-19   4.817491e-19   6.340382e-19   0.000000e+00
         4.3000   0.000000e+00   0.000000e+00   0.000000e+00   8.594459e-23   1.690996e-22   6.556529e-22   1.561548e-21   3.749869e-21   2.768445e-21   4.039879e-21   4.768487e-21   6.951197e-21   9.424650e-21   1.316119e-20   2.127058e-20   2.742033e-20   3.059704e-20   2.161105e-20   4.198837e-20   7.999027e-21   3.327965e-20   4.112119e-20   1.547789e-19   3.257666e-19   6.583051e-19   6.000160e-19   0.000000e+00
         4.3500   0.000000e+00   0.000000e+00   0.000000e+00   8.163377e-23   1.606754e-22   6.210325e-22   1.477506e-21   3.544052e-21   2.616086e-21   3.817203e-21   4.734404e-21   6.566307e-21   8.902522e-21   1.243162e-20   2.008849e-20   2.589553e-20   2.889402e-20   2.040375e-20   3.964124e-20   7.552413e-21   3.142327e-20   3.882688e-20   1.461410e-19   3.075987e-19   6.214950e-19   5.665669e-19   0.000000e+00
         4.4000   0.000000e+00   0.000000e+00   0.000000e+00   7.759156e-23   1.527795e-22   7.513883e-22   1.398335e-21   3.349956e-21   2.472388e-21   3.607169e-21   4.473652e-21   6.340007e-21   8.409889e-21   1.174325e-20   1.897297e-20   2.445655e-20   2.728676e-20   1.926408e-20   3.742550e-20   7.131210e-21   2.968329e-20   3.821957e-20   1.379875e-19   2.904503e-19   5.868334e-19   5.335792e-19   0.000000e+00
         4.4500   0.000000e+00   0.000000e+00   0.000000e+00   8.287713e-23   1.453845e-22   7.126821e-22   1.323769e-21   3.166931e-21   2.336875e-21   3.409080e-21   4.227715e-21   5.990166e-21   7.945117e-21   1.109378e-20   1.792031e-20   2.309862e-20   2.576993e-20   2.300387e-20   3.533381e-20   6.733244e-21   2.802872e-20   3.608836e-20   1.302913e-19   2.816287e-19   5.540153e-19   5.039754e-19   0.000000e+00
         4.5000   0.000000e+00   0.000000e+00   0.000000e+00   7.915088e-23   1.384646e-22   6.763053e-22   1.253556e-21   2.994367e-21   2.209095e-21   3.222276e-21   3.995776e-21   5.660163e-21   7.992172e-21   1.152622e-20   1.692703e-20   2.181722e-20   2.433852e-20   2.171899e-20   3.335924e-20   6.357594e-21   2.646706e-20   3.407675e-20   1.230269e-19   2.659402e-19   5.231535e-19   6.020386e-19   0.000000e+00
         4.5500   0.000000e+00   0.000000e+00   0.000000e+00   7.569815e-23   1.923511e-22   6.421320e-22   1.569582e-21   2.831685e-21   2.088621e-21   3.046136e-21   3.777062e-21   5.348901e-21   7.552244e-21   1.089038e-20   1.598983e-20   2.060811e-20   2.298776e-20   2.050609e-20   3.149524e-20   6.010752e-21   2.512811e-20   3.217810e-20   1.161704e-19   2.511331e-19   4.939550e-19   5.686237e-19   0.000000e+00
         4.6000   0.000000e+00   0.000000e+00   0.000000e+00   7.250735e-23   1.840096e-22   6.100424e-22   1.486705e-21   2.678340e-21   1.975053e-21   2.880074e-21   3.570846e-21   5.055347e-21   7.137322e-21   1.029061e-20   1.510560e-20   1.946727e-20   2.171319e-20   1.936117e-20   2.973563e-20   5.675642e-21   2.372948e-20   3.038609e-20   1.096988e-19   2.371582e-19   4.666947e-19   5.378773e-19   0.000000e+00
         4.6500   0.000000e+00   0.000000e+00   0.000000e+00   6.956728e-23   1.762633e-22   5.799229e-22   1.408698e-21   2.533814e-21   1.868011e-21   2.723534e-21   3.376441e-21   5.055069e-21   6.746029e-21   9.724916e-21   1.427139e-20   1.839092e-20   2.051056e-20   1.828041e-20   2.807457e-20   5.359343e-21   2.240950e-20   3.395281e-20   1.035909e-19   2.239694e-19   4.406492e-19   5.078306e-19   0.000000e+00
         4.7000   0.000000e+00   0.000000e+00   0.000000e+00   6.686695e-23   1.690828e-22   5.516653e-22   1.335294e-21   2.397621e-21   1.767137e-21   2.575995e-21   3.429909e-21   4.779355e-21   6.377061e-21   9.191419e-21   1.348445e-20   1.737548e-20   1.937591e-20   1.726024e-20   2.650657e-20   5.146120e-21   2.116379e-20   3.206269e-20   9.782622e-20   2.115228e-19   4.164642e-19   4.801036e-19   0.000000e+00
         4.7500   0.000000e+00   0.000000e+00   0.000000e+00   8.207884e-23   1.624397e-22   5.251663e-22   1.266238e-21   2.269299e-21   1.672092e-21   2.436963e-21   3.244356e-21   4.519445e-21   6.029189e-21   8.688345e-21   1.274214e-20   1.641757e-20   1.830545e-20   1.629728e-20   2.502643e-20   4.859623e-21   2.079746e-20   3.027883e-20   9.238580e-20   1.997772e-19   3.933662e-19   4.530079e-19   0.000000e+00
         4.8000   0.000000e+00   0.000000e+00   0.000000e+00   7.951871e-23   1.563063e-22   6.595821e-22   1.201291e-21   2.148410e-21   1.582556e-21   2.305972e-21   3.069515e-21   4.274470e-21   5.701254e-21   8.214017e-21   1.204201e-20   1.551402e-20   1.729564e-20   1.538833e-20   2.362923e-20   4.589231e-21   1.964307e-20   2.859532e-20   8.725155e-20   1.886936e-19   3.713314e-19   4.262143e-19   0.000000e+00
         4.8500   0.000000e+00   0.000000e+00   0.000000e+00   7.725432e-23   1.506555e-22   6.284538e-22   1.140224e-21   2.034543e-21   1.498228e-21   2.256752e-21   2.904802e-21   4.043612e-21   5.893660e-21   7.766855e-21   1.138172e-20   1.466182e-20   1.634312e-20   1.453039e-20   2.231034e-20   4.875608e-21   1.855377e-20   2.700657e-20   8.240644e-20   1.782353e-19   3.515153e-19   4.026378e-19   0.000000e+00
         4.9000   0.000000e+00   0.000000e+00   0.000000e+00   7.527504e-23   1.454605e-22   5.992961e-22   1.082818e-21   1.927304e-21   1.418823e-21   2.136437e-21   2.749661e-21   3.826096e-21   5.575093e-21   7.345367e-21   1.075908e-20   1.385813e-20   1.544473e-20   1.372059e-20   2.106540e-20   4.604723e-21   1.752594e-20   3.614741e-20   7.783441e-20   1.683675e-19   3.320121e-19   3.804397e-19   0.000000e+00
         4.9500   0.000000e+00   0.000000e+00   0.000000e+00   7.356948e-23   1.997784e-22   5.719958e-22   1.028867e-21   1.826322e-21   1.344069e-21   2.023146e-21   2.603571e-21   3.621193e-21   5.274927e-21   6.948142e-21   1.017199e-20   1.310027e-20   1.459749e-20   1.295627e-20   1.989027e-20   4.349095e-21   1.944830e-20   3.413788e-20   7.352028e-20   1.590575e-19   3.142472e-19   3.586905e-19   0.000000e+00
         5.0000   0.000000e+00   0.000000e+00   0.000000e+00   7.212506e-23   1.931780e-22   5.464438e-22   9.781723e-22   1.731244e-21   1.273712e-21   1.916494e-21   2.466036e-21   3.428210e-21   4.992157e-21   6.573852e-21   9.618505e-21   1.238571e-20   1.379858e-20   1.223488e-20   1.878106e-20   4.107876e-21   1.837235e-20   3.224146e-20   6.944975e-20   1.502744e-19   3.606304e-19   3.390612e-19   0.000000e+00
         5.0500   0.000000e+00   0.000000e+00   0.000000e+00   7.092775e-23   1.871393e-22   5.225349e-22   9.305456e-22   1.641736e-21   1.207510e-21   1.816119e-21   2.336589e-21   3.516654e-21   4.725829e-21   6.221239e-21   9.096766e-21   1.171206e-20   1.304534e-20   1.155404e-20   1.773409e-20   3.880265e-21   1.735726e-20   3.045187e-20   6.560929e-20   1.419890e-19   3.405195e-19   3.201597e-19   0.000000e+00
         5.1000   0.000000e+00   0.000000e+00   0.000000e+00   8.769657e-23   1.816267e-22   5.001670e-22   8.858052e-22   1.557478e-21   1.145233e-21   1.721675e-21   2.214788e-21   3.331246e-21   4.475044e-21   5.889116e-21   8.605023e-21   1.107706e-20   1.233526e-20   1.091147e-20   1.674588e-20   5.493431e-21   1.639964e-20   2.876316e-20   6.198617e-20   1.341738e-19   3.213480e-19   3.023185e-19   0.000000e+00
         5.1500   0.000000e+00   0.000000e+00   0.000000e+00   8.656753e-23   1.766042e-22   4.792409e-22   8.437775e-22   1.478167e-21   1.086663e-21   1.632837e-21   2.100215e-21   3.156753e-21   4.238952e-21   5.576362e-21   8.141620e-21   1.047859e-20   1.166598e-20   1.030506e-20   1.581317e-20   5.189406e-21   1.549633e-20   2.716973e-20   5.856834e-20   1.268028e-19   3.038413e-19   2.851117e-19   0.000000e+00
         5.2000   0.000000e+00   0.000000e+00   0.000000e+00   8.571876e-23   1.720351e-22   4.596602e-22   8.042951e-22   1.403512e-21   1.031595e-21   1.549295e-21   1.992473e-21   2.992576e-21   4.016749e-21   5.281916e-21   7.704993e-21   9.914635e-21   1.103526e-20   9.732781e-21   1.493284e-20   4.902561e-21   2.049621e-20   2.566629e-20   5.534445e-20   1.198515e-19   2.871355e-19   2.690284e-19   0.000000e+00
         5.2500   0.000000e+00   0.000000e+00   0.000000e+00   8.512912e-23   1.678819e-22   4.413303e-22   8.867143e-22   1.333238e-21   9.798326e-22   1.470757e-21   1.891185e-21   2.838150e-21   3.807672e-21   5.313741e-21   7.293663e-21   9.383284e-21   1.044099e-20   9.192741e-21   1.410199e-20   4.631942e-21   1.936674e-20   2.424783e-20   5.230377e-20   1.132968e-19   2.724639e-19   2.540576e-19   0.000000e+00
         5.3000   0.000000e+00   0.000000e+00   0.000000e+00   8.477495e-23   1.641061e-22   4.241591e-22   8.453698e-22   1.267081e-21   9.311883e-22   1.396943e-21   1.795996e-21   2.692938e-21   3.611003e-21   5.035866e-21   6.906230e-21   8.882738e-21   9.881172e-21   8.683144e-21   1.331785e-20   4.376648e-21   1.830135e-20   3.329993e-20   4.943619e-20   1.071167e-19   2.564338e-19   2.405823e-19   0.000000e+00
         5.3500   0.000000e+00   0.000000e+00   0.000000e+00   8.463023e-23   1.606681e-22   4.080559e-22   8.064781e-22   1.204786e-21   8.854847e-22   1.327589e-21   1.706566e-21   2.556430e-21   3.426056e-21   4.774414e-21   6.541368e-21   8.411294e-21   9.353934e-21   8.202295e-21   1.257783e-20   7.834110e-21   1.729649e-20   3.145674e-20   4.673214e-20   1.012906e-19   2.431358e-19   2.272121e-19   0.000000e+00
         5.4000   0.000000e+00   0.000000e+00   0.000000e+00   8.466661e-23   1.575273e-22   3.929323e-22   7.698735e-22   1.146113e-21   8.425522e-22   1.262443e-21   1.622572e-21   2.428144e-21   3.252184e-21   4.528479e-21   6.197822e-21   7.967340e-21   8.857494e-21   7.748596e-21   1.187945e-20   7.401714e-21   1.634882e-20   2.971767e-20   4.418261e-20   9.579918e-20   2.294810e-19   2.145925e-19   0.000000e+00
         5.4500   0.000000e+00   0.000000e+00   0.000000e+00   8.485333e-23   1.546425e-22   3.787019e-22   7.353964e-22   1.090829e-21   8.022290e-22   1.201265e-21   1.613725e-21   2.307620e-21   3.088771e-21   4.297203e-21   5.874402e-21   7.549347e-21   8.390172e-21   7.320534e-21   1.122040e-20   6.993792e-21   1.545516e-20   2.807694e-20   4.177908e-20   9.062390e-20   2.165055e-19   2.028709e-19   0.000000e+00
         5.5000   0.000000e+00   0.000000e+00   0.000000e+00   8.515724e-23   1.519715e-22   3.652798e-22   7.028933e-22   1.038711e-21   7.643603e-22   1.143826e-21   1.535902e-21   2.194421e-21   2.935233e-21   4.079768e-21   5.569978e-21   7.155866e-21   7.950376e-21   6.916685e-21   1.059849e-20   6.608983e-21   1.461252e-20   2.652907e-20   3.951351e-20   8.574743e-20   2.045402e-19   1.912455e-19   0.000000e+00
         5.5500   0.000000e+00   0.000000e+00   0.000000e+00   8.554338e-23   1.494720e-22   3.998191e-22   6.722161e-22   9.895450e-22   7.287983e-22   1.089906e-21   1.462856e-21   2.088130e-21   2.791011e-21   3.875401e-21   5.283479e-21   6.785524e-21   7.536603e-21   6.535701e-21   1.001164e-20   6.245998e-21   1.381807e-20   2.506889e-20   3.737828e-20   8.115334e-20   1.937726e-19   1.806526e-19   0.000000e+00
         5.6000   0.000000e+00   0.000000e+00   0.000000e+00   8.597571e-23   1.471012e-22   3.854565e-22   6.432221e-22   9.431277e-22   6.954012e-22   1.039297e-21   1.394309e-21   1.988349e-21   2.803907e-21   3.683363e-21   5.013884e-21   6.437016e-21   7.147427e-21   6.176308e-21   9.457902e-21   5.903622e-21   1.878381e-20   2.369154e-20   3.536622e-20   7.682612e-20   1.833153e-19   1.708062e-19   0.000000e+00
         5.6500   0.000000e+00   0.000000e+00   0.000000e+00   8.641753e-23   1.448168e-22   3.718102e-22   6.157744e-22   8.992627e-22   6.640334e-22   9.917983e-22   1.329994e-21   1.894698e-21   2.668696e-21   3.502953e-21   4.760226e-21   6.109103e-21   6.781499e-21   5.837304e-21   8.935426e-21   5.580702e-21   1.775962e-20   2.239238e-20   3.347054e-20   7.275109e-20   1.729096e-19   1.613686e-19   0.000000e+00
         5.7000   0.000000e+00   0.000000e+00   0.000000e+00   8.683179e-23   1.602131e-22   3.587987e-22   5.897430e-22   8.577623e-22   6.345642e-22   9.472171e-22   1.269654e-21   1.806814e-21   2.541745e-21   3.333499e-21   4.521581e-21   5.800605e-21   6.437535e-21   5.517551e-21   8.442465e-21   5.276152e-21   1.679389e-20   2.116707e-20   3.168481e-20   6.891436e-20   1.633109e-19   1.522356e-19   0.000000e+00
         5.7500   0.000000e+00   0.000000e+00   0.000000e+00   8.718127e-23   1.573291e-22   3.463437e-22   5.650044e-22   8.184477e-22   6.068686e-22   9.053691e-22   1.213045e-21   1.724347e-21   2.422566e-21   3.174361e-21   4.297070e-21   5.510401e-21   6.114317e-21   5.215974e-21   7.977370e-21   8.600594e-21   1.588336e-20   2.001148e-20   3.000295e-20   6.530281e-20   1.545421e-19   1.438465e-19   0.000000e+00
         5.8000   0.000000e+00   0.000000e+00   0.000000e+00   8.742938e-23   1.544691e-22   3.343719e-22   5.414410e-22   7.811505e-22   5.808273e-22   8.660773e-22   1.159930e-21   1.726927e-21   2.310690e-21   3.024928e-21   4.085853e-21   5.237420e-21   5.810692e-21   4.931556e-21   7.538581e-21   8.129333e-21   1.502495e-20   1.892170e-20   2.841920e-20   6.190398e-20   1.456484e-19   1.359318e-19   0.000000e+00
         5.8500   0.000000e+00   0.000000e+00   0.000000e+00   9.288222e-23   1.515952e-22   3.228166e-22   5.189401e-22   7.457110e-22   5.563255e-22   8.291724e-22   1.110084e-21   1.650074e-21   2.205669e-21   2.884613e-21   3.887132e-21   4.980645e-21   5.525560e-21   4.663335e-21   7.124621e-21   7.684804e-21   1.421573e-20   1.789405e-20   2.692813e-20   5.870609e-20   1.374667e-19   1.283505e-19   0.000000e+00
         5.9000   0.000000e+00   0.000000e+00   0.000000e+00   9.272625e-23   1.486729e-22   3.116173e-22   4.973980e-22   7.119761e-22   5.332526e-22   7.944913e-22   1.063290e-21   1.577924e-21   2.107071e-21   2.752853e-21   3.700141e-21   4.739102e-21   5.257872e-21   4.410398e-21   6.734095e-21   7.265502e-21   1.345292e-20   1.692505e-20   2.552459e-20   5.569796e-20   1.300194e-19   1.212487e-19   0.000000e+00
         5.9500   0.000000e+00   0.000000e+00   0.000000e+00   9.240072e-23   1.456717e-22   3.007178e-22   4.767210e-22   6.798017e-22   5.115028e-22   7.618761e-22   1.019340e-21   1.510169e-21   2.014484e-21   2.629110e-21   3.524148e-21   4.511862e-21   5.006625e-21   4.171883e-21   6.365682e-21   6.870000e-21   1.273392e-20   1.601138e-20   2.420367e-20   5.286899e-20   1.229895e-19   1.146173e-19   0.000000e+00
         6.0000   0.000000e+00   0.000000e+00   0.000000e+00   9.188107e-23   1.425655e-22   2.900660e-22   4.568244e-22   6.490566e-22   4.909768e-22   7.311763e-22   9.780295e-22   1.446509e-21   1.927512e-21   2.512867e-21   3.358457e-21   4.298039e-21   4.770860e-21   3.946971e-21   6.018131e-21   6.496946e-21   1.205622e-20   1.840236e-20   2.296076e-20   5.020910e-20   1.165690e-19   1.083650e-19   0.000000e+00
         6.0500   0.000000e+00   0.000000e+00   0.000000e+00   9.114726e-23   1.393328e-22   2.796160e-22   4.376290e-22   6.196225e-22   4.715788e-22   7.022491e-22   9.391667e-22   1.386656e-21   1.845770e-21   2.403624e-21   3.202403e-21   4.096786e-21   4.549663e-21   3.734886e-21   5.690257e-21   6.145058e-21   1.141746e-20   1.740830e-20   2.179144e-20   4.770873e-20   1.103222e-19   1.024709e-19   0.000000e+00
         6.1000   0.000000e+00   0.000000e+00   0.000000e+00   9.018403e-23   1.359565e-22   2.693309e-22   4.190607e-22   5.913905e-22   4.532154e-22   6.749567e-22   9.025675e-22   1.330333e-21   1.768888e-21   2.300899e-21   3.055350e-21   3.907298e-21   4.342160e-21   3.534892e-21   5.380937e-21   5.813120e-21   1.081540e-20   1.647084e-20   2.069153e-20   4.535876e-20   1.046561e-19   9.691514e-20   0.000000e+00
         6.1500   0.000000e+00   0.000000e+00   0.000000e+00   8.898055e-23   1.324248e-22   2.591813e-22   4.010543e-22   5.642573e-22   4.357960e-22   6.491637e-22   8.680536e-22   1.277279e-21   1.696515e-21   2.204232e-21   2.916687e-21   3.728803e-21   4.147513e-21   3.346288e-21   5.089106e-21   5.499977e-21   1.024792e-20   1.558674e-20   1.965708e-20   4.315056e-20   9.910962e-20   9.167884e-20   0.000000e+00
         6.2000   0.000000e+00   0.000000e+00   0.000000e+00   8.753085e-23   1.287305e-22   2.491441e-22   3.835574e-22   5.381267e-22   4.192382e-22   6.247395e-22   8.354500e-22   1.227237e-21   1.628313e-21   2.113183e-21   2.785833e-21   3.560560e-21   3.964917e-21   3.168408e-21   4.813753e-21   5.204531e-21   9.712997e-21   1.475295e-20   1.868436e-20   4.107588e-20   9.388686e-20   8.674416e-20   0.000000e+00
         6.2500   0.000000e+00   0.000000e+00   0.000000e+00   8.583460e-23   1.248721e-22   2.392033e-22   3.665266e-22   5.129168e-22   4.034687e-22   6.015646e-22   8.045880e-22   1.179960e-21   1.563955e-21   2.027329e-21   2.662240e-21   3.401869e-21   3.793591e-21   3.000619e-21   4.553919e-21   4.925737e-21   9.208711e-21   1.396654e-20   1.776978e-20   3.912688e-20   8.910168e-20   8.209352e-20   0.000000e+00
         6.3000   0.000000e+00   0.000000e+00   0.000000e+00   8.389695e-23   1.208528e-22   2.293499e-22   3.499263e-22   4.885602e-22   3.884186e-22   5.795314e-22   7.753135e-22   1.135205e-21   1.503119e-21   1.946254e-21   2.545394e-21   3.252074e-21   3.632780e-21   2.842320e-21   4.308690e-21   4.662600e-21   8.733233e-21   1.322477e-20   1.690994e-20   3.729606e-20   8.456656e-20   7.770984e-20   0.000000e+00
         6.3500   0.000000e+00   0.000000e+00   0.000000e+00   8.172793e-23   1.166811e-22   2.195802e-22   3.337297e-22   4.649992e-22   3.740171e-22   5.585365e-22   7.474859e-22   1.092755e-21   1.445501e-21   1.869559e-21   2.434792e-21   3.110545e-21   3.481752e-21   2.692939e-21   4.077204e-21   4.414174e-21   9.973861e-21   1.252501e-20   1.610162e-20   3.557626e-20   8.020111e-20   7.357766e-20   0.000000e+00
         6.4000   0.000000e+00   0.000000e+00   0.000000e+00   7.934201e-23   1.123696e-22   2.098938e-22   3.179186e-22   4.421856e-22   3.601947e-22   5.384737e-22   7.209693e-22   1.052408e-21   1.390826e-21   1.796871e-21   2.329953e-21   2.976671e-21   3.339797e-21   2.551926e-21   3.858638e-21   4.179562e-21   9.456792e-21   1.186475e-20   1.534171e-20   3.396062e-20   7.598647e-20   6.968250e-20   0.000000e+00
         6.4500   0.000000e+00   0.000000e+00   0.000000e+00   7.675770e-23   1.079349e-22   2.002950e-22   3.024801e-22   4.200820e-22   3.468913e-22   5.192401e-22   6.956243e-22   1.013968e-21   1.338836e-21   1.727848e-21   2.230427e-21   2.849870e-21   3.206255e-21   2.418759e-21   3.652204e-21   5.088241e-21   8.968807e-21   1.124164e-20   1.462722e-20   3.244256e-20   7.212306e-20   6.601079e-20   0.000000e+00
         6.5000   0.000000e+00   0.000000e+00   0.000000e+00   7.399699e-23   1.033964e-22   1.907942e-22   2.874037e-22   3.986602e-22   3.340596e-22   5.007467e-22   6.713169e-22   9.772369e-22   1.289273e-21   1.662165e-21   2.135815e-21   2.729617e-21   3.080495e-21   2.292953e-21   3.457161e-21   4.815965e-21   8.508091e-21   1.065339e-20   1.395534e-20   3.101577e-20   6.837047e-20   6.255000e-20   0.000000e+00
         6.5500   0.000000e+00   0.000000e+00   0.000000e+00   7.108446e-23   9.877608e-23   1.814065e-22   2.726852e-22   3.778951e-22   3.216552e-22   4.829196e-22   6.479319e-22   9.420247e-22   1.241884e-21   1.599494e-21   2.045759e-21   2.615444e-21   2.961867e-21   2.174047e-21   3.272818e-21   4.558586e-21   8.072936e-21   1.009789e-20   1.332333e-20   2.967427e-20   6.486427e-20   5.928868e-20   0.000000e+00
         6.6000   0.000000e+00   0.000000e+00   0.000000e+00   6.804659e-23   9.409822e-23   1.721493e-22   2.583277e-22   3.577655e-22   3.096334e-22   4.656891e-22   6.253717e-22   9.081677e-22   1.196428e-21   1.539516e-21   1.959901e-21   2.506908e-21   2.849717e-21   2.061560e-21   3.098503e-21   4.315187e-21   7.661740e-21   9.573112e-21   1.272863e-20   2.841225e-20   6.164782e-20   5.621641e-20   0.000000e+00
         6.6500   0.000000e+00   0.000000e+00   0.000000e+00   6.491102e-23   8.938874e-23   1.630419e-22   2.443394e-22   3.382592e-22   2.979528e-22   4.489861e-22   6.035431e-22   8.755256e-22   1.152706e-21   1.481946e-21   1.877885e-21   2.403557e-21   2.743486e-21   1.955041e-21   2.933531e-21   4.084850e-21   7.272952e-21   9.077170e-21   1.216889e-20   2.722431e-20   5.861820e-20   5.332318e-20   0.000000e+00
         6.7000   0.000000e+00   0.000000e+00   0.000000e+00   6.170581e-23   8.467412e-23   1.541051e-22   2.307306e-22   3.193723e-22   2.865787e-22   4.327470e-22   5.823546e-22   8.439659e-22   1.110537e-21   1.426542e-21   1.799381e-21   2.304959e-21   2.642731e-21   1.854140e-21   2.777299e-21   3.866688e-21   6.905004e-21   8.608164e-21   1.164179e-20   2.610526e-20   5.576740e-20   5.059910e-20   0.000000e+00
         6.7500   0.000000e+00   0.000000e+00   0.000000e+00   5.845882e-23   7.998058e-23   1.453606e-22   2.175133e-22   3.011053e-22   2.754812e-22   4.169171e-22   5.617232e-22   8.133607e-22   1.069753e-21   1.373079e-21   1.724126e-21   2.210738e-21   2.546947e-21   1.758576e-21   2.629331e-21   3.659944e-21   6.556464e-21   8.164263e-21   1.114478e-20   2.504985e-20   5.308713e-20   4.803441e-20   0.000000e+00
         6.8000   0.000000e+00   0.000000e+00   0.000000e+00   5.519699e-23   7.533336e-23   1.368294e-22   2.047010e-22   2.834602e-22   2.646347e-22   4.014486e-22   5.415770e-22   7.835928e-22   1.030189e-21   1.321347e-21   1.651894e-21   2.120593e-21   2.455480e-21   1.667932e-21   2.489166e-21   3.464004e-21   6.226143e-21   7.743875e-21   1.067549e-20   2.405287e-20   5.052756e-20   4.561977e-20   0.000000e+00
         6.8500   0.000000e+00   0.000000e+00   0.000000e+00   5.194575e-23   7.075636e-23   1.285316e-22   1.923082e-22   2.664413e-22   2.540219e-22   3.863008e-22   5.218539e-22   7.545601e-22   9.917005e-22   1.271146e-21   1.582472e-21   2.034244e-21   2.367648e-21   1.581686e-21   2.356161e-21   3.278156e-21   5.912972e-21   7.345686e-21   1.023216e-20   2.310984e-20   4.816026e-20   4.334622e-20   0.000000e+00
         6.9000   0.000000e+00   0.000000e+00   0.000000e+00   4.872845e-23   6.627166e-23   1.204858e-22   1.803485e-22   2.500549e-22   2.436316e-22   3.714456e-22   5.025010e-22   7.261748e-22   9.541596e-22   1.222300e-21   1.515651e-21   1.951425e-21   2.283132e-21   1.499396e-21   2.229612e-21   3.101528e-21   5.615591e-21   6.968217e-21   9.813608e-21   2.221719e-20   4.593328e-20   4.120523e-20   0.000000e+00
         6.9500   0.000000e+00   0.000000e+00   0.000000e+00   4.556626e-23   6.189914e-23   1.127088e-22   1.688338e-22   2.343076e-22   2.334527e-22   3.568630e-22   4.834826e-22   6.983634e-22   9.174584e-22   1.174656e-21   1.451244e-21   1.871879e-21   2.201899e-21   1.420992e-21   2.109070e-21   2.933272e-21   5.332516e-21   6.609724e-21   9.417630e-21   2.137105e-20   4.383768e-20   3.918877e-20   0.000000e+00
         7.0000   0.000000e+00   0.000000e+00   0.000000e+00   4.247797e-23   5.765641e-23   1.052156e-22   1.577744e-22   2.192047e-22   2.234728e-22   3.425340e-22   4.647718e-22   6.710763e-22   8.815095e-22   1.128086e-21   1.389088e-21   1.795377e-21   2.123889e-21   1.346537e-21   1.994457e-21   2.772999e-21   5.062595e-21   6.268502e-21   9.041143e-21   2.056635e-20   4.186440e-20   3.728896e-20   0.000000e+00
         7.0500   0.000000e+00   0.000000e+00   0.000000e+00   3.947980e-23   5.355864e-23   9.801835e-23   1.471788e-22   2.047499e-22   2.136804e-22   3.284388e-22   4.463445e-22   6.442767e-22   8.462565e-22   1.082496e-21   1.329044e-21   1.721719e-21   2.048486e-21   1.275869e-21   1.885752e-21   2.620606e-21   4.805438e-21   5.943689e-21   8.681449e-21   1.979763e-20   4.000474e-20   3.549840e-20   0.000000e+00
         7.1000   0.000000e+00   0.000000e+00   0.000000e+00   3.658523e-23   4.961855e-23   9.112641e-23   1.370535e-22   1.909447e-22   2.040704e-22   3.145606e-22   4.281760e-22   6.179313e-22   8.116530e-22   1.037822e-21   1.270997e-21   1.650732e-21   1.974864e-21   1.208386e-21   1.782478e-21   2.475885e-21   4.560861e-21   5.634953e-21   8.338535e-21   1.906205e-20   3.825109e-20   3.381029e-20   0.000000e+00
         7.1500   0.000000e+00   0.000000e+00   0.000000e+00   3.380512e-23   4.584630e-23   8.454626e-23   1.274022e-22   1.777896e-22   1.946462e-22   3.008924e-22   4.102474e-22   5.920067e-22   7.776559e-22   9.940085e-22   1.214878e-21   1.582293e-21   1.902482e-21   1.143466e-21   1.683826e-21   2.338006e-21   4.328023e-21   5.341799e-21   8.013350e-21   1.835900e-20   3.659639e-20   3.221822e-20   0.000000e+00
         7.2000   0.000000e+00   0.000000e+00   0.000000e+00   3.114783e-23   4.224950e-23   7.828230e-23   1.182248e-22   1.652823e-22   1.854140e-22   2.874393e-22   3.925536e-22   5.664776e-22   7.442249e-22   9.510023e-22   1.160623e-21   1.516309e-21   1.831410e-21   1.080927e-21   1.589125e-21   2.205997e-21   4.105306e-21   5.062543e-21   7.705420e-21   1.768798e-20   3.503388e-20   3.071609e-20   0.000000e+00
         7.2500   0.000000e+00   0.000000e+00   0.000000e+00   2.861945e-23   3.883336e-23   7.233696e-23   1.095189e-22   1.534168e-22   1.763809e-22   2.742108e-22   3.751038e-22   5.413364e-22   7.113332e-22   9.087589e-22   1.108160e-21   1.452681e-21   1.761886e-21   1.020917e-21   1.498316e-21   2.079309e-21   3.891206e-21   4.795208e-21   7.410679e-21   1.704438e-20   3.355728e-20   2.929814e-20   0.000000e+00
         7.3000   0.000000e+00   0.000000e+00   0.000000e+00   2.622391e-23   3.560094e-23   6.671034e-23   1.012800e-22   1.421839e-22   1.675522e-22   2.612180e-22   3.579130e-22   5.165955e-22   6.789800e-22   8.672551e-22   1.057402e-21   1.391294e-21   1.694026e-21   9.635949e-22   1.411538e-21   1.957989e-21   3.685321e-21   4.538556e-21   7.124724e-21   1.642178e-20   3.216095e-20   2.795901e-20   0.000000e+00
         7.3500   0.000000e+00   0.000000e+00   0.000000e+00   2.396323e-23   3.255343e-23   6.140016e-23   9.350228e-23   1.315718e-22   1.589333e-22   2.484710e-22   3.409983e-22   4.922755e-22   6.471851e-22   8.265020e-22   1.008276e-21   1.332029e-21   1.627770e-21   9.089497e-22   1.328878e-21   1.842168e-21   3.487834e-21   4.292563e-21   6.846254e-21   1.581558e-20   3.083969e-20   2.669379e-20   0.000000e+00
         7.4000   0.000000e+00   0.000000e+00   0.000000e+00   2.183782e-23   2.969036e-23   5.640217e-23   8.617750e-23   1.215680e-22   1.505304e-22   2.359808e-22   3.243758e-22   4.683998e-22   6.159760e-22   7.865285e-22   9.607394e-22   1.274792e-21   1.562937e-21   8.569045e-22   1.250223e-21   1.731818e-21   3.298917e-21   4.057436e-21   6.576572e-21   1.522569e-20   2.958801e-20   2.549753e-20   0.000000e+00
         7.4500   0.000000e+00   0.000000e+00   0.000000e+00   1.984668e-23   2.700966e-23   5.171050e-23   7.929513e-23   1.121581e-22   1.423500e-22   2.237600e-22   3.080639e-22   4.449910e-22   5.853823e-22   7.473711e-22   9.147799e-22   1.219534e-21   1.499079e-21   8.071938e-22   1.175412e-21   1.626772e-21   3.118359e-21   3.833122e-21   6.317132e-21   1.465333e-20   2.840104e-20   2.436558e-20   0.000000e+00
         7.5000   0.000000e+00   0.000000e+00   0.000000e+00   1.798769e-23   2.450794e-23   4.731788e-23   7.284280e-23   1.033250e-22   1.343988e-22   2.118216e-22   2.920827e-22   4.220733e-22   5.554334e-22   7.090665e-22   8.703868e-22   1.166221e-21   1.435791e-21   7.593899e-22   1.103983e-21   1.526723e-21   2.945837e-21   3.619220e-21   6.068051e-21   1.409904e-20   2.727380e-20   2.329360e-20   0.000000e+00
         7.5500   0.000000e+00   0.000000e+00   0.000000e+00   1.625775e-23   2.218063e-23   4.321574e-23   6.680696e-23   9.505000e-23   1.266847e-22   2.001797e-22   2.764529e-22   3.996733e-22   5.261610e-22   6.716523e-22   8.275438e-22   1.114819e-21   1.373035e-21   7.131421e-22   1.035418e-21   1.431061e-21   2.780530e-21   3.415041e-21   5.828752e-21   1.356173e-20   2.620057e-20   2.227697e-20   0.000000e+00
         7.6000   0.000000e+00   0.000000e+00   0.000000e+00   1.465306e-23   2.002231e-23   3.939444e-23   6.117289e-23   8.731250e-23   1.192167e-22   1.888500e-22   2.611970e-22   3.778172e-22   4.975983e-22   6.351681e-22   7.862247e-22   1.065282e-21   1.311223e-21   6.685439e-22   9.694161e-22   1.339219e-21   2.621441e-21   3.219321e-21   5.597500e-21   1.303977e-20   2.517593e-20   2.131090e-20   0.000000e+00
         7.6500   0.000000e+00   0.000000e+00   0.000000e+00   1.316924e-23   1.802686e-23   3.584348e-23   5.592498e-23   8.009136e-23   1.120037e-22   1.778501e-22   2.463392e-22   3.565335e-22   4.697782e-22   5.996530e-22   7.464010e-22   1.017556e-21   1.250791e-21   6.258842e-22   9.061988e-22   1.251097e-21   2.467875e-21   3.030942e-21   5.371271e-21   1.252935e-20   2.419659e-20   2.039164e-20   0.000000e+00
         7.7000   0.000000e+00   0.000000e+00   0.000000e+00   1.180149e-23   1.618761e-23   3.255182e-23   5.104684e-23   7.336455e-23   1.050523e-22   1.671966e-22   2.319054e-22   3.358528e-22   4.427367e-22   5.651469e-22   7.080425e-22   9.715857e-22   1.191849e-21   5.853644e-22   8.460606e-22   1.167015e-21   2.320151e-21   2.849645e-21   5.147675e-21   1.202700e-20   2.325969e-20   1.951639e-20   0.000000e+00
         7.7500   0.000000e+00   0.000000e+00   0.000000e+00   1.054469e-23   1.449751e-23   2.950792e-23   4.652162e-23   6.710955e-23   9.836694e-23   1.569032e-22   2.179199e-22   3.158076e-22   4.165126e-22   5.316935e-22   6.711155e-22   9.273099e-22   1.134274e-21   5.468833e-22   7.890869e-22   1.087252e-21   2.178845e-21   2.676030e-21   4.927546e-21   1.153177e-20   2.235969e-20   1.868141e-20   0.000000e+00
         7.8000   0.000000e+00   0.000000e+00   0.000000e+00   9.393523e-24   1.294920e-23   2.669991e-23   4.233236e-23   6.130345e-23   9.195069e-23   1.469807e-22   2.044030e-22   2.964278e-22   3.911449e-22   4.993389e-22   6.355919e-22   8.846702e-22   1.077931e-21   5.102663e-22   7.350714e-22   1.011725e-21   2.044242e-21   2.510637e-21   4.713201e-21   1.104613e-20   2.149111e-20   1.788207e-20   0.000000e+00
         7.8500   0.000000e+00   0.000000e+00   0.000000e+00   8.342553e-24   1.153515e-23   2.411579e-23   3.846198e-23   5.592346e-23   8.580684e-23   1.374376e-22   1.913707e-22   2.777377e-22   3.666678e-22   4.681261e-22   6.014504e-22   8.436172e-22   1.022807e-21   4.753636e-22   6.837876e-22   9.401645e-22   1.915989e-21   2.353332e-21   4.506327e-21   1.057275e-20   2.065215e-20   1.711534e-20   0.000000e+00
         7.9000   0.000000e+00   0.000000e+00   0.000000e+00   7.386271e-24   1.024768e-23   2.174344e-23   3.489346e-23   5.094712e-23   7.993826e-23   1.282823e-22   1.788365e-22   2.597555e-22   3.431073e-22   4.380900e-22   5.686743e-22   8.041111e-22   9.690163e-22   4.421359e-22   6.350765e-22   8.723099e-22   1.793636e-21   2.203552e-21   4.306215e-21   1.011211e-20   1.984325e-20   1.637993e-20   0.000000e+00
         7.9500   0.000000e+00   0.000000e+00   0.000000e+00   6.519159e-24   9.079106e-24   1.957075e-23   3.160998e-23   4.635227e-23   7.434610e-23   1.195223e-22   1.668132e-22   2.424957e-22   3.204827e-22   4.092552e-22   5.372433e-22   7.661130e-22   9.166763e-22   4.105757e-22   5.888938e-22   8.080273e-22   1.676820e-21   2.060748e-21   4.111481e-21   9.662688e-21   1.906482e-20   1.567545e-20   0.000000e+00
         8.0000   0.000000e+00   0.000000e+00   0.000000e+00   5.735721e-24   8.021797e-24   1.758563e-23   2.859500e-23   4.211721e-23   6.902951e-23   1.111622e-22   1.553116e-22   2.259717e-22   2.988092e-22   3.816386e-22   5.071281e-22   7.295770e-22   8.658998e-22   3.806717e-22   5.452043e-22   7.472594e-22   1.565446e-21   1.924613e-21   3.921060e-21   9.222996e-21   1.831250e-20   1.499985e-20   0.000000e+00
         8.0500   0.000000e+00   0.000000e+00   0.000000e+00   5.030506e-24   7.068227e-24   1.577615e-23   2.583225e-23   3.822089e-23   6.398585e-23   1.032032e-22   1.443383e-22   2.101941e-22   2.781007e-22   3.552532e-22   4.782941e-22   6.944499e-22   8.167935e-22   3.524211e-22   5.039714e-22   6.899436e-22   1.459479e-21   1.795071e-21   3.734846e-21   8.792465e-21   1.757907e-20   1.434835e-20   0.000000e+00
         8.1000   0.000000e+00   0.000000e+00   0.000000e+00   4.398132e-24   6.211031e-24   1.413058e-23   2.330570e-23   3.464282e-23   5.921152e-23   9.564411e-23   1.338957e-22   1.951681e-22   2.583656e-22   3.301092e-22   4.507071e-22   6.606757e-22   7.694465e-22   3.258290e-22   4.651728e-22   6.360212e-22   1.358880e-21   1.672050e-21   3.553187e-21   8.371645e-21   1.686279e-20   1.371740e-20   0.000000e+00
         8.1500   0.000000e+00   0.000000e+00   0.000000e+00   3.833305e-24   5.443029e-24   1.263752e-23   2.099974e-23   3.136301e-23   5.470227e-23   8.848162e-23   1.239824e-22   1.808933e-22   2.396060e-22   3.062091e-22   4.243403e-22   6.282067e-22   7.238444e-22   3.008779e-22   4.287896e-22   5.854456e-22   1.263617e-21   1.555493e-21   3.376388e-21   7.961194e-21   1.616642e-20   1.310734e-20   0.000000e+00
         8.2000   0.000000e+00   0.000000e+00   0.000000e+00   3.330846e-24   4.757263e-24   1.128589e-23   1.889920e-23   2.836193e-23   5.045303e-23   8.171126e-23   1.145944e-22   1.673640e-22   2.218163e-22   2.835468e-22   3.991673e-22   5.970031e-22   6.798877e-22   2.774437e-22   3.947374e-22   5.381597e-22   1.173654e-21   1.445345e-21   3.204799e-21   7.561747e-21   1.549088e-20   1.251878e-20   0.000000e+00
         8.2500   0.000000e+00   0.000000e+00   0.000000e+00   2.885700e-24   4.147024e-24   1.006507e-23   1.698940e-23   2.562076e-23   4.645822e-23   7.532701e-23   1.057260e-22   1.545715e-22   2.049853e-22   2.621075e-22   3.751587e-22   5.670247e-22   6.374996e-22   2.553664e-22   3.628224e-22   4.939822e-22   1.088864e-21   1.341518e-21   3.038777e-21   7.173930e-21   1.483335e-20   1.195020e-20   0.000000e+00
         8.3000   0.000000e+00   0.000000e+00   0.000000e+00   2.492968e-24   3.605880e-24   8.964827e-24   1.525628e-23   2.312127e-23   4.271137e-23   6.932175e-23   9.736923e-23   1.425044e-22   1.890985e-22   2.418706e-22   3.522806e-22   5.382297e-22   5.967633e-22   2.345621e-22   3.328461e-22   4.526514e-22   1.008898e-21   1.243693e-21   2.878570e-21   6.798290e-21   1.419238e-20   1.139962e-20   0.000000e+00
         8.3500   0.000000e+00   0.000000e+00   0.000000e+00   2.147925e-24   3.127695e-24   7.975416e-24   1.368636e-23   2.084596e-23   3.920500e-23   6.368682e-23   8.951434e-23   1.311489e-22   1.741379e-22   2.228123e-22   3.304971e-22   5.105733e-22   5.578101e-22   2.150662e-22   3.047509e-22   4.139556e-22   9.333715e-22   1.151404e-21   2.723662e-21   6.434706e-21   1.356902e-20   1.086674e-20   0.000000e+00
         8.4000   0.000000e+00   0.000000e+00   0.000000e+00   1.846038e-24   2.706642e-24   7.087556e-24   1.226681e-23   1.877811e-23   3.593069e-23   5.841190e-23   8.214957e-23   1.204892e-22   1.600831e-22   2.049046e-22   3.097742e-22   4.840129e-22   5.207239e-22   1.969200e-22   2.785640e-22   3.778635e-22   8.621170e-22   1.064273e-21   2.573266e-21   6.082410e-21   1.296111e-20   1.035109e-20   0.000000e+00
         8.4500   0.000000e+00   0.000000e+00   0.000000e+00   1.582991e-24   2.337205e-24   6.292469e-24   1.098543e-23   1.690179e-23   3.287948e-23   5.348512e-23   7.526090e-23   1.105068e-22   1.469109e-22   1.881173e-22   2.900796e-22   4.585111e-22   4.854669e-22   1.800927e-22   2.542945e-22   3.443789e-22   7.951772e-22   9.822712e-22   2.427153e-21   5.740789e-21   1.236440e-20   9.849873e-21   0.000000e+00
         8.5000   0.000000e+00   0.000000e+00   0.000000e+00   1.354701e-24   2.014195e-24   5.581874e-24   9.830662e-24   1.520184e-23   3.004190e-23   4.889370e-23   6.883236e-23   1.011807e-22   1.345953e-22   1.724170e-22   2.713831e-22   4.340346e-22   4.519665e-22   1.644888e-22   2.318446e-22   3.134441e-22   7.325834e-22   9.054464e-22   2.286017e-21   5.410456e-21   1.177985e-20   9.361732e-21   0.000000e+00
         8.5500   0.000000e+00   0.000000e+00   0.000000e+00   1.157341e-24   1.732748e-24   4.947997e-24   8.791632e-24   1.366391e-23   2.740823e-23   4.462396e-23   6.284675e-23   9.248717e-23   1.231068e-22   1.577672e-22   2.536558e-22   4.105545e-22   4.201552e-22   1.500110e-22   2.110793e-22   2.848914e-22   6.741835e-22   8.337425e-22   2.150607e-21   5.092418e-21   1.121154e-20   8.888451e-21   0.000000e+00
         8.6000   0.000000e+00   0.000000e+00   0.000000e+00   9.873503e-25   1.488335e-24   4.383570e-24   7.858115e-24   1.227446e-23   2.496861e-23   4.066173e-23   5.728573e-23   8.440131e-23   1.124135e-22   1.441275e-22   2.368687e-22   3.880447e-22   3.900065e-22   1.365849e-22   1.918691e-22   2.585422e-22   6.197136e-22   7.668755e-22   2.021159e-21   4.787431e-21   1.066117e-20   8.431592e-21   0.000000e+00
         8.6500   0.000000e+00   0.000000e+00   0.000000e+00   8.414431e-25   1.276759e-24   3.881819e-24   7.020550e-24   1.102074e-23   2.271304e-23   3.699253e-23   5.213036e-23   7.689671e-23   1.024820e-22   1.314556e-22   2.209908e-22   3.664796e-22   3.615020e-22   1.241617e-22   1.741222e-22   2.342382e-22   5.689095e-22   7.045248e-22   1.897325e-21   4.495307e-21   1.012717e-20   7.990558e-21   0.000000e+00
         8.7000   0.000000e+00   0.000000e+00   0.000000e+00   7.166114e-25   1.094166e-24   3.436447e-24   6.270024e-24   9.890835e-24   2.063151e-23   3.360161e-23   4.736126e-23   6.994634e-23   9.327743e-23   1.197075e-22   2.059897e-22   3.458327e-22   3.346153e-22   1.126946e-22   1.577642e-22   2.118648e-22   5.215692e-22   6.463975e-22   1.778755e-21   4.215599e-21   9.608095e-21   7.564200e-21   0.000000e+00
         8.7500   0.000000e+00   0.000000e+00   0.000000e+00   6.101236e-25   9.370335e-25   3.041633e-24   5.598253e-24   8.873608e-24   1.871412e-23   3.047410e-23   4.295871e-23   6.352280e-23   8.476447e-23   1.088385e-22   1.918330e-22   3.260780e-22   3.093058e-22   1.021359e-22   1.427225e-22   1.913162e-22   4.775433e-22   5.922930e-22   1.665251e-21   3.947908e-21   9.103880e-21   7.151913e-21   0.000000e+00
         8.8000   0.000000e+00   0.000000e+00   0.000000e+00   5.195183e-25   8.021664e-25   2.692036e-24   4.997551e-24   7.958707e-24   1.695119e-23   2.759524e-23   3.890291e-23   5.759834e-23   7.690752e-23   9.880332e-23   1.784874e-22   3.071898e-22   2.855211e-22   9.243245e-23   1.289219e-22   1.724883e-22   4.366838e-22   5.420330e-22   1.556853e-21   3.692158e-21   8.615254e-21   6.753887e-21   0.000000e+00
         8.8500   0.000000e+00   0.000000e+00   0.000000e+00   4.425958e-25   6.866820e-25   2.382776e-24   4.460819e-24   7.136521e-24   1.533337e-23   2.495053e-23   3.517419e-23   5.214524e-23   6.967074e-23   8.955692e-23   1.659199e-22   2.891428e-22   2.632072e-22   8.353043e-23   1.162830e-22   1.552729e-22   3.988370e-22   4.954376e-22   1.453596e-21   3.448370e-21   8.142800e-21   6.370353e-21   0.000000e+00
         8.9000   0.000000e+00   0.000000e+00   0.000000e+00   3.774058e-25   5.879973e-25   2.109414e-24   3.981558e-24   6.398142e-24   1.385157e-23   2.252588e-23   3.175322e-23   4.713605e-23   6.301853e-23   8.105421e-23   1.540982e-22   2.719130e-22   2.423095e-22   7.537753e-23   1.047283e-22   1.395612e-22   3.638342e-22   4.523131e-22   1.355469e-21   3.216494e-21   7.686727e-21   6.001402e-21   0.000000e+00
         8.9500   0.000000e+00   0.000000e+00   0.000000e+00   3.222321e-25   5.038122e-25   1.867931e-24   3.553837e-24   5.735373e-24   1.249698e-23   2.030758e-23   2.862126e-23   4.254391e-23   5.691586e-23   7.325078e-23   1.429893e-22   2.554767e-22   2.227738e-22   6.792344e-23   9.418303e-23   1.252479e-22   3.315075e-22   4.124561e-22   1.262373e-21   2.996367e-21   7.246941e-21   5.646894e-21   0.000000e+00
         9.0000   0.000000e+00   0.000000e+00   0.000000e+00   2.755756e-25   4.320925e-25   1.654697e-24   3.172270e-24   5.140727e-24   1.126102e-23   1.828224e-23   2.575998e-23   3.834278e-23   5.132857e-23   6.610318e-23   1.325611e-22   2.398101e-22   2.045476e-22   6.112085e-23   8.457605e-23   1.122324e-22   3.016956e-22   3.756698e-22   1.174173e-21   2.787716e-21   6.823471e-21   5.306648e-21   0.000000e+00
