# CIE bound-bound cooling efficiency for Mg (Z=12)
# Source: CHIANTI v11.0.2 via ChiantiPy ion.boundBoundLoss
# Units: erg cm^3 / s, per ion per electron, low-density limit (n_e = 1 cm^-3)
# T grid: 121 log-spaced points, 10^3.00 K -> 10^9.00 K
# Generated by pyathena/photchem/data/build_cool_tables.py
#
# log_T_K        L_Mg0          L_Mg1          L_Mg2          L_Mg3          L_Mg4          L_Mg5          L_Mg6          L_Mg7          L_Mg8          L_Mg9          L_Mg10         L_Mg11         L_Mg12       
         3.0000   0.000000e+00   7.309613e-40  2.066352e-284   3.311724e-22   8.822215e-22   1.624241e-53   4.685237e-21   1.884290e-21  1.723008e-107  3.388986e-118   0.000000e+00   0.000000e+00   0.000000e+00
         3.0500   0.000000e+00   1.851592e-37  1.631519e-255   4.435125e-22   1.131935e-21   8.864494e-50   5.610304e-21   2.978084e-21   6.478647e-98  2.403550e-107   0.000000e+00   0.000000e+00   0.000000e+00
         3.1000   0.000000e+00   2.554383e-35  9.211504e-230   5.719439e-22   1.410684e-21   1.885928e-46   6.628749e-21   4.448859e-21   2.219848e-89   1.123568e-97   0.000000e+00   0.000000e+00   0.000000e+00
         3.1500   0.000000e+00   2.050360e-33  8.172655e-207   7.131737e-22   1.713145e-21   1.732825e-43   7.727916e-21   6.320129e-21   9.001282e-82   4.659537e-89   0.000000e+00   0.000000e+00   0.000000e+00
         3.2000   0.000000e+00   1.015709e-31  2.298522e-186   8.630510e-22   2.033077e-21   7.533462e-41   8.887860e-21   8.584631e-21   5.449473e-75   2.234057e-81   0.000000e+00   0.000000e+00   0.000000e+00
         3.2500   0.000000e+00   3.272753e-30  3.830189e-168   1.016972e-21   2.363803e-21   1.681065e-38   1.008249e-20   1.120287e-20   6.056561e-69   1.567804e-74   0.000000e+00   0.000000e+00   0.000000e+00
         3.3000   0.000000e+00   7.187719e-29  6.604013e-152   1.170287e-21   2.698640e-21   2.070240e-36   1.128165e-20   1.410626e-20   1.485093e-63   1.986560e-68   0.000000e+00   0.000000e+00   0.000000e+00
         3.3500   0.000000e+00   1.121820e-27  1.936743e-137   1.318645e-21   3.031239e-21   1.500976e-34   1.245373e-20   1.720381e-20   9.461893e-59   5.477671e-63   0.000000e+00   0.000000e+00   0.000000e+00
         3.4000   0.000000e+00   1.291428e-26  1.504847e-124   1.458263e-21   3.355818e-21   6.786747e-33   1.356833e-20   2.039097e-20   1.811973e-54   3.880027e-58   0.000000e+00   0.000000e+00   0.000000e+00
         3.4500   0.000000e+00   1.133562e-25  4.599981e-113   1.586090e-21   3.667301e-21   2.014563e-31   1.459860e-20   2.355899e-20   1.187482e-50   8.182051e-54   0.000000e+00   0.000000e+00   0.000000e+00
         3.5000   0.000000e+00   7.814551e-25  7.871896e-103   1.699877e-21   3.961359e-21   4.109638e-30   1.552305e-20   2.660338e-20   2.989790e-47   5.856206e-50   0.000000e+00   0.000000e+00   0.000000e+00
         3.5500   0.000000e+00   4.344275e-24   1.033480e-93   1.798171e-21   4.234412e-21   6.001231e-29   1.632666e-20   2.943070e-20   3.206279e-44   1.598644e-46   0.000000e+00   0.000000e+00   0.000000e+00
         3.6000   0.000000e+00   1.993995e-23   1.379675e-85   1.880248e-21   4.483644e-21   6.505455e-28   1.700136e-20   3.196313e-20   1.605811e-41   1.846592e-43   0.000000e+00   0.000000e+00   0.000000e+00
         3.6500   0.000000e+00   7.717180e-23   2.410332e-78   1.946006e-21   4.707136e-21   5.407401e-27   1.754597e-20   3.414096e-20   4.077684e-39   9.900760e-41   0.000000e+00   0.000000e+00   0.000000e+00
         3.7000   0.000000e+00   2.565820e-22   6.906824e-72   1.995831e-21   4.904277e-21   3.547506e-26   1.796578e-20   3.592301e-20   5.649755e-37   2.676034e-38   0.000000e+00   0.000000e+00   0.000000e+00
         3.7500   0.000000e+00   7.451308e-22   3.963442e-66   2.030461e-21   5.076584e-21   1.884864e-25   1.827209e-20   3.728577e-20   4.560430e-35   3.924911e-36   0.000000e+00   0.000000e+00   0.000000e+00
         3.8000   0.000000e+00   1.918198e-21   5.432917e-61   2.050840e-21   5.228943e-21   8.299656e-25   1.848167e-20   3.822135e-20   2.273876e-33   3.336119e-34   0.000000e+00   0.000000e+00   0.000000e+00
         3.8500   0.000000e+00   4.435326e-21   2.078528e-56   2.057989e-21   5.371039e-21   3.091748e-24   1.861664e-20   3.873497e-20   7.379507e-32   1.742720e-32   0.000000e+00   0.000000e+00   0.000000e+00
         3.9000   0.000000e+00   9.320260e-21   2.545059e-52   2.052870e-21   5.518450e-21   9.924552e-24   1.870433e-20   3.884229e-20   1.633375e-30   5.896053e-31   0.000000e+00   0.000000e+00   0.000000e+00
         3.9500   0.000000e+00   1.798754e-20   1.124522e-48   2.036369e-21   5.692781e-21   2.790879e-23   1.877705e-20   3.856672e-20   2.570905e-29   1.353878e-29   0.000000e+00   0.000000e+00   0.000000e+00
         4.0000   0.000000e+00   3.219026e-20   1.992662e-45   2.009713e-21   5.920377e-21   6.977514e-23   1.887113e-20   3.793718e-20   2.987100e-28   2.200094e-28   0.000000e+00   0.000000e+00   0.000000e+00
         4.0500   0.000000e+00   5.388461e-20   1.560812e-42   1.974341e-21   6.229550e-21   1.571497e-22   1.902506e-20   3.698621e-20   2.649020e-27   2.626398e-27   0.000000e+00   0.000000e+00   0.000000e+00
         4.1000   0.000000e+00   8.503581e-20   5.902458e-40   1.931834e-21   6.646832e-21   3.226115e-22   1.927625e-20   3.574862e-20   1.847444e-26   2.381282e-26   0.000000e+00   0.000000e+00   0.000000e+00
         4.1500   0.000000e+00   1.274105e-19   1.166225e-37   1.883983e-21   7.193049e-21   6.099968e-22   1.965695e-20   3.426081e-20   1.040692e-25   1.689318e-25   0.000000e+00   0.000000e+00   0.000000e+00
         4.2000   0.000000e+00   1.824011e-19   1.292307e-35   1.832889e-21   7.880125e-21   1.072166e-21   2.018948e-20   3.256082e-20   4.850010e-25   9.629228e-25   0.000000e+00   0.000000e+00   0.000000e+00
         4.2500   0.000000e+00   2.509112e-19   8.559396e-34   1.780835e-21   8.709220e-21   1.766087e-21   2.088116e-20   3.068941e-20   1.910657e-24   4.515849e-24   0.000000e+00   0.000000e+00   0.000000e+00
         4.3000   0.000000e+00   3.333103e-19   3.588065e-32   1.729097e-21   9.670443e-21   2.745880e-21   2.171897e-20   2.869235e-20   6.487989e-24   1.779650e-23   0.000000e+00   0.000000e+00   0.000000e+00
         4.3500   0.000000e+00   4.294482e-19   1.001129e-30   1.678378e-21   1.074397e-20   4.055108e-21   2.266299e-20   2.662442e-20   1.933308e-23   6.005733e-23  4.116308e-318   0.000000e+00   0.000000e+00
         4.4000   0.000000e+00   5.387168e-19   1.944089e-29   1.629130e-21   1.190218e-20   5.720081e-21   2.363873e-20   2.455495e-20   5.140828e-23   1.764979e-22  1.330420e-285  1.064032e-316   0.000000e+00
         4.4500   0.000000e+00   6.601121e-19   2.734280e-28   1.581557e-21   1.311255e-20   7.746207e-21   2.457064e-20   2.257529e-20   1.239403e-22   4.585349e-22  1.403227e-256  7.061737e-282   0.000000e+00
         4.5000   0.000000e+00   7.922967e-19   2.886213e-27   1.535728e-21   1.434127e-20   1.011974e-20   2.545621e-20   2.080864e-20   2.750119e-22   1.067282e-21  1.029682e-230  2.840785e-253   0.000000e+00
         4.5500   0.000000e+00   9.336684e-19   2.360439e-26   1.492129e-21   1.555830e-20   1.281719e-20   2.633299e-20   1.941205e-20   5.692737e-22   2.252415e-21  1.159451e-207  8.803966e-228   0.000000e+00
         4.6000   0.000000e+00   1.082487e-18   1.538869e-25   1.453489e-21   1.674441e-20   1.582380e-20   2.729263e-20   1.853133e-20   1.111514e-21   4.356237e-21  4.053878e-187  4.583147e-205   0.000000e+00
         4.6500   0.000000e+00   1.237139e-18   8.203980e-25   1.427196e-21   1.790172e-20   1.915960e-20   2.850709e-20   1.833082e-20   2.063386e-21   7.794811e-21  8.245579e-169  8.028210e-185   0.000000e+00
         4.7000   0.000000e+00   1.396154e-18   3.659075e-24   1.429864e-21   1.907224e-20   2.290768e-20   3.024673e-20   1.902204e-20   3.666280e-21   1.301456e-20  1.706459e-152  8.789426e-167   0.000000e+00
         4.7500   0.000000e+00   1.557580e-18   1.393528e-23   1.494362e-21   2.035537e-20   2.723542e-20   3.283816e-20   2.087367e-20   6.262467e-21   2.043107e-20  5.909838e-138  1.044399e-150   0.000000e+00
         4.8000   0.000000e+00   1.719446e-18   4.615143e-23   1.678607e-21   2.191799e-20   3.239855e-20   3.659835e-20   2.421143e-20   1.030277e-20   3.036199e-20  5.331338e-125  2.202684e-136   0.000000e+00
         4.8500   0.000000e+00   1.879913e-18   1.350887e-22   2.075315e-21   2.400096e-20   3.872167e-20   4.189655e-20   2.941820e-20   1.633459e-20   4.297002e-20  1.858644e-113  1.278221e-123   0.000000e+00
         4.9000   0.000000e+00   2.037146e-18   3.544974e-22   2.822489e-21   2.690775e-20   4.655584e-20   4.913825e-20   3.699529e-20   2.496972e-20   5.822760e-20  3.563990e-103  3.016570e-112   0.000000e+00
         4.9500   0.000000e+00   2.189332e-18   8.444296e-22   4.115731e-21   3.097470e-20   5.622195e-20   5.872273e-20   4.746929e-20   3.683455e-20   7.590890e-20   5.151098e-94  4.101175e-102   0.000000e+00
         5.0000   0.000000e+00   2.334742e-18   1.845502e-21   6.224498e-21   3.653172e-20   6.795354e-20   7.099426e-20   6.129134e-20   5.244770e-20   9.560768e-20   7.436840e-86   4.381065e-93   0.000000e+00
         5.0500   0.000000e+00   2.471796e-18   3.734293e-21   9.513440e-21   4.386538e-20   8.185398e-20   8.619628e-20   7.876820e-20   7.212142e-20   1.167768e-19   1.380277e-78   4.849079e-85   0.000000e+00
         5.1000   0.000000e+00   2.599122e-18   7.050408e-21   1.446640e-20   5.319794e-20   9.787920e-20   1.044224e-19   1.000097e-19   9.590822e-20   1.387902e-19   4.131536e-72   7.115664e-78   0.000000e+00
         5.1500   0.000000e+00   2.715612e-18   1.250353e-20   2.170589e-20   6.469141e-20   1.158467e-19   1.255858e-19   1.249010e-19   1.235714e-19   1.610004e-19   2.440749e-66   1.724542e-71   0.000000e+00
         5.2000   0.000000e+00   2.820450e-18   2.094978e-20   3.199731e-20   7.847641e-20   1.354769e-19   1.494334e-19   1.530853e-19   1.545940e-19   1.827892e-19   3.397192e-61   8.396217e-66   0.000000e+00
         5.2500   0.000000e+00   2.913100e-18   3.333203e-20   4.622480e-20   9.469476e-20   1.564502e-19   1.755970e-19   1.840051e-19   1.882227e-19   2.036097e-19   1.303768e-56   9.777899e-61   0.000000e+00
         5.3000   0.000000e+00   2.993293e-18   5.058988e-20   6.532001e-20   1.135371e-19   1.784742e-19   2.036734e-19   2.169767e-19   2.235587e-19   2.230155e-19   1.586599e-52   3.182131e-56   0.000000e+00
         5.3500   0.000000e+00   3.060922e-18   7.356728e-20   9.016292e-20   1.352566e-19   2.013451e-19   2.333215e-19   2.512799e-19   2.596482e-19   2.406752e-19   6.931637e-49   3.324406e-52   0.000000e+00
         5.4000   0.000000e+00   3.115865e-18   1.029084e-19   1.214652e-19   1.601489e-19   2.249955e-19   2.643532e-19   2.862558e-19   2.955693e-19   2.563663e-19   1.213826e-45   1.261535e-48   0.000000e+00
         5.4500   0.000000e+00   3.158262e-18   1.389629e-19   1.596535e-19   1.884990e-19   2.495505e-19   2.967855e-19   3.213953e-19   3.305156e-19   2.699774e-19   9.400951e-43   1.941362e-45   0.000000e+00
         5.5000   0.000000e+00   3.188491e-18   1.817224e-19   2.047782e-19   2.205098e-19   2.752741e-19   3.308396e-19   3.563996e-19   3.638671e-19   2.815079e-19   3.518593e-40   1.336501e-42   0.000000e+00
         5.5500   0.000000e+00   3.207096e-18   2.307949e-19   2.564743e-19   2.562318e-19   3.024823e-19   3.669063e-19   3.912023e-19   3.952382e-19   2.910631e-19   6.888197e-38   4.492538e-40   0.000000e+00
         5.6000   0.000000e+00   3.214750e-18   2.854222e-19   3.140260e-19   2.955118e-19   3.314545e-19   4.054553e-19   4.259584e-19   4.244961e-19   2.988457e-19   7.568595e-36   7.971780e-38   0.000000e+00
         5.6500   0.000000e+00   3.212190e-18   3.445340e-19   3.764269e-19   3.379737e-19   3.623252e-19   4.469149e-19   4.609751e-19   4.517424e-19   3.051422e-19   4.970570e-34   8.005207e-36   0.000000e+00
         5.7000   0.000000e+00   3.200154e-18   4.068531e-19   4.424482e-19   3.830304e-19   3.950206e-19   4.915509e-19   4.966107e-19   4.772609e-19   3.102987e-19   2.063533e-32   4.840537e-34   0.000000e+00
         5.7500   0.000000e+00   3.179410e-18   4.710854e-19   5.107267e-19   4.299297e-19   4.292755e-19   5.393920e-19   5.331682e-19   5.014483e-19   3.147020e-19   5.692440e-31   1.862804e-32   0.000000e+00
         5.8000   0.000000e+00   3.150729e-18   5.359434e-19   5.798524e-19   4.778197e-19   4.646728e-19   5.902214e-19   5.708021e-19   5.247317e-19   3.187820e-19   1.090787e-29   4.793600e-31   0.000000e+00
         5.8500   0.000000e+00   3.114959e-18   6.001819e-19   6.484493e-19   5.258170e-19   5.006932e-19   6.435419e-19   6.094650e-19   5.474906e-19   3.229426e-19   1.510470e-28   8.620801e-30   0.000000e+00
         5.9000   0.000000e+00   3.072971e-18   6.626533e-19   7.152434e-19   5.730710e-19   5.367800e-19   6.986021e-19   6.489425e-19   5.699971e-19   3.275152e-19   1.565969e-27   1.127050e-28   0.000000e+00
         5.9500   0.000000e+00   3.025630e-18   7.223487e-19   7.791478e-19   6.188151e-19   5.723564e-19   7.544571e-19   6.888504e-19   5.923835e-19   3.327340e-19   1.254486e-26   1.109505e-27   0.000000e+00
         6.0000   0.000000e+00   2.973639e-18   7.784303e-19   8.394232e-19   6.624011e-19   6.068649e-19   8.100468e-19   7.286557e-19   6.146419e-19   3.387259e-19   7.987124e-26   8.486660e-27   0.000000e+00
         6.0500   0.000000e+00   2.917638e-18   8.302606e-19   8.955484e-19   7.033181e-19   6.398101e-19   8.643176e-19   7.677298e-19   6.366305e-19   3.455093e-19   4.144450e-25   5.186930e-26   0.000000e+00
         6.1000   0.000000e+00   2.858311e-18   8.773814e-19   9.471448e-19   7.411958e-19   6.707683e-19   9.163618e-19   8.054045e-19   6.580950e-19   3.529909e-19   1.792393e-24   2.596894e-25   0.000000e+00
         6.1500   0.000000e+00   2.796292e-18   9.194968e-19   9.939556e-19   7.757985e-19   6.994034e-19   9.653979e-19   8.410338e-19   6.787017e-19   3.610039e-19   6.591393e-24   1.088845e-24   0.000000e+00
         6.2000   0.000000e+00   2.732152e-18   9.564564e-19   1.035828e-18   8.070094e-19   7.254878e-19   1.010782e-18   8.740871e-19   6.980747e-19   3.693451e-19   2.098109e-23   3.899065e-24   0.000000e+00
         6.2500   0.000000e+00   2.666340e-18   9.882360e-19   1.072720e-18   8.348114e-19   7.488924e-19   1.052015e-18   9.041459e-19   7.158486e-19   3.778169e-19   5.873161e-23   1.213346e-23   0.000000e+00
         6.3000   0.000000e+00   2.599092e-18   1.014930e-18   1.104745e-18   8.592618e-19   7.695760e-19   1.088744e-18   9.308902e-19   7.318004e-19   3.862681e-19   1.466421e-22   3.332160e-23   0.000000e+00
         6.3500   0.000000e+00   2.530672e-18   1.036776e-18   1.132068e-18   8.804660e-19   7.875588e-19   1.120753e-18   9.540984e-19   7.457866e-19   3.946065e-19   3.307482e-22   8.186767e-23   0.000000e+00
         6.4000   0.000000e+00   2.461361e-18   1.054068e-18   1.154867e-18   8.985570e-19   8.029042e-19   1.147947e-18   9.736397e-19   7.576928e-19   4.027794e-19   6.815965e-22   1.821395e-22   0.000000e+00
         6.4500   0.000000e+00   2.391467e-18   1.067106e-18   1.173329e-18   9.136902e-19   8.156995e-19   1.170366e-18   9.894659e-19   7.674353e-19   4.107384e-19   1.296476e-21   3.709137e-22   0.000000e+00
         6.5000   0.000000e+00   2.321398e-18   1.076194e-18   1.187653e-18   9.260325e-19   8.260477e-19   1.188184e-18   1.001601e-18   7.749620e-19   4.184368e-19   2.296878e-21   6.980311e-22   0.000000e+00
         6.5500   0.000000e+00   2.251569e-18   1.081631e-18   1.198088e-18   9.357486e-19   8.340685e-19   1.201621e-18   1.010148e-18   7.802513e-19   4.258266e-19   3.820560e-21   1.224365e-21   0.000000e+00
         6.6000   0.000000e+00   2.182307e-18   1.083709e-18   1.205043e-18   9.429952e-19   8.398955e-19   1.210920e-18   1.015352e-18   7.833122e-19   4.328866e-19   6.009191e-21   2.016882e-21   0.000000e+00
         6.6500   0.000000e+00   2.113752e-18   1.082707e-18   1.208877e-18   9.479190e-19   8.436647e-19   1.216337e-18   1.017483e-18   7.841927e-19   4.396036e-19   8.993811e-21   3.141419e-21   0.000000e+00
         6.7000   0.000000e+00   2.045909e-18   1.078908e-18   1.209852e-18   9.506563e-19   8.455124e-19   1.218134e-18   1.016789e-18   7.830208e-19   4.459293e-19   1.288090e-20   4.654489e-21   0.000000e+00
         6.7500   0.000000e+00   1.978815e-18   1.072631e-18   1.208167e-18   9.513332e-19   8.455693e-19   1.216566e-18   1.013496e-18   7.799423e-19   4.518300e-19   1.774140e-20   6.595698e-21   0.000000e+00
         6.8000   0.000000e+00   1.912535e-18   1.064159e-18   1.203992e-18   9.500676e-19   8.439581e-19   1.211880e-18   1.007815e-18   7.750917e-19   4.574048e-19   2.360415e-20   8.982163e-21   0.000000e+00
         6.8500   0.000000e+00   1.847157e-18   1.053731e-18   1.197477e-18   9.469711e-19   8.407928e-19   1.204322e-18   9.999505e-19   7.685942e-19   4.624867e-19   3.045406e-20   1.180578e-20   0.000000e+00
         6.9000   0.000000e+00   1.782830e-18   1.041557e-18   1.188767e-18   9.421505e-19   8.361796e-19   1.194145e-18   9.901208e-19   7.605699e-19   4.670107e-19   3.823479e-20   1.503291e-20   0.000000e+00
         6.9500   0.000000e+00   1.719707e-18   1.027825e-18   1.178017e-18   9.357097e-19   8.302172e-19   1.181595e-18   9.785284e-19   7.511424e-19   4.709067e-19   4.685468e-20   1.860693e-20   0.000000e+00
         7.0000   0.000000e+00   1.657912e-18   1.012714e-18   1.165430e-18   9.277512e-19   8.229991e-19   1.166914e-18   9.653528e-19   7.404687e-19   4.744076e-19   5.619445e-20   2.245403e-20   0.000000e+00
         7.0500   0.000000e+00   1.597545e-18   9.964273e-19   1.151192e-18   9.183769e-19   8.146138e-19   1.150379e-18   9.507582e-19   7.286995e-19   4.772178e-19   6.611551e-20   2.648973e-20   0.000000e+00
         7.1000   0.000000e+00   1.538685e-18   9.791396e-19   1.135466e-18   9.076885e-19   8.051464e-19   1.132325e-18   9.348981e-19   7.159667e-19   4.792152e-19   7.646809e-20   3.062546e-20   0.000000e+00
         7.1500   0.000000e+00   1.481385e-18   9.609905e-19   1.118401e-18   8.957880e-19   7.946799e-19   1.113009e-18   9.179292e-19   7.023895e-19   4.803322e-19   8.709555e-20   3.477467e-20   0.000000e+00
         7.2000   0.000000e+00   1.425695e-18   9.420989e-19   1.100135e-18   8.827775e-19   7.832952e-19   1.092627e-18   9.000526e-19   6.880784e-19   4.805211e-19   9.783941e-20   3.885765e-20   0.000000e+00
         7.2500   0.000000e+00   1.371651e-18   9.225703e-19   1.080809e-18   8.687585e-19   7.710719e-19   1.071334e-18   8.814435e-19   6.731442e-19   4.799962e-19   1.085494e-19   4.280502e-20   0.000000e+00
         7.3000   0.000000e+00   1.319268e-18   9.025014e-19   1.060589e-18   8.538317e-19   7.580886e-19   1.049260e-18   8.622364e-19   6.577255e-19   4.787918e-19   1.190882e-19   4.655970e-20   0.000000e+00
         7.3500   0.000000e+00   1.268532e-18   8.819823e-19   1.039614e-18   8.380965e-19   7.444225e-19   1.026521e-18   8.425403e-19   6.419410e-19   4.766545e-19   1.293341e-19   5.007754e-20   0.000000e+00
         7.4000   0.000000e+00   1.219381e-18   8.610981e-19   1.017994e-18   8.216500e-19   7.301498e-19   1.003219e-18   8.224483e-19   6.258787e-19   4.736177e-19   1.391825e-19   5.332691e-20   0.000000e+00
         7.4500   0.000000e+00   1.171755e-18   8.399291e-19   9.958221e-19   8.045867e-19   7.153447e-19   9.794578e-19   8.020432e-19   6.096087e-19   4.697245e-19   1.485379e-19   5.628757e-20   0.000000e+00
         7.5000   0.000000e+00   1.125607e-18   8.185516e-19   9.731846e-19   7.869978e-19   7.000799e-19   9.553373e-19   7.814014e-19   5.931908e-19   4.650239e-19   1.573129e-19   5.894906e-20   0.000000e+00
         7.5500   0.000000e+00   1.080901e-18   7.970372e-19   9.501632e-19   7.689708e-19   6.844257e-19   9.309561e-19   7.605987e-19   5.766785e-19   4.595659e-19   1.654416e-19   6.130887e-20   0.000000e+00
         7.6000   0.000000e+00   1.037614e-18   7.754529e-19   9.268366e-19   7.505887e-19   6.684497e-19   9.064057e-19   7.397232e-19   5.601220e-19   4.534052e-19   1.728787e-19   6.337071e-20   0.000000e+00
         7.6500   0.000000e+00   9.957397e-19   7.538613e-19   9.032812e-19   7.319304e-19   6.522167e-19   8.817706e-19   7.188522e-19   5.435715e-19   4.468746e-19   1.795969e-19   6.514287e-20   0.000000e+00
         7.7000   0.000000e+00   9.552659e-19   7.323202e-19   8.795709e-19   7.130698e-19   6.357885e-19   8.571286e-19   6.980489e-19   5.270893e-19   4.399105e-19   1.855846e-19   6.663674e-20   0.000000e+00
         7.7500   0.000000e+00   9.161759e-19   7.108827e-19   8.557764e-19   6.940761e-19   6.192231e-19   8.325586e-19   6.773671e-19   5.107317e-19   4.324207e-19   1.908428e-19   6.786575e-20   0.000000e+00
         7.8000   0.000000e+00   8.784487e-19   6.895974e-19   8.319651e-19   6.750133e-19   6.025752e-19   8.081404e-19   6.568536e-19   4.945445e-19   4.244614e-19   1.953833e-19   6.884440e-20   0.000000e+00
         7.8500   0.000000e+00   8.420598e-19   6.685082e-19   8.081999e-19   6.559407e-19   5.858959e-19   7.839335e-19   6.365511e-19   4.785656e-19   4.160890e-19   1.992289e-19   6.958768e-20   0.000000e+00
         7.9000   0.000000e+00   8.069820e-19   6.476547e-19   7.845399e-19   6.369126e-19   5.692324e-19   7.599833e-19   6.165021e-19   4.628262e-19   4.073561e-19   2.024116e-19   7.011055e-20   0.000000e+00
         7.9500   0.000000e+00   7.731858e-19   6.270722e-19   7.610393e-19   6.179785e-19   5.526283e-19   7.363262e-19   5.967404e-19   4.473540e-19   3.983108e-19   2.049674e-19   7.042771e-20   0.000000e+00
         8.0000   0.000000e+00   7.406404e-19   6.067922e-19   7.377477e-19   5.991833e-19   5.361234e-19   7.129936e-19   5.772916e-19   4.321765e-19   3.890006e-19   2.069350e-19   7.055339e-20   0.000000e+00
         8.0500   0.000000e+00   7.093138e-19   5.868422e-19   7.147101e-19   5.805674e-19   5.197540e-19   6.900127e-19   5.581761e-19   4.173127e-19   3.794720e-19   2.083551e-19   7.050132e-20   0.000000e+00
         8.1000   0.000000e+00   6.791729e-19   5.672460e-19   6.919666e-19   5.621669e-19   5.035529e-19   6.674084e-19   5.394114e-19   4.027734e-19   3.697748e-19   2.092704e-19   7.028468e-20   0.000000e+00
         8.1500   0.000000e+00   6.501845e-19   5.480245e-19   6.695532e-19   5.440139e-19   4.875494e-19   6.452030e-19   5.210127e-19   3.885650e-19   3.599567e-19   2.097276e-19   6.991612e-20   0.000000e+00
         8.2000   0.000000e+00   6.223148e-19   5.291950e-19   6.475014e-19   5.261368e-19   4.717697e-19   6.234163e-19   5.029932e-19   3.746919e-19   3.500608e-19   2.097770e-19   6.940778e-20   0.000000e+00
         8.2500   0.000000e+00   5.955300e-19   5.107723e-19   6.258387e-19   5.085602e-19   4.562369e-19   6.020664e-19   4.853648e-19   3.611570e-19   3.401259e-19   2.094670e-19   6.877135e-20   0.000000e+00
         8.3000   0.000000e+00   5.697965e-19   4.927683e-19   6.045889e-19   4.913056e-19   4.409712e-19   5.811687e-19   4.681374e-19   3.479629e-19   3.301872e-19   2.088439e-19   6.801806e-20   0.000000e+00
         8.3500   0.000000e+00   5.450807e-19   4.751925e-19   5.837719e-19   4.743912e-19   4.259901e-19   5.607366e-19   4.513196e-19   3.351112e-19   3.203000e-19   2.079522e-19   6.715873e-20   0.000000e+00
         8.4000   0.000000e+00   5.213497e-19   4.580523e-19   5.634047e-19   4.578326e-19   4.113085e-19   5.407813e-19   4.349184e-19   3.226034e-19   3.105630e-19   2.068345e-19   6.620377e-20   0.000000e+00
         8.4500   0.000000e+00   4.985706e-19   4.413531e-19   5.435009e-19   4.416423e-19   3.969392e-19   5.213117e-19   4.189389e-19   3.104401e-19   3.009069e-19   2.055315e-19   6.516317e-20   0.000000e+00
         8.5000   0.000000e+00   4.767113e-19   4.250981e-19   5.240715e-19   4.258308e-19   3.828924e-19   5.023348e-19   4.033850e-19   2.986215e-19   2.913548e-19   2.040823e-19   6.404653e-20   0.000000e+00
         8.5500   0.000000e+00   4.557402e-19   4.092891e-19   5.051250e-19   4.104062e-19   3.691767e-19   4.838555e-19   3.882589e-19   2.871470e-19   2.819265e-19   2.025240e-19   6.286300e-20   0.000000e+00
         8.6000   0.000000e+00   4.356263e-19   3.939265e-19   4.866672e-19   3.953746e-19   3.557986e-19   4.658768e-19   3.735616e-19   2.760151e-19   2.726390e-19   2.008921e-19   6.162132e-20   0.000000e+00
         8.6500   0.000000e+00   4.163392e-19   3.790091e-19   4.687023e-19   3.807402e-19   3.427629e-19   4.484000e-19   3.592924e-19   2.652239e-19   2.635059e-19   1.992201e-19   6.032979e-20   0.000000e+00
         8.7000   0.000000e+00   3.978493e-19   3.645346e-19   4.512321e-19   3.665055e-19   3.300731e-19   4.314250e-19   3.454498e-19   2.547705e-19   2.545381e-19   1.975399e-19   5.899624e-20   0.000000e+00
         8.7500   0.000000e+00   3.801276e-19   3.504995e-19   4.342571e-19   3.526717e-19   3.177310e-19   4.149500e-19   3.320308e-19   2.446515e-19   2.457450e-19   1.958820e-19   5.762806e-20   0.000000e+00
         8.8000   0.000000e+00   3.631461e-19   3.368996e-19   4.177760e-19   3.392384e-19   3.057374e-19   3.989719e-19   3.190317e-19   2.348627e-19   2.371337e-19   1.942751e-19   5.623216e-20   0.000000e+00
         8.8500   0.000000e+00   3.468771e-19   3.237296e-19   4.017861e-19   3.262042e-19   2.940918e-19   3.834865e-19   3.064477e-19   2.253995e-19   2.287105e-19   1.927465e-19   5.481500e-20   0.000000e+00
         8.9000   0.000000e+00   3.312940e-19   3.109835e-19   3.862837e-19   3.135665e-19   2.827927e-19   3.684885e-19   2.942732e-19   2.162565e-19   2.204805e-19   1.913226e-19   5.338256e-20   0.000000e+00
         8.9500   0.000000e+00   3.163708e-19   2.986549e-19   3.712638e-19   3.013216e-19   2.718378e-19   3.539717e-19   2.825020e-19   2.074280e-19   2.124484e-19   1.900283e-19   5.194037e-20   0.000000e+00
         9.0000   0.000000e+00   3.020825e-19   2.867364e-19   3.567206e-19   2.894654e-19   2.612238e-19   3.399291e-19   2.711272e-19   1.989080e-19   2.046177e-19   1.888877e-19   5.049353e-20   0.000000e+00
