# CIE bound-bound cooling efficiency for O (Z=8)
# Source: CHIANTI v11.0.2 via ChiantiPy ion.boundBoundLoss
# Units: erg cm^3 / s, per ion per electron, low-density limit (n_e = 1 cm^-3)
# T grid: 121 log-spaced points, 10^3.00 K -> 10^9.00 K
# Generated by pyathena/photchem/data/build_cool_tables.py
#
# log_T_K        L_O0           L_O1           L_O2           L_O3           L_O4           L_O5           L_O6           L_O7           L_O8         
         3.0000   0.000000e+00   4.700216e-26   1.880087e-25   4.230195e-25   7.520346e-25   1.175054e-24   1.692078e-24   2.303106e-24   3.008138e-24
         3.0500   0.000000e+00   4.978722e-26   1.991489e-25   4.480849e-25   7.965955e-25   1.244680e-24   1.792340e-24   2.439574e-24   3.186382e-24
         3.1000   0.000000e+00   5.273729e-26   2.109492e-25   4.746356e-25   8.437967e-25   1.318432e-24   1.898543e-24   2.584127e-24   3.375187e-24
         3.1500   0.000000e+00   5.586217e-26   2.234487e-25   5.027596e-25   8.937948e-25   1.396554e-24   2.011038e-24   2.737247e-24   3.575179e-24
         3.2000   0.000000e+00   5.917222e-26   2.366889e-25   5.325500e-25   9.467555e-25   1.479305e-24   2.130200e-24   2.899439e-24   3.787022e-24
         3.2500   0.000000e+00   6.267839e-26   2.507136e-25   5.641055e-25   1.002854e-24   1.566960e-24   2.256422e-24   3.071241e-24   4.011417e-24
         3.3000   0.000000e+00   6.639232e-26   2.655693e-25   5.975309e-25   1.062277e-24   1.659808e-24   2.390123e-24   3.253224e-24   4.249108e-24
         3.3500   0.000000e+00   7.032631e-26   2.813052e-25   6.329368e-25   1.125221e-24   1.758158e-24   2.531747e-24   3.445989e-24   4.500884e-24
         3.4000   0.000000e+00   7.449341e-26   2.979736e-25   6.704407e-25   1.191895e-24   1.862335e-24   2.681763e-24   3.650177e-24   4.767578e-24
         3.4500   0.000000e+00   7.890742e-26   3.156297e-25   7.101668e-25   1.262519e-24   1.972685e-24   2.840667e-24   3.866464e-24   5.050075e-24
         3.5000   0.000000e+00   8.380127e-26   3.343319e-25   7.522468e-25   1.337328e-24   2.089574e-24   3.008987e-24   4.095566e-24   5.349311e-24
         3.5500   0.000000e+00   8.909006e-26   3.541423e-25   7.968202e-25   1.416569e-24   2.213390e-24   3.187281e-24   4.338243e-24   5.666277e-24
         3.6000   0.000000e+00   9.473982e-26   3.751266e-25   8.440348e-25   1.500506e-24   2.344541e-24   3.376139e-24   4.595301e-24   6.002025e-24
         3.6500   0.000000e+00   1.007782e-25   3.973542e-25   8.940470e-25   1.589417e-24   2.483464e-24   3.576188e-24   4.867589e-24   6.357668e-24
         3.7000   0.000000e+00   1.072352e-25   4.208989e-25   9.470226e-25   1.683596e-24   2.630618e-24   3.788090e-24   5.156012e-24   6.734383e-24
         3.7500   0.000000e+00   1.141438e-25   4.458388e-25   1.003137e-24   1.783355e-24   2.786492e-24   4.012549e-24   5.461525e-24   7.133420e-24
         3.8000   0.000000e+00   1.215399e-25   4.722564e-25   1.062577e-24   1.889026e-24   2.951602e-24   4.250307e-24   5.785141e-24   7.556102e-24
         3.8500   0.000000e+00   1.294627e-25   5.002393e-25   1.125538e-24   2.000957e-24   3.126496e-24   4.502154e-24   6.127932e-24   8.003829e-24
         3.9000   0.000000e+00   1.379551e-25   5.308444e-25   1.192231e-24   2.119521e-24   3.311752e-24   4.768923e-24   6.491035e-24   8.478086e-24
         3.9500   0.000000e+00   1.470638e-25   5.643108e-25   1.262875e-24   2.245111e-24   3.507986e-24   5.051500e-24   6.875653e-24   8.980444e-24
         4.0000   0.000000e+00   1.568399e-25   6.000573e-25   1.337705e-24   2.378142e-24   3.715847e-24   5.350820e-24   7.283061e-24   9.512569e-24
         4.0500   0.000000e+00   1.673392e-25   6.382580e-25   1.416969e-24   2.519056e-24   3.936025e-24   5.667876e-24   7.714609e-24   1.007622e-23
         4.1000   0.000000e+00   1.786225e-25   6.791024e-25   1.504248e-24   2.668319e-24   4.169249e-24   6.003719e-24   8.171728e-24   1.067328e-23
         4.1500   0.000000e+00   1.907561e-25   7.227976e-25   1.599132e-24   2.826427e-24   4.416293e-24   6.359461e-24   8.655934e-24   1.130571e-23
         4.2000   0.000000e+00   2.038125e-25   7.695697e-25   1.700486e-24   2.993904e-24   4.677974e-24   6.736283e-24   9.168830e-24   1.197561e-23
         4.2500   0.000000e+00   2.178705e-25   8.196660e-25   1.808804e-24   3.178544e-24   4.955162e-24   7.135433e-24   9.712117e-24   1.268521e-23
         4.3000   0.000000e+00   2.330155e-25   8.733558e-25   1.924626e-24   3.379057e-24   5.248774e-24   7.558234e-24   1.028760e-23   1.343686e-23
         4.3500   0.000000e+00   2.493405e-25   9.309332e-25   2.048540e-24   3.593245e-24   5.559783e-24   8.006088e-24   1.089717e-23   1.423304e-23
         4.4000   0.000000e+00   2.669458e-25   9.927202e-25   2.181188e-24   3.822154e-24   5.895518e-24   8.480478e-24   1.154287e-23   1.507641e-23
         4.4500   0.000000e+00   2.859395e-25   1.059068e-24   2.323274e-24   4.066922e-24   6.266814e-24   8.982978e-24   1.222683e-23   1.596974e-23
         4.5000   0.000000e+00   3.064378e-25   1.130360e-24   2.475563e-24   4.328794e-24   6.663364e-24   9.536028e-24   1.295132e-23   1.691601e-23
         4.5500   0.000000e+00   3.285644e-25   1.207013e-24   2.638891e-24   4.609129e-24   7.087094e-24   1.013751e-23   1.371873e-23   1.791834e-23
         4.6000   0.000000e+00   3.524494e-25   1.289484e-24   2.814173e-24   4.909413e-24   7.540095e-24   1.078001e-23   1.453162e-23   1.898007e-23
         4.6500   0.000000e+00   3.782286e-25   1.378270e-24   3.002408e-24   5.231263e-24   8.024653e-24   1.146665e-23   1.539267e-23   2.010471e-23
         4.7000   0.000000e+00   4.060405e-25   1.473908e-24   3.204684e-24   5.576448e-24   8.543266e-24   1.220085e-23   1.630474e-23   2.129599e-23
         4.7500   0.000000e+00   4.360219e-25   1.576985e-24   3.422187e-24   5.946904e-24   9.098661e-24   1.298635e-23   1.727086e-23   2.255786e-23
         4.8000   0.000000e+00   4.683028e-25   1.688135e-24   3.656216e-24   6.344741e-24   9.693816e-24   1.382721e-23   1.829422e-23   2.389449e-23
         4.8500   0.000000e+00   5.029926e-25   1.808041e-24   3.908179e-24   6.772258e-24   1.033197e-23   1.472789e-23   1.937822e-23   2.531033e-23
         4.9000   0.000000e+00   5.401754e-25   1.937436e-24   4.179608e-24   7.231966e-24   1.101669e-23   1.569324e-23   2.052645e-23   2.681006e-23
         4.9500   0.000000e+00   5.798847e-25   2.077105e-24   4.472167e-24   7.726607e-24   1.175185e-23   1.672856e-23   2.174272e-23   2.839866e-23
         5.0000   0.000000e+00   6.220999e-25   2.227875e-24   4.787654e-24   8.259161e-24   1.254167e-23   1.783966e-23   2.303106e-23   3.008138e-23
         5.0500   0.000000e+00   6.667222e-25   2.390612e-24   5.128009e-24   8.832866e-24   1.339077e-23   1.903286e-23   2.439574e-23   3.186382e-23
         5.1000   0.000000e+00   7.135784e-25   2.566200e-24   5.495311e-24   9.451237e-24   1.430419e-23   2.031505e-23   2.584127e-23   3.375187e-23
         5.1500   0.000000e+00   7.624141e-25   2.755528e-24   5.891785e-24   1.011808e-23   1.528740e-23   2.169376e-23   2.737247e-23   3.575179e-23
         5.2000   0.000000e+00   8.129202e-25   2.959442e-24   6.319768e-24   1.083749e-23   1.634638e-23   2.317721e-23   2.900149e-23   3.787022e-23
         5.2500   0.000000e+00   8.647411e-25   3.178683e-24   6.781707e-24   1.161386e-23   1.748759e-23   2.477433e-23   3.082592e-23   4.011417e-23
         5.3000   0.000000e+00   9.175318e-25   3.413838e-24   7.280099e-24   1.245189e-23   1.871806e-23   2.649484e-23   3.277421e-23   4.258395e-23
         5.3500   0.000000e+00   9.709703e-25   3.665198e-24   7.817434e-24   1.335653e-23   2.004533e-23   2.834928e-23   3.485578e-23   4.526993e-23
         5.4000   0.000000e+00   1.024818e-24   3.932730e-24   8.396073e-24   1.433293e-23   2.147756e-23   3.034905e-23   3.708086e-23   4.813906e-23
         5.4500   0.000000e+00   1.078936e-24   4.215906e-24   9.018054e-24   1.538638e-23   2.302343e-23   3.250643e-23   3.946062e-23   5.120534e-23
         5.5000   0.000000e+00   1.133302e-24   4.513735e-24   9.684965e-24   1.652211e-23   2.469217e-23   3.483461e-23   4.200726e-23   5.448400e-23
         5.5500   0.000000e+00   1.188033e-24   4.824688e-24   1.039752e-23   1.774511e-23   2.649344e-23   3.734771e-23   4.473411e-23   5.799171e-23
         5.6000   0.000000e+00   1.243361e-24   5.146855e-24   1.115548e-23   1.905966e-23   2.843714e-23   4.006053e-23   4.765571e-23   6.174667e-23
         5.6500   0.000000e+00   1.299631e-24   5.477989e-24   1.195723e-23   2.046908e-23   3.053336e-23   4.298859e-23   5.078794e-23   6.576875e-23
         5.7000   0.000000e+00   1.357276e-24   5.815866e-24   1.279980e-23   2.197483e-23   3.279167e-23   4.614773e-23   5.414814e-23   7.007964e-23
         5.7500   0.000000e+00   1.416796e-24   6.158314e-24   1.367873e-23   2.357639e-23   3.522086e-23   4.955373e-23   5.775528e-23   7.470299e-23
         5.8000   0.000000e+00   1.478720e-24   6.503719e-24   1.458855e-23   2.527023e-23   3.782790e-23   5.322159e-23   6.163004e-23   7.966471e-23
         5.8500   0.000000e+00   1.543608e-24   6.850969e-24   1.552288e-23   2.705005e-23   4.061695e-23   5.716426e-23   6.579494e-23   8.499307e-23
         5.9000   0.000000e+00   1.612023e-24   7.199793e-24   1.647546e-23   2.890641e-23   4.358853e-23   6.139183e-23   7.027460e-23   9.071885e-23
         5.9500   0.000000e+00   1.684530e-24   7.550707e-24   1.744032e-23   3.082769e-23   4.673793e-23   6.590887e-23   7.509587e-23   9.687564e-23
         6.0000   0.000000e+00   1.761615e-24   7.905052e-24   1.841304e-23   3.280039e-23   5.005527e-23   7.071400e-23   8.028790e-23   1.035002e-22
         6.0500   0.000000e+00   1.843777e-24   8.264888e-24   1.939077e-23   3.481135e-23   5.352455e-23   7.579690e-23   8.588236e-23   1.106323e-22
         6.1000   0.000000e+00   1.931544e-24   8.632886e-24   2.037296e-23   3.684800e-23   5.712509e-23   8.113890e-23   9.191363e-23   1.183155e-22
         6.1500   0.000000e+00   2.025391e-24   9.012152e-24   2.136136e-23   3.890105e-23   6.083231e-23   8.671182e-23   9.841876e-23   1.265967e-22
         6.2000   0.000000e+00   2.125753e-24   9.406090e-24   2.235996e-23   4.096464e-23   6.462090e-23   9.248096e-23   1.054377e-22   1.355269e-22
         6.2500   0.000000e+00   2.233071e-24   9.818223e-24   2.337480e-23   4.303762e-23   6.846587e-23   9.840582e-23   1.130132e-22   1.451610e-22
         6.3000   0.000000e+00   2.347795e-24   1.025218e-23   2.441354e-23   4.512387e-23   7.234784e-23   1.044468e-22   1.211907e-22   1.555578e-22
         6.3500   0.000000e+00   2.470364e-24   1.071164e-23   2.548506e-23   4.723186e-23   7.625232e-23   1.105659e-22   1.300179e-22   1.667804e-22
         6.4000   0.000000e+00   2.601230e-24   1.119980e-23   2.659894e-23   4.937443e-23   8.017470e-23   1.167351e-22   1.395441e-22   1.788948e-22
         6.4500   0.000000e+00   2.740857e-24   1.171983e-23   2.776521e-23   5.156777e-23   8.411828e-23   1.229361e-22   1.498196e-22   1.919704e-22
         6.5000   0.000000e+00   2.889728e-24   1.227508e-23   2.899404e-23   5.383073e-23   8.809658e-23   1.291654e-22   1.608930e-22   2.060780e-22
         6.5500   0.000000e+00   3.048343e-24   1.286874e-23   3.029577e-23   5.618351e-23   9.213085e-23   1.354339e-22   1.728097e-22   2.212879e-22
         6.6000   0.000000e+00   3.217233e-24   1.350361e-23   3.167923e-23   5.864729e-23   9.624999e-23   1.417669e-22   1.856067e-22   2.376672e-22
         6.6500   0.000000e+00   3.396958e-24   1.418251e-23   3.315342e-23   6.124356e-23   1.004878e-22   1.482025e-22   1.993094e-22   2.552736e-22
         6.7000   0.000000e+00   3.588110e-24   1.490832e-23   3.472783e-23   6.399408e-23   1.048823e-22   1.547892e-22   2.139247e-22   2.741523e-22
         6.7500   0.000000e+00   3.791317e-24   1.568388e-23   3.641124e-23   6.691748e-23   1.094726e-22   1.615834e-22   2.294365e-22   2.943235e-22
         6.8000   0.000000e+00   4.007240e-24   1.651206e-23   3.821150e-23   7.003275e-23   1.142996e-22   1.686459e-22   2.458016e-22   3.157812e-22
         6.8500   0.000000e+00   4.236592e-24   1.739583e-23   4.013658e-23   7.335994e-23   1.194047e-22   1.760400e-22   2.629478e-22   3.384792e-22
         6.9000   0.000000e+00   4.480128e-24   1.833826e-23   4.219460e-23   7.691750e-23   1.248254e-22   1.838304e-22   2.807766e-22   3.623342e-22
         6.9500   0.000000e+00   4.740501e-24   1.934253e-23   4.439353e-23   8.072200e-23   1.305967e-22   1.920827e-22   2.991700e-22   3.872202e-22
         7.0000   0.000000e+00   5.021394e-24   2.041201e-23   4.674148e-23   8.479029e-23   1.367560e-22   2.008529e-22   3.180001e-22   4.129823e-22
         7.0500   0.000000e+00   5.318930e-24   2.155024e-23   4.924682e-23   8.913947e-23   1.433404e-22   2.101981e-22   3.371416e-22   4.394396e-22
         7.1000   0.000000e+00   5.634097e-24   2.276100e-23   5.191823e-23   9.378637e-23   1.503816e-22   2.201785e-22   3.564892e-22   4.664154e-22
         7.1500   0.000000e+00   5.967938e-24   2.404824e-23   5.476472e-23   9.874813e-23   1.579114e-22   2.308498e-22   3.759627e-22   4.937399e-22
         7.2000   0.000000e+00   6.321560e-24   2.541617e-23   5.779584e-23   1.040424e-22   1.659622e-22   2.422617e-22   3.955282e-22   5.212878e-22
         7.2500   0.000000e+00   6.696136e-24   2.686929e-23   6.102159e-23   1.096875e-22   1.745658e-22   2.544650e-22   4.151900e-22   5.489781e-22
         7.3000   0.000000e+00   7.092907e-24   2.841239e-23   6.445267e-23   1.157026e-22   1.837547e-22   2.675111e-22   4.350053e-22   5.767944e-22
         7.3500   0.000000e+00   7.513188e-24   3.005275e-23   6.810031e-23   1.221077e-22   1.935618e-22   2.814504e-22   4.550699e-22   6.047861e-22
         7.4000   0.000000e+00   7.958373e-24   3.183349e-23   7.197641e-23   1.289239e-22   2.040213e-22   2.963345e-22   4.755201e-22   6.330657e-22
         7.4500   0.000000e+00   8.429936e-24   3.371974e-23   7.609373e-23   1.361740e-22   2.151690e-22   3.122164e-22   4.965187e-22   6.618037e-22
         7.5000   0.000000e+00   8.929441e-24   3.571776e-23   8.046584e-23   1.438816e-22   2.270421e-22   3.291512e-22   5.182530e-22   6.912167e-22
         7.5500   0.000000e+00   9.458544e-24   3.783418e-23   8.512690e-23   1.520719e-22   2.396801e-22   3.471959e-22   5.409151e-22   7.215563e-22
         7.6000   0.000000e+00   1.001900e-23   4.007599e-23   9.017098e-23   1.607719e-22   2.531249e-22   3.664111e-22   5.647095e-22   7.530938e-22
         7.6500   0.000000e+00   1.061266e-23   4.245064e-23   9.551395e-23   1.700101e-22   2.674206e-22   3.868603e-22   5.898414e-22   7.861126e-22
         7.7000   0.000000e+00   1.124150e-23   4.496600e-23   1.011735e-22   1.798640e-22   2.826139e-22   4.086111e-22   6.165060e-22   8.209013e-22
         7.7500   0.000000e+00   1.190760e-23   4.763041e-23   1.071684e-22   1.905216e-22   2.987546e-22   4.317350e-22   6.448774e-22   8.577524e-22
         7.8000   0.000000e+00   1.261317e-23   5.045268e-23   1.135185e-22   2.018107e-22   3.158960e-22   4.563072e-22   6.751392e-22   8.969167e-22
         7.8500   0.000000e+00   1.336055e-23   5.344219e-23   1.202449e-22   2.137688e-22   3.340939e-22   4.824087e-22   7.074810e-22   9.386486e-22
         7.9000   0.000000e+00   1.415221e-23   5.660884e-23   1.273699e-22   2.264354e-22   3.538053e-22   5.101256e-22   7.420655e-22   9.832169e-22
         7.9500   0.000000e+00   1.499078e-23   5.996313e-23   1.349170e-22   2.398525e-22   3.747695e-22   5.396681e-22   7.790506e-22   1.030871e-21
         8.0000   0.000000e+00   1.587904e-23   6.351617e-23   1.429114e-22   2.540647e-22   3.969760e-22   5.716455e-22   8.185969e-22   1.081832e-21
         8.0500   0.000000e+00   1.681993e-23   6.727974e-23   1.513794e-22   2.691189e-22   4.204983e-22   6.055176e-22   8.608654e-22   1.136327e-21
         8.1000   0.000000e+00   1.781658e-23   7.126631e-23   1.603492e-22   2.850652e-22   4.454144e-22   6.413968e-22   9.060158e-22   1.194585e-21
         8.1500   0.000000e+00   1.887228e-23   7.548910e-23   1.698505e-22   3.019564e-22   4.718069e-22   6.794019e-22   9.542124e-22   1.256833e-21
         8.2000   0.000000e+00   1.999053e-23   7.996212e-23   1.799148e-22   3.198485e-22   4.997632e-22   7.196590e-22   1.005624e-21   1.323299e-21
         8.2500   0.000000e+00   2.117504e-23   8.470017e-23   1.905754e-22   3.388007e-22   5.293761e-22   7.623015e-22   1.060428e-21   1.394222e-21
         8.3000   0.000000e+00   2.242974e-23   8.971897e-23   2.018677e-22   3.588759e-22   5.607436e-22   8.074707e-22   1.118808e-21   1.469845e-21
         8.3500   0.000000e+00   2.375879e-23   9.503515e-23   2.138291e-22   3.801406e-22   5.939697e-22   8.553164e-22   1.180957e-21   1.550426e-21
         8.4000   0.000000e+00   2.516658e-23   1.006663e-22   2.264993e-22   4.026654e-22   6.291646e-22   9.059971e-22   1.247083e-21   1.636233e-21
         8.4500   0.000000e+00   2.665780e-23   1.066312e-22   2.399202e-22   4.265248e-22   6.664450e-22   9.596808e-22   1.317402e-21   1.727550e-21
         8.5000   0.000000e+00   2.823737e-23   1.129495e-22   2.541364e-22   4.517980e-22   7.059343e-22   1.016545e-21   1.392145e-21   1.824681e-21
         8.5500   0.000000e+00   2.991054e-23   1.196422e-22   2.691949e-22   4.785687e-22   7.477636e-22   1.076780e-21   1.471555e-21   1.927942e-21
         8.6000   0.000000e+00   3.168285e-23   1.267314e-22   2.851457e-22   5.069256e-22   7.920713e-22   1.140583e-21   1.555896e-21   2.037672e-21
         8.6500   0.000000e+00   3.356018e-23   1.342407e-22   3.020416e-22   5.369629e-22   8.390045e-22   1.208166e-21   1.645444e-21   2.154230e-21
         8.7000   0.000000e+00   3.554875e-23   1.421950e-22   3.199387e-22   5.687799e-22   8.887186e-22   1.279755e-21   1.741889e-21   2.278002e-21
         8.7500   0.000000e+00   3.765514e-23   1.506206e-22   3.388963e-22   6.024823e-22   9.413785e-22   1.355585e-21   1.845102e-21   2.409929e-21
         8.8000   0.000000e+00   3.988635e-23   1.595454e-22   3.589771e-22   6.381816e-22   9.971587e-22   1.435909e-21   1.954431e-21   2.552726e-21
         8.8500   0.000000e+00   4.224976e-23   1.689991e-22   3.802479e-22   6.759962e-22   1.056244e-21   1.520991e-21   2.070238e-21   2.703985e-21
         8.9000   0.000000e+00   4.475322e-23   1.790129e-22   4.027790e-22   7.160515e-22   1.118830e-21   1.611116e-21   2.192908e-21   2.864206e-21
         8.9500   0.000000e+00   4.740501e-23   1.896201e-22   4.266451e-22   7.584802e-22   1.185125e-21   1.706581e-21   2.322846e-21   3.033921e-21
         9.0000   0.000000e+00   5.021394e-23   2.008558e-22   4.519254e-22   8.034230e-22   1.255348e-21   1.807702e-21   2.460483e-21   3.213692e-21
