# CIE bound-bound cooling efficiency for C (Z=6)
# Source: CHIANTI v11.0.2 via ChiantiPy ion.boundBoundLoss
# Units: erg cm^3 / s, per ion per electron, low-density limit (n_e = 1 cm^-3)
# T grid: 121 log-spaced points, 10^3.00 K -> 10^9.00 K
# Generated by pyathena/photchem/data/build_cool_tables.py
#
# log_T_K        L_C0           L_C1           L_C2           L_C3           L_C4           L_C5           L_C6         
         3.0000   2.195500e-24   1.421357e-22   4.761674e-22   1.780167e-21   5.617371e-21   1.040593e-20   0.000000e+00
         3.0500   2.124594e-24   1.342676e-22   4.497513e-22   1.681290e-21   5.303210e-21   9.829033e-21   0.000000e+00
         3.1000   2.013362e-24   1.268443e-22   4.248255e-22   1.587984e-21   5.006626e-21   9.266798e-21   0.000000e+00
         3.1500   1.908693e-24   1.198413e-22   4.013073e-22   1.499940e-21   5.840488e-21   8.741742e-21   0.000000e+00
         3.2000   2.094162e-24   1.132353e-22   3.791186e-22   1.416866e-21   5.513861e-21   8.253491e-21   0.000000e+00
         3.2500   1.986903e-24   1.070044e-22   3.581858e-22   1.338487e-21   5.205510e-21   7.792601e-21   0.000000e+00
         3.3000   1.886211e-24   1.011279e-22   3.384393e-22   1.264541e-21   4.914419e-21   7.353790e-21   0.000000e+00
         3.3500   1.791761e-24   9.558617e-23   3.198136e-22   1.194784e-21   4.639612e-21   6.943334e-21   0.000000e+00
         3.4000   2.717192e-24   9.036091e-23   3.022467e-22   1.128984e-21   4.380187e-21   6.555896e-21   0.000000e+00
         3.4500   2.581785e-24   8.543469e-23   2.856801e-22   1.066922e-21   4.135344e-21   6.190192e-21   0.000000e+00
         3.5000   2.455389e-24   8.079109e-23   2.700588e-22   1.008392e-21   3.904140e-21   5.845008e-21   0.000000e+00
         3.5500   2.337666e-24   7.641465e-23   2.553307e-22   9.531982e-22   3.685918e-21   5.519198e-21   0.000000e+00
         3.6000   2.228312e-24   7.229075e-23   2.414466e-22   9.011577e-22   3.479905e-21   5.211681e-21   0.000000e+00
         3.6500   2.127057e-24   6.840560e-23   2.283601e-22   8.520965e-22   3.285796e-21   4.921437e-21   0.000000e+00
         3.7000   3.975147e-24   6.474618e-23   2.160275e-22   8.058510e-22   3.102632e-21   4.647500e-21   0.000000e+00
         3.7500   3.789773e-24   6.130022e-23   2.044073e-22   7.622663e-22   2.929083e-21   4.388955e-21   0.000000e+00
         3.8000   3.618936e-24   5.805611e-23   1.934605e-22   7.211964e-22   2.765663e-21   4.144945e-21   0.000000e+00
         3.8500   3.462323e-24   5.500288e-23   1.831501e-22   6.825033e-22   2.612647e-21   3.914660e-21   0.000000e+00
         3.9000   3.319678e-24   5.213019e-23   1.734413e-22   6.460566e-22   2.467107e-21   3.697336e-21   0.000000e+00
         3.9500   3.190797e-24   4.942826e-23   1.643010e-22   6.117332e-22   2.330110e-21   3.492250e-21   0.000000e+00
         4.0000   3.075522e-24   4.688781e-23   1.556980e-22   5.794164e-22   2.200952e-21   3.298720e-21   0.000000e+00
         4.0500   2.973737e-24   4.450009e-23   1.476028e-22   5.489963e-22   2.078410e-21   3.116098e-21   0.000000e+00
         4.1000   4.782388e-24   4.225678e-23   1.399874e-22   5.203686e-22   1.966449e-21   2.943780e-21   0.000000e+00
         4.1500   4.610180e-24   4.015002e-23   1.328251e-22   4.934345e-22   1.856487e-21   2.781198e-21   0.000000e+00
         4.2000   4.458085e-24   3.817234e-23   1.260909e-22   4.681005e-22   1.756374e-21   2.627822e-21   0.000000e+00
         4.2500   4.325821e-24   3.631662e-23   1.197607e-22   4.442780e-22   1.657885e-21   2.483157e-21   0.000000e+00
         4.3000   4.213097e-24   3.457610e-23   1.138119e-22   4.218829e-22   1.567678e-21   2.346723e-21   0.000000e+00
         4.3500   4.119590e-24   3.294429e-23   1.082229e-22   4.008353e-22   1.481653e-21   2.218046e-21   0.000000e+00
         4.4000   4.044920e-24   3.141500e-23   1.029730e-22   3.810592e-22   1.399595e-21   2.096679e-21   0.000000e+00
         4.4500   3.988628e-24   2.998231e-23   9.804277e-23   3.624826e-22   1.322577e-21   1.982207e-21   0.000000e+00
         4.5000   3.950149e-24   2.864053e-23   9.341348e-23   3.450367e-22   1.253080e-21   1.874248e-21   0.000000e+00
         4.5500   3.928771e-24   2.738415e-23   8.906740e-23   3.286562e-22   1.184748e-21   1.772441e-21   0.000000e+00
         4.6000   3.923612e-24   2.620784e-23   8.498754e-23   3.132786e-22   1.122075e-21   1.676448e-21   0.000000e+00
         4.6500   3.933646e-24   2.510643e-23   8.115759e-23   2.988444e-22   1.062130e-21   1.585963e-21   0.000000e+00
         4.7000   3.957688e-24   2.407487e-23   7.756204e-23   2.852966e-22   1.004540e-21   1.500693e-21   0.000000e+00
         4.7500   3.994313e-24   2.310827e-23   7.418623e-23   2.725812e-22   9.509699e-22   1.420350e-21   0.000000e+00
         4.8000   4.634496e-24   2.220189e-23   7.101620e-23   2.606463e-22   9.003780e-22   1.344661e-21   0.000000e+00
         4.8500   4.660488e-24   2.135098e-23   6.803853e-23   2.494425e-22   8.526196e-22   1.273369e-21   0.000000e+00
         4.9000   4.695744e-24   2.055088e-23   6.524031e-23   2.389223e-22   8.079652e-22   1.206228e-21   0.000000e+00
         4.9500   4.738183e-24   1.979721e-23   6.260922e-23   2.290401e-22   7.651425e-22   1.143000e-21   0.000000e+00
         5.0000   4.785534e-24   1.908586e-23   6.013331e-23   2.197522e-22   7.259058e-22   1.083447e-21   0.000000e+00
         5.0500   4.835292e-24   1.841258e-23   5.780143e-23   2.110167e-22   6.873789e-22   1.027351e-21   0.000000e+00
         5.1000   4.884888e-24   1.777294e-23   5.560329e-23   2.027938e-22   6.519748e-22   9.745091e-22   0.000000e+00
         5.1500   4.931904e-24   1.716268e-23   5.352823e-23   1.950457e-22   6.189511e-22   9.247306e-22   0.000000e+00
         5.2000   4.974073e-24   1.657847e-23   5.156528e-23   1.877366e-22   5.878389e-22   8.778395e-22   0.000000e+00
         5.2500   5.009217e-24   1.601757e-23   4.970559e-23   1.808309e-22   5.593626e-22   8.336739e-22   0.000000e+00
         5.3000   5.035241e-24   1.547713e-23   4.794290e-23   1.742937e-22   5.327116e-22   7.920879e-22   0.000000e+00
         5.3500   5.050251e-24   1.495342e-23   4.626930e-23   1.680934e-22   5.058132e-22   7.529439e-22   0.000000e+00
         5.4000   5.052563e-24   1.444265e-23   4.467361e-23   1.622032e-22   4.818714e-22   7.161069e-22   0.000000e+00
         5.4500   5.040707e-24   1.394208e-23   4.314444e-23   1.565972e-22   4.589957e-22   6.814419e-22   0.000000e+00
         5.5000   5.013536e-24   1.345024e-23   4.167784e-23   1.512448e-22   4.380071e-22   6.488188e-22   0.000000e+00
         5.5500   4.970373e-24   1.296608e-23   4.027489e-23   1.461133e-22   4.172047e-22   6.181127e-22   0.000000e+00
         5.6000   4.910946e-24   1.248848e-23   3.893488e-23   1.411800e-22   3.982250e-22   5.892040e-22   0.000000e+00
         5.6500   4.835288e-24   1.201636e-23   3.764592e-23   1.364353e-22   3.802768e-22   5.619797e-22   0.000000e+00
         5.7000   4.743679e-24   1.154861e-23   3.639268e-23   1.318725e-22   3.633988e-22   5.363318e-22   0.000000e+00
         5.7500   4.636705e-24   1.108392e-23   3.516757e-23   1.274686e-22   3.476820e-22   5.121553e-22   0.000000e+00
         5.8000   4.515270e-24   1.062138e-23   3.397376e-23   1.231905e-22   3.322900e-22   4.893548e-22   0.000000e+00
         5.8500   4.380575e-24   1.016120e-23   3.281496e-23   1.190096e-22   3.182238e-22   4.678405e-22   0.000000e+00
         5.9000   4.234048e-24   9.704484e-24   3.169029e-23   1.149202e-22   3.049459e-22   4.475271e-22   0.000000e+00
         5.9500   4.077284e-24   9.252438e-24   3.059705e-23   1.109248e-22   2.923986e-22   4.283337e-22   0.000000e+00
         6.0000   3.911990e-24   8.805710e-24   2.953133e-23   1.070243e-22   2.805367e-22   4.101845e-22   0.000000e+00
         6.0500   3.739945e-24   8.364774e-24   2.848467e-23   1.032125e-22   2.693189e-22   3.930101e-22   0.000000e+00
         6.1000   3.562944e-24   7.930222e-24   2.744891e-23   9.948204e-23   2.585541e-22   3.767435e-22   0.000000e+00
         6.1500   3.382712e-24   7.502993e-24   2.642443e-23   9.581793e-23   2.485012e-22   3.613186e-22   0.000000e+00
         6.2000   3.200885e-24   7.084217e-24   2.541854e-23   9.220487e-23   2.389506e-22   3.466751e-22   0.000000e+00
         6.2500   3.019010e-24   6.675018e-24   2.443705e-23   8.863474e-23   2.298525e-22   3.327527e-22   0.000000e+00
         6.3000   2.838536e-24   6.276472e-24   2.347845e-23   8.511752e-23   2.211735e-22   3.194863e-22   0.000000e+00
         6.3500   2.660754e-24   5.889593e-24   2.253834e-23   8.166636e-23   2.128845e-22   3.068168e-22   0.000000e+00
         6.4000   2.486759e-24   5.515279e-24   2.161336e-23   7.828638e-23   2.049356e-22   2.947021e-22   0.000000e+00
         6.4500   2.317461e-24   5.154108e-24   2.070342e-23   7.497227e-23   1.972779e-22   2.831016e-22   0.000000e+00
         6.5000   2.153604e-24   4.806429e-24   1.981000e-23   7.171897e-23   1.898914e-22   2.719557e-22   0.000000e+00
         6.5500   1.995785e-24   4.472595e-24   1.893447e-23   6.852550e-23   1.827742e-22   2.612118e-22   0.000000e+00
         6.6000   1.844467e-24   4.153151e-24   1.807780e-23   6.539570e-23   1.759247e-22   2.508450e-22   0.000000e+00
         6.6500   1.699981e-24   3.848590e-24   1.724117e-23   6.233354e-23   1.693038e-22   2.408477e-22   0.000000e+00
         6.7000   1.562552e-24   3.559162e-24   1.642584e-23   5.934272e-23   1.628501e-22   2.312097e-22   0.000000e+00
         6.7500   1.432303e-24   3.284821e-24   1.563127e-23   5.642729e-23   1.565460e-22   2.218835e-22   0.000000e+00
         6.8000   1.309283e-24   3.025395e-24   1.485548e-23   5.359146e-23   1.504104e-22   2.128069e-22   0.000000e+00
         6.8500   1.193476e-24   2.780669e-24   1.409756e-23   5.083684e-23   1.444471e-22   2.039644e-22   0.000000e+00
         6.9000   1.084814e-24   2.550432e-24   1.335986e-23   4.816172e-23   1.386307e-22   1.953691e-22   0.000000e+00
         6.9500   9.831874e-25   2.334420e-24   1.264525e-23   4.556394e-23   1.329473e-22   1.870183e-22   0.000000e+00
         7.0000   8.884518e-25   2.132297e-24   1.195516e-23   4.304641e-23   1.274038e-22   1.788879e-22   0.000000e+00
         7.0500   8.004329e-25   1.943659e-24   1.128898e-23   4.061460e-23   1.219820e-22   1.709686e-22   0.000000e+00
         7.1000   7.189319e-25   1.768049e-24   1.064591e-23   3.827321e-23   1.166469e-22   1.632664e-22   0.000000e+00
         7.1500   6.437283e-25   1.604978e-24   1.002568e-23   3.602236e-23   1.114057e-22   1.557576e-22   0.000000e+00
         7.2000   5.745830e-25   1.453934e-24   9.428779e-24   3.386046e-23   1.062908e-22   1.484104e-22   0.000000e+00
         7.2500   5.112405e-25   1.314389e-24   8.855653e-24   3.178606e-23   1.013156e-22   1.412360e-22   0.000000e+00
         7.3000   4.534310e-25   1.185802e-24   8.306539e-24   2.979904e-23   9.646840e-23   1.342638e-22   0.000000e+00
         7.3500   4.008727e-25   1.067622e-24   7.781341e-24   2.789955e-23   9.173842e-23   1.275034e-22   0.000000e+00
         7.4000   3.532740e-25   9.592857e-25   7.279810e-24   2.608731e-23   8.712666e-23   1.209447e-22   0.000000e+00
         7.4500   3.103361e-25   8.602298e-25   6.801667e-24   2.436146e-23   8.264016e-23   1.145797e-22   0.000000e+00
         7.5000   2.717560e-25   7.698914e-25   6.346589e-24   2.272064e-23   7.828496e-23   1.084098e-22   0.000000e+00
         7.5500   2.372292e-25   6.877128e-25   5.914255e-24   2.116328e-23   7.406414e-23   1.024401e-22   0.000000e+00
         7.6000   2.064526e-25   6.131467e-25   5.504309e-24   1.968760e-23   6.997845e-23   9.667485e-23   0.000000e+00
         7.6500   1.791271e-25   5.456589e-25   5.116311e-24   1.829170e-23   6.602961e-23   9.111591e-23   0.000000e+00
         7.7000   1.549608e-25   4.847294e-25   4.749731e-24   1.697361e-23   6.222427e-23   8.576334e-23   0.000000e+00
         7.7500   1.336707e-25   4.298564e-25   4.403982e-24   1.573123e-23   5.856513e-23   8.061845e-23   0.000000e+00
         7.8000   1.149856e-25   3.805578e-25   4.078422e-24   1.456221e-23   5.504292e-23   7.568667e-23   0.000000e+00
         7.8500   9.864748e-26   3.363737e-25   3.772363e-24   1.346406e-23   5.165265e-23   7.096731e-23   0.000000e+00
         7.9000   8.441308e-26   2.968676e-25   3.485099e-24   1.243417e-23   4.840318e-23   6.644916e-23   0.000000e+00
         7.9500   7.205504e-26   2.616267e-25   3.215900e-24   1.146981e-23   4.530224e-23   6.212712e-23   0.000000e+00
         8.0000   6.136245e-26   2.302616e-25   2.964015e-24   1.056820e-23   4.234734e-23   5.800758e-23   0.000000e+00
         8.0500   5.214115e-26   2.024074e-25   2.728686e-24   9.726551e-24   3.953263e-23   5.409443e-23   0.000000e+00
         8.1000   4.421369e-26   1.777229e-25   2.509152e-24   8.942057e-24   3.685383e-23   5.038232e-23   0.000000e+00
         8.1500   3.741904e-26   1.558910e-25   2.304665e-24   8.211927e-24   3.430960e-23   4.686358e-23   0.000000e+00
         8.2000   3.161200e-26   1.366181e-25   2.114488e-24   7.533384e-24   3.189839e-23   4.353205e-23   0.000000e+00
         8.2500   2.666252e-26   1.196347e-25   1.937891e-24   6.903692e-24   2.961784e-23   4.038376e-23   0.000000e+00
         8.3000   2.245480e-26   1.046936e-25   1.774153e-24   6.320162e-24   2.746450e-23   3.741438e-23   0.000000e+00
         8.3500   1.888632e-26   9.156942e-26   1.622564e-24   5.780168e-24   2.543460e-23   3.461890e-23   0.000000e+00
         8.4000   1.586679e-26   8.005750e-26   1.482421e-24   5.281154e-24   2.352424e-23   3.199152e-23   0.000000e+00
         8.4500   1.331710e-26   6.997250e-26   1.353039e-24   4.820635e-24   2.172944e-23   2.952618e-23   0.000000e+00
         8.5000   1.116828e-26   6.114739e-26   1.233751e-24   4.396198e-24   2.004623e-23   2.721664e-23   0.000000e+00
         8.5500   9.360470e-27   5.343230e-26   1.123917e-24   4.005500e-24   1.847050e-23   2.505664e-23   0.000000e+00
         8.6000   7.841951e-27   4.669323e-26   1.022918e-24   3.646295e-24   1.699794e-23   2.303997e-23   0.000000e+00
         8.6500   6.568213e-27   4.081077e-26   9.301634e-25   3.316438e-24   1.562412e-23   2.116033e-23   0.000000e+00
         8.7000   5.501098e-27   3.567886e-26   8.450847e-25   3.013887e-24   1.434454e-23   1.941132e-23   0.000000e+00
         8.7500   4.608010e-27   3.120355e-26   7.671408e-25   2.736703e-24   1.315465e-23   1.778650e-23   0.000000e+00
         8.8000   3.861200e-27   2.730175e-26   6.958162e-25   2.483045e-24   1.204991e-23   1.627945e-23   0.000000e+00
         8.8500   3.237119e-27   2.390030e-26   6.306231e-25   2.251171e-24   1.102583e-23   1.488378e-23   0.000000e+00
         8.9000   2.715840e-27   2.093491e-26   5.711005e-25   2.039432e-24   1.007794e-23   1.359319e-23   0.000000e+00
         8.9500   2.280548e-27   1.834928e-26   5.168144e-25   1.846278e-24   9.201858e-24   1.240157e-23   0.000000e+00
         9.0000   1.917088e-27   1.609413e-26   4.673563e-25   1.670254e-24   8.393317e-24   1.130293e-23   0.000000e+00
