# CIE bound-bound cooling efficiency for Ne (Z=10)
# Source: CHIANTI v11.0.2 via ChiantiPy ion.boundBoundLoss
# Units: erg cm^3 / s, per ion per electron, low-density limit (n_e = 1 cm^-3)
# T grid: 121 log-spaced points, 10^3.00 K -> 10^9.00 K
# Generated by pyathena/photchem/data/build_cool_tables.py
#
# log_T_K        L_Ne0          L_Ne1          L_Ne2          L_Ne3          L_Ne4          L_Ne5          L_Ne6          L_Ne7          L_Ne8          L_Ne9          L_Ne10       
         3.0000   7.724989e-24   7.564077e-23   1.513526e-23   3.862512e-22   3.052150e-22   3.640298e-21   6.423555e-21   1.852711e-20   2.512252e-20   7.279035e-20   0.000000e+00
         3.0500   7.302327e-24   7.145580e-23   1.429119e-23   3.647497e-22   2.881899e-22   3.437017e-21   6.064681e-21   1.749209e-20   2.371726e-20   6.877002e-20   0.000000e+00
         3.1000   6.904037e-24   6.750777e-23   1.349442e-23   3.444570e-22   2.721204e-22   3.245127e-21   5.725908e-21   1.651505e-20   2.238872e-20   6.469357e-20   0.000000e+00
         3.1500   6.527865e-24   6.374709e-23   1.274534e-23   3.253058e-22   2.569525e-22   3.063994e-21   5.406114e-21   1.559275e-20   3.046524e-20   6.107548e-20   0.000000e+00
         3.2000   6.180371e-24   6.023590e-23   1.203537e-23   3.072327e-22   2.426363e-22   4.063781e-21   5.104239e-21   1.472213e-20   2.876120e-20   5.774089e-20   0.000000e+00
         3.2500   5.846641e-24   5.692459e-23   1.136530e-23   2.901775e-22   2.291397e-22   3.836928e-21   4.819282e-21   1.390031e-20   2.715249e-20   5.439352e-20   0.000000e+00
         3.3000   5.532327e-24   5.380217e-23   1.079371e-23   2.740838e-22   2.163863e-22   3.622792e-21   4.550299e-21   1.312456e-20   2.562246e-20   5.140900e-20   0.000000e+00
         3.3500   5.249027e-24   5.085835e-23   1.019388e-23   2.588980e-22   2.046855e-22   3.420664e-21   4.296399e-21   1.239231e-20   2.418933e-20   4.853426e-20   0.000000e+00
         3.4000   4.969582e-24   4.801007e-23   9.627825e-24   2.445699e-22   1.933082e-22   3.229874e-21   4.176703e-21   1.170114e-20   2.283639e-20   4.576081e-20   0.000000e+00
         3.4500   4.703230e-24   4.539774e-23   9.764585e-24   2.310518e-22   1.825715e-22   3.049789e-21   3.943780e-21   1.104875e-20   2.155913e-20   4.320218e-20   0.000000e+00
         3.5000   4.456743e-24   5.565647e-23   9.227563e-24   2.182988e-22   1.761395e-22   2.879812e-21   3.723928e-21   1.043298e-20   2.031289e-20   4.075472e-20   0.000000e+00
         3.5500   4.224977e-24   5.262844e-23   8.721104e-24   2.062686e-22   1.663765e-22   2.719379e-21   3.516420e-21   9.851788e-21   2.828655e-20   3.847635e-20   0.000000e+00
         3.6000   4.005328e-24   4.977550e-23   1.249054e-23   1.949209e-22   1.571649e-22   2.567959e-21   3.320566e-21   9.303249e-21   2.670452e-20   3.637671e-20   0.000000e+00
         3.6500   3.795658e-24   4.708835e-23   1.182996e-23   1.842234e-22   1.484742e-22   2.425050e-21   3.135717e-21   8.785545e-21   2.521105e-20   3.434353e-20   0.000000e+00
         3.7000   3.603764e-24   4.455822e-23   1.120849e-23   1.741295e-22   1.624639e-22   2.290177e-21   2.961261e-21   8.296957e-21   2.380104e-20   3.245490e-20   0.000000e+00
         3.7500   3.423916e-24   4.217690e-23   1.062406e-23   1.646113e-22   1.535142e-22   2.162893e-21   2.796619e-21   7.835865e-21   2.247041e-20   3.068286e-20   0.000000e+00
         3.8000   3.255570e-24   3.986485e-23   1.007472e-23   1.557445e-22   1.450730e-22   2.042776e-21   2.641246e-21   7.400742e-21   2.113751e-20   2.892194e-20   0.000000e+00
         3.8500   3.090974e-24   3.776123e-23   2.396487e-23   1.472786e-22   1.371124e-22   1.929428e-21   2.494625e-21   6.990143e-21   1.995542e-20   2.730651e-20   0.000000e+00
         3.9000   2.944278e-24   3.578461e-23   2.277505e-23   1.392986e-22   2.088894e-22   2.188956e-21   2.356271e-21   6.602706e-21   1.884259e-20   2.578164e-20   0.000000e+00
         3.9500   2.807786e-24   3.392866e-23   2.166026e-23   1.329652e-22   1.974658e-22   2.067544e-21   2.225724e-21   6.237146e-21   1.779246e-20   2.435448e-20   0.000000e+00
         4.0000   2.683494e-24   3.218759e-23   2.061671e-23   1.258194e-22   1.866958e-22   1.952982e-21   2.102552e-21   5.892250e-21   1.680118e-20   2.296013e-20   0.000000e+00
         4.0500   2.563349e-24   3.055599e-23   1.964084e-23   1.190872e-22   1.765435e-22   1.844888e-21   1.986345e-21   5.566873e-21   1.586341e-20   2.167892e-20   0.000000e+00
         4.1000   2.455315e-24   2.902888e-23   4.779228e-23   1.202639e-22   1.669750e-22   1.742903e-21   1.876718e-21   5.259934e-21   1.498730e-20   2.046955e-20   0.000000e+00
         4.1500   2.356300e-24   2.760160e-23   4.550961e-23   1.139178e-22   3.183193e-22   1.646688e-21   1.773307e-21   4.970413e-21   1.407214e-20   1.931038e-20   0.000000e+00
         4.2000   2.266316e-24   2.626990e-23   4.337623e-23   1.079439e-22   3.010251e-22   1.555924e-21   1.675768e-21   4.697348e-21   1.330784e-20   1.822378e-20   0.000000e+00
         4.2500   2.181795e-24   2.502985e-23   4.138472e-23   1.023217e-22   2.847258e-22   1.470309e-21   1.583777e-21   4.439830e-21   1.256637e-20   1.720817e-20   0.000000e+00
         4.3000   2.109645e-24   2.387787e-23   3.952812e-23   9.703198e-23   2.693668e-22   1.389556e-21   1.497026e-21   4.197003e-21   1.456226e-20   1.624955e-20   0.000000e+00
         4.3500   2.046488e-24   2.281066e-23   3.779979e-23   1.175529e-22   2.548965e-22   1.313396e-21   1.415229e-21   3.968056e-21   1.375661e-20   1.534476e-20   0.000000e+00
         4.4000   1.992504e-24   2.182523e-23   3.619346e-23   1.116174e-22   2.412664e-22   1.241575e-21   1.338111e-21   3.752225e-21   1.300429e-20   1.449078e-20   0.000000e+00
         4.4500   1.947923e-24   2.091884e-23   3.470314e-23   1.060404e-22   2.284303e-22   1.173853e-21   1.265415e-21   3.548790e-21   1.232763e-20   1.368477e-20   0.000000e+00
         4.5000   1.913042e-24   2.008894e-23   6.172969e-23   1.008018e-22   2.163447e-22   1.110003e-21   1.196897e-21   3.357068e-21   1.164432e-20   1.292404e-20   0.000000e+00
         4.5500   1.886996e-24   1.931177e-23   5.905729e-23   9.588274e-23   3.615865e-22   1.049809e-21   1.132329e-21   3.176416e-21   1.100762e-20   1.220605e-20   0.000000e+00
         4.6000   1.872767e-24   1.862876e-23   5.657341e-23   1.427080e-22   3.422890e-22   9.930697e-22   1.071492e-21   3.006227e-21   1.039894e-20   1.152844e-20   0.000000e+00
         4.6500   1.869408e-24   1.801557e-23   5.426839e-23   1.358245e-22   3.241146e-22   9.395920e-22   1.014181e-21   2.845926e-21   9.830795e-21   1.088900e-20   0.000000e+00
         4.7000   1.877510e-24   1.747012e-23   5.213295e-23   1.293668e-22   3.070012e-22   8.891949e-22   9.602021e-22   2.694968e-21   9.274104e-21   1.028568e-20   0.000000e+00
         4.7500   1.896063e-24   1.699037e-23   5.015809e-23   1.233105e-22   2.908898e-22   8.417063e-22   9.093714e-22   2.552841e-21   8.765341e-21   9.716475e-21   0.000000e+00
         4.8000   1.928716e-24   1.657416e-23   4.833500e-23   1.176321e-22   2.757246e-22   7.969635e-22   8.615150e-22   2.419058e-21   8.302753e-21   9.179428e-21   0.000000e+00
         4.8500   1.974474e-24   1.621923e-23   4.665506e-23   1.123092e-22   2.614526e-22   7.548124e-22   8.164679e-22   2.293159e-21   7.892647e-21   8.672711e-21   0.000000e+00
         4.9000   2.033823e-24   1.592313e-23   4.510974e-23   1.073200e-22   2.480233e-22   7.151067e-22   7.740740e-22   2.174706e-21   7.442144e-21   8.194624e-21   0.000000e+00
         4.9500   2.107177e-24   1.568318e-23   4.369054e-23   1.026436e-22   2.353888e-22   6.777079e-22   7.341848e-22   2.063286e-21   7.032673e-21   7.743575e-21   0.000000e+00
         5.0000   2.193835e-24   1.549644e-23   4.238896e-23   1.485388e-22   2.235031e-22   6.424841e-22   6.966602e-22   1.958507e-21   6.650523e-21   7.318065e-21   0.000000e+00
         5.0500   2.296116e-24   1.535965e-23   4.119645e-23   1.419393e-22   2.123227e-22   6.093103e-22   6.613673e-22   1.859996e-21   6.304042e-21   6.916688e-21   0.000000e+00
         5.1000   2.412921e-24   1.526916e-23   4.010436e-23   1.357478e-22   2.018057e-22   5.780677e-22   6.281795e-22   1.767400e-21   5.952006e-21   6.538171e-21   0.000000e+00
         5.1500   2.543971e-24   1.522081e-23   3.910390e-23   1.299376e-22   1.919123e-22   5.486432e-22   5.969764e-22   1.680381e-21   5.635510e-21   6.181282e-21   0.000000e+00
         5.2000   2.688823e-24   1.521009e-23   4.705129e-23   1.244822e-22   1.826042e-22   5.209293e-22   5.676434e-22   1.598619e-21   5.330005e-21   5.844819e-21   0.000000e+00
         5.2500   2.846836e-24   1.523228e-23   4.576855e-23   1.193563e-22   1.738444e-22   4.948234e-22   5.400720e-22   1.521810e-21   5.049364e-21   5.527649e-21   0.000000e+00
         5.3000   3.017043e-24   1.528230e-23   4.457827e-23   1.145350e-22   2.119093e-22   4.702280e-22   5.141594e-22   1.449663e-21   4.781172e-21   5.228703e-21   0.000000e+00
         5.3500   3.197982e-24   1.535437e-23   4.346970e-23   1.099944e-22   2.016036e-22   4.470496e-22   4.898085e-22   1.381901e-21   4.517985e-21   4.946969e-21   0.000000e+00
         5.4000   3.387758e-24   1.544237e-23   4.243244e-23   1.057112e-22   1.918883e-22   4.251990e-22   4.669263e-22   1.318262e-21   4.281349e-21   4.681461e-21   0.000000e+00
         5.4500   3.584265e-24   1.554040e-23   4.145658e-23   1.016630e-22   1.827240e-22   4.045908e-22   4.454239e-22   1.258491e-21   4.058853e-21   4.431204e-21   0.000000e+00
         5.5000   3.785242e-24   1.564294e-23   4.053196e-23   9.782693e-23   1.740730e-22   3.851437e-22   4.252156e-22   1.202348e-21   3.855710e-21   4.195307e-21   0.000000e+00
         5.5500   3.988146e-24   1.574445e-23   3.964803e-23   9.418213e-23   1.658987e-22   3.667811e-22   4.062195e-22   1.149598e-21   3.665657e-21   3.972945e-21   0.000000e+00
         5.6000   4.190099e-24   1.583868e-23   3.879466e-23   9.071005e-23   1.581652e-22   3.494298e-22   3.883557e-22   1.100021e-21   3.482240e-21   3.763343e-21   0.000000e+00
         5.6500   4.388067e-24   1.591909e-23   3.796329e-23   8.739248e-23   1.508394e-22   3.330176e-22   3.715510e-22   1.053402e-21   3.310514e-21   3.565781e-21   0.000000e+00
         5.7000   4.578938e-24   1.597985e-23   3.714669e-23   9.990226e-23   1.438921e-22   3.174755e-22   3.557391e-22   1.009542e-21   3.145072e-21   3.379596e-21   0.000000e+00
         5.7500   4.759495e-24   1.601639e-23   3.633776e-23   9.605256e-23   1.372942e-22   3.027417e-22   3.408526e-22   9.682493e-22   2.993635e-21   3.204189e-21   0.000000e+00
         5.8000   4.926522e-24   1.602469e-23   3.552840e-23   9.235078e-23   1.310141e-22   2.887617e-22   3.268150e-22   9.293386e-22   2.843406e-21   3.038994e-21   0.000000e+00
         5.8500   5.077070e-24   1.600091e-23   3.471086e-23   8.878505e-23   1.250210e-22   2.754781e-22   3.135604e-22   8.926168e-22   2.706845e-21   2.883453e-21   0.000000e+00
         5.9000   5.208517e-24   1.594180e-23   3.387973e-23   8.534476e-23   1.192923e-22   2.628288e-22   3.010472e-22   8.579084e-22   2.577490e-21   2.737014e-21   0.000000e+00
         5.9500   5.318502e-24   1.584486e-23   3.303180e-23   8.201345e-23   1.138128e-22   2.507546e-22   2.892386e-22   8.250714e-22   2.455635e-21   2.599145e-21   0.000000e+00
         6.0000   5.404912e-24   1.570796e-23   3.216462e-23   7.877190e-23   1.085682e-22   2.392184e-22   2.780588e-22   7.939817e-22   2.342087e-21   2.469339e-21   0.000000e+00
         6.0500   5.466028e-24   1.552953e-23   3.127586e-23   7.560523e-23   1.035344e-22   2.281964e-22   2.674115e-22   7.644710e-22   2.230789e-21   2.347107e-21   0.000000e+00
         6.1000   5.500613e-24   1.530931e-23   3.036434e-23   7.250833e-23   9.868380e-23   2.176614e-22   2.572398e-22   7.363417e-22   2.129526e-21   2.231992e-21   0.000000e+00
         6.1500   5.507972e-24   1.504840e-23   2.942958e-23   6.947935e-23   9.399581e-23   2.075598e-22   2.475627e-22   7.094366e-22   2.034278e-21   2.123551e-21   0.000000e+00
         6.2000   5.487925e-24   1.474858e-23   2.847105e-23   6.651530e-23   8.946350e-23   1.978330e-22   2.384122e-22   6.837142e-22   1.944620e-21   2.021357e-21   0.000000e+00
         6.2500   5.440810e-24   1.441179e-23   2.748899e-23   6.361261e-23   8.508358e-23   1.884429e-22   2.297355e-22   6.591686e-22   1.860098e-21   1.925021e-21   0.000000e+00
         6.3000   5.367464e-24   1.404034e-23   2.648589e-23   6.076828e-23   8.085142e-23   1.793806e-22   2.213953e-22   6.357036e-22   1.779122e-21   1.834177e-21   0.000000e+00
         6.3500   5.269211e-24   1.363705e-23   2.546574e-23   5.797663e-23   7.676050e-23   1.706453e-22   2.132736e-22   6.130938e-22   1.703860e-21   1.748477e-21   0.000000e+00
         6.4000   5.147826e-24   1.320534e-23   2.443271e-23   5.523223e-23   7.280397e-23   1.622303e-22   2.053770e-22   5.911193e-22   1.632737e-21   1.667594e-21   0.000000e+00
         6.4500   5.005445e-24   1.274895e-23   2.339032e-23   5.253454e-23   6.896985e-23   1.541221e-22   1.977519e-22   5.697252e-22   1.565489e-21   1.591217e-21   0.000000e+00
         6.5000   4.844470e-24   1.227179e-23   2.234223e-23   4.989023e-23   6.524715e-23   1.462998e-22   1.904286e-22   5.489464e-22   1.501870e-21   1.519067e-21   0.000000e+00
         6.5500   4.667541e-24   1.177783e-23   2.129245e-23   4.730666e-23   6.163256e-23   1.387319e-22   1.833928e-22   5.288222e-22   1.441621e-21   1.450866e-21   0.000000e+00
         6.6000   4.477488e-24   1.127101e-23   2.024541e-23   4.478729e-23   5.813277e-23   1.313919e-22   1.766251e-22   5.093256e-22   1.384500e-21   1.386347e-21   0.000000e+00
         6.6500   4.277194e-24   1.075525e-23   1.920549e-23   4.233271e-23   5.475478e-23   1.242759e-22   1.700550e-22   4.904080e-22   1.330249e-21   1.325264e-21   0.000000e+00
         6.7000   4.069475e-24   1.023420e-23   1.817696e-23   3.994362e-23   5.149983e-23   1.174000e-22   1.635937e-22   4.719583e-22   1.278581e-21   1.267364e-21   0.000000e+00
         6.7500   3.857006e-24   9.711162e-24   1.716377e-23   3.762242e-23   4.836490e-23   1.107795e-22   1.571896e-22   4.538395e-22   1.229257e-21   1.212379e-21   0.000000e+00
         6.8000   3.642279e-24   9.189209e-24   1.616972e-23   3.537271e-23   4.534710e-23   1.044127e-22   1.508996e-22   4.359563e-22   1.182129e-21   1.160071e-21   0.000000e+00
         6.8500   3.427558e-24   8.671405e-24   1.519834e-23   3.319792e-23   4.244578e-23   9.828878e-23   1.447921e-22   4.183679e-22   1.137015e-21   1.110274e-21   0.000000e+00
         6.9000   3.214835e-24   8.160618e-24   1.425246e-23   3.110094e-23   3.966223e-23   9.239674e-23   1.388923e-22   4.011753e-22   1.093618e-21   1.062810e-21   0.000000e+00
         6.9500   3.005814e-24   7.659340e-24   1.333429e-23   2.908433e-23   3.699762e-23   8.673260e-23   1.331604e-22   3.844387e-22   1.051724e-21   1.017420e-21   0.000000e+00
         7.0000   2.801896e-24   7.169661e-24   1.244592e-23   2.715037e-23   3.445279e-23   8.129787e-23   1.275551e-22   3.681142e-22   1.011278e-21   9.738925e-22   0.000000e+00
         7.0500   2.604198e-24   6.693389e-24   1.158953e-23   2.529995e-23   3.202842e-23   7.609409e-23   1.220534e-22   3.521413e-22   9.723112e-22   9.321305e-22   0.000000e+00
         7.1000   2.413574e-24   6.232118e-24   1.076702e-23   2.353211e-23   2.972482e-23   7.112272e-23   1.166609e-22   3.364794e-22   9.347781e-22   8.921062e-22   0.000000e+00
         7.1500   2.230649e-24   5.787233e-24   9.979654e-24   2.184569e-23   2.754012e-23   6.638452e-23   1.113875e-22   3.211370e-22   8.983844e-22   8.537544e-22   0.000000e+00
         7.2000   2.055853e-24   5.359885e-24   9.228204e-24   2.024133e-23   2.547019e-23   6.187876e-23   1.062408e-22   3.061381e-22   8.628315e-22   8.168450e-22   0.000000e+00
         7.2500   1.889453e-24   4.950989e-24   8.513158e-24   1.872017e-23   2.351108e-23   5.759863e-23   1.012296e-22   2.915040e-22   8.281456e-22   7.811220e-22   0.000000e+00
         7.3000   1.731592e-24   4.561231e-24   7.834832e-24   1.728238e-23   2.166181e-23   5.353376e-23   9.636474e-23   2.772569e-22   7.944433e-22   7.465466e-22   0.000000e+00
         7.3500   1.582318e-24   4.191089e-24   7.193344e-24   1.592632e-23   1.992219e-23   4.967598e-23   9.164855e-23   2.634171e-22   7.616896e-22   7.131687e-22   0.000000e+00
         7.4000   1.441603e-24   3.840854e-24   6.588578e-24   1.464972e-23   1.829084e-23   4.602484e-23   8.706033e-23   2.499944e-22   7.297443e-22   6.809489e-22   0.000000e+00
         7.4500   1.309371e-24   3.510635e-24   6.020181e-24   1.345024e-23   1.676393e-23   4.258134e-23   8.257792e-23   2.369666e-22   6.985861e-22   6.497628e-22   0.000000e+00
         7.5000   1.185504e-24   3.200385e-24   5.487586e-24   1.232589e-23   1.533704e-23   3.934330e-23   7.820741e-23   2.243047e-22   6.682486e-22   6.195616e-22   0.000000e+00
         7.5500   1.069856e-24   2.909905e-24   4.990042e-24   1.127460e-23   1.400576e-23   3.630283e-23   7.397360e-23   2.120131e-22   6.385592e-22   5.903498e-22   0.000000e+00
         7.6000   9.622545e-25   2.638863e-24   4.526635e-24   1.029404e-23   1.276641e-23   3.345066e-23   6.989768e-23   2.001284e-22   6.093699e-22   5.619999e-22   0.000000e+00
         7.6500   8.625049e-25   2.386807e-24   4.096314e-24   9.381622e-24   1.161539e-23   3.077802e-23   6.597837e-23   1.886874e-22   5.808151e-22   5.343796e-22   0.000000e+00
         7.7000   7.703881e-25   2.153184e-24   3.697906e-24   8.534525e-24   1.054893e-23   2.827822e-23   6.220531e-23   1.776969e-22   5.530700e-22   5.075499e-22   0.000000e+00
         7.7500   6.856612e-25   1.937356e-24   3.330138e-24   7.749864e-24   9.563067e-24   2.594492e-23   5.857013e-23   1.671430e-22   5.261460e-22   4.816200e-22   0.000000e+00
         7.8000   6.080566e-25   1.738612e-24   2.991655e-24   7.024694e-24   8.653671e-24   2.377147e-23   5.507228e-23   1.570107e-22   4.999648e-22   4.565974e-22   0.000000e+00
         7.8500   5.372827e-25   1.556185e-24   2.681038e-24   6.356060e-24   7.816619e-24   2.175064e-23   5.171506e-23   1.472946e-22   4.744777e-22   4.324165e-22   0.000000e+00
         7.9000   4.730240e-25   1.389267e-24   2.396823e-24   5.741008e-24   7.047833e-24   1.987483e-23   4.850070e-23   1.379975e-22   4.497078e-22   4.090275e-22   0.000000e+00
         7.9500   4.149440e-25   1.237022e-24   2.137519e-24   5.176568e-24   6.343310e-24   1.813652e-23   4.542940e-23   1.291208e-22   4.256908e-22   3.864316e-22   0.000000e+00
         8.0000   3.626879e-25   1.098592e-24   1.901622e-24   4.659764e-24   5.699149e-24   1.652836e-23   4.249906e-23   1.206625e-22   4.024527e-22   3.646432e-22   0.000000e+00
         8.0500   3.158871e-25   9.731162e-25   1.687636e-24   4.187646e-24   5.111523e-24   1.504321e-23   3.970714e-23   1.126158e-22   3.799996e-22   3.436714e-22   0.000000e+00
         8.1000   2.741634e-25   8.597345e-25   1.494079e-24   3.757312e-24   4.576682e-24   1.367422e-23   3.705108e-23   1.049721e-22   3.583293e-22   3.235122e-22   0.000000e+00
         8.1500   2.371349e-25   7.575973e-25   1.319498e-24   3.365917e-24   4.090976e-24   1.241463e-23   3.452827e-23   9.772261e-23   3.374557e-22   3.041549e-22   0.000000e+00
         8.2000   2.044202e-25   6.658726e-25   1.162479e-24   3.010705e-24   3.650868e-24   1.125778e-23   3.213635e-23   9.085810e-23   3.174144e-22   2.855981e-22   0.000000e+00
         8.2500   1.756440e-25   5.837515e-25   1.021655e-24   2.689013e-24   3.252948e-24   1.019714e-23   2.987268e-23   8.436960e-23   2.981879e-22   2.678569e-22   0.000000e+00
         8.3000   1.504411e-25   5.104530e-25   8.957110e-25   2.398280e-24   2.893948e-24   9.226336e-24   2.773422e-23   7.824772e-23   2.797119e-22   2.509150e-22   0.000000e+00
         8.3500   1.284604e-25   4.452282e-25   7.833912e-25   2.136055e-24   2.570752e-24   8.339209e-24   2.571748e-23   7.248208e-23   2.619841e-22   2.347191e-22   0.000000e+00
         8.4000   1.093680e-25   3.873635e-25   6.835030e-25   1.900008e-24   2.280397e-24   7.529828e-24   2.381871e-23   6.706113e-23   2.450585e-22   2.192522e-22   0.000000e+00
         8.4500   9.284988e-26   3.361829e-25   5.949194e-25   1.687939e-24   2.020076e-24   6.792520e-24   2.203389e-23   6.197274e-23   2.289589e-22   2.045414e-22   0.000000e+00
         8.5000   7.861319e-26   2.910499e-25   5.165806e-25   1.497778e-24   1.787148e-24   6.121853e-24   2.035880e-23   5.720410e-23   2.136538e-22   1.905977e-22   0.000000e+00
         8.5500   6.638778e-26   2.513682e-25   4.474951e-25   1.327580e-24   1.579137e-24   5.512657e-24   1.878917e-23   5.274203e-23   1.991068e-22   1.773923e-22   0.000000e+00
         8.6000   5.592635e-26   2.165821e-25   3.867391e-25   1.175526e-24   1.393737e-24   4.960040e-24   1.732061e-23   4.857324e-23   1.852975e-22   1.648910e-22   0.000000e+00
         8.6500   4.700446e-26   1.861766e-25   3.334562e-25   1.039918e-24   1.228800e-24   4.459401e-24   1.594865e-23   4.468431e-23   1.722166e-22   1.530688e-22   0.000000e+00
         8.7000   3.941991e-26   1.596766e-25   2.868556e-25   9.191777e-25   1.082333e-24   4.006444e-24   1.466880e-23   4.106173e-23   1.598520e-22   1.419106e-22   0.000000e+00
         8.7500   3.299187e-26   1.366459e-25   2.462108e-25   8.118403e-25   9.524958e-25   3.597144e-24   1.347665e-23   3.769203e-23   1.481864e-22   1.313996e-22   0.000000e+00
         8.8000   2.755975e-26   1.166864e-25   2.108564e-25   7.165567e-25   8.375888e-25   3.227736e-24   1.236783e-23   3.456198e-23   1.371977e-22   1.215161e-22   0.000000e+00
         8.8500   2.298176e-26   9.943584e-26   1.801864e-25   6.320893e-25   7.360502e-25   2.894711e-24   1.133808e-23   3.165869e-23   1.268630e-22   1.122365e-22   0.000000e+00
         8.9000   1.913354e-26   8.456664e-26   1.536505e-25   5.573060e-25   6.464517e-25   2.594796e-24   1.038318e-23   2.896962e-23   1.171591e-22   1.035374e-22   0.000000e+00
         8.9500   1.590657e-26   7.178365e-26   1.307513e-25   4.911746e-25   5.674933e-25   2.324943e-24   9.499001e-24   2.648254e-23   1.080627e-22   9.539504e-23   0.000000e+00
         9.0000   1.320665e-26   6.082218e-26   1.110413e-25   4.327569e-25   4.979959e-25   2.082337e-24   8.681466e-24   2.418552e-23   9.955098e-23   8.778594e-23   0.000000e+00
