# CIE bound-bound cooling efficiency for Si (Z=14)
# Source: CHIANTI v11.0.2 via ChiantiPy ion.boundBoundLoss
# Units: erg cm^3 / s, per ion per electron, low-density limit (n_e = 1 cm^-3)
# T grid: 121 log-spaced points, 10^3.00 K -> 10^9.00 K
# Generated by pyathena/photchem/data/build_cool_tables.py
#
# log_T_K        L_Si0          L_Si1          L_Si2          L_Si3          L_Si4          L_Si5          L_Si6          L_Si7          L_Si8          L_Si9          L_Si10         L_Si11         L_Si12         L_Si13         L_Si14       
         3.0000   7.687660e-25   3.289596e-20   2.198086e-22   5.568892e-22   1.410604e-21   2.786227e-21   6.041669e-22   1.072358e-21   5.980934e-21   2.514519e-21   1.823922e-20   8.766807e-20   9.059761e-20   2.787633e-19   9.212424e-24
         3.0500   1.031486e-24   3.243332e-20   2.076017e-22   5.259022e-22   1.331935e-21   2.640449e-21   6.157265e-22   1.012667e-21   7.663197e-21   2.453076e-21   1.721978e-20   8.276771e-20   8.553047e-20   2.633531e-19   9.758294e-24
         3.1000   9.727155e-25   3.181711e-20   1.960828e-22   4.966583e-22   1.257680e-21   2.510587e-21   6.512352e-22   9.563323e-22   9.713860e-21   2.370140e-21   1.625742e-20   7.814169e-20   8.074684e-20   2.488680e-19   1.033651e-23
         3.1500   9.171507e-25   3.107266e-20   1.852136e-22   4.690605e-22   1.187594e-21   2.399466e-21   7.162017e-22   9.031675e-22   1.210238e-20   2.350886e-21   1.534895e-20   7.377468e-20   7.623085e-20   2.349732e-19   1.094899e-23
         3.2000   8.646050e-25   3.022372e-20   1.749582e-22   4.430171e-22   1.121444e-21   2.310237e-21   8.151583e-22   8.529963e-22   1.477671e-20   2.788431e-21   1.449135e-20   7.252327e-20   8.536960e-20   2.225294e-19   1.159775e-23
         3.2500   1.907295e-24   2.929215e-20   1.652825e-22   4.184420e-22   1.059012e-21   2.245921e-21   9.508953e-22   8.056524e-22   1.766892e-20   3.006073e-21   1.368179e-20   6.847111e-20   8.059524e-20   2.101121e-19   1.228496e-23
         3.3000   1.794098e-24   2.829776e-20   1.561544e-22   3.952536e-22   1.000089e-21   2.208917e-21   1.123913e-21   7.609789e-22   2.070154e-20   3.438577e-21   1.291758e-20   6.464591e-20   7.608801e-20   1.979720e-19   1.301289e-23
         3.3500   1.686799e-24   2.725825e-20   1.475436e-22   3.733750e-22   9.444815e-22   2.200558e-21   1.332188e-21   7.188277e-22   2.379353e-20   4.146633e-21   1.219618e-20   6.103498e-20   7.183299e-20   1.869076e-19   1.378396e-23
         3.4000   1.585039e-24   2.618921e-20   1.394215e-22   3.527336e-22   8.920043e-22   2.220837e-21   1.571305e-21   6.790592e-22   2.686523e-20   6.448237e-21   1.151521e-20   5.762635e-20   6.781607e-20   1.765042e-19   1.460071e-23
         3.4500   1.488477e-24   2.510525e-20   1.317612e-22   3.332609e-22   8.424836e-22   2.268323e-21   1.834910e-21   6.415415e-22   2.984208e-20   7.775922e-21   1.087240e-20   5.440873e-20   6.402393e-20   1.667343e-19   1.546585e-23
         3.5000   3.611894e-24   2.401593e-20   1.245375e-22   3.148923e-22   7.957553e-22   2.340279e-21   2.115234e-21   6.061502e-22   3.265730e-20   9.479798e-21   1.026563e-20   5.137145e-20   8.604781e-20   1.574109e-19   1.638226e-23
         3.5500   3.391153e-24   2.293229e-20   1.177315e-22   2.975668e-22   9.020138e-22   2.432939e-21   2.404705e-21   5.727680e-22   3.525325e-20   1.154094e-20   9.692895e-21   4.850445e-20   8.123618e-20   1.486092e-19   1.735297e-23
         3.6000   3.181553e-24   2.186275e-20   1.113605e-22   2.812271e-22   8.520091e-22   2.541871e-21   2.693787e-21   5.412843e-22   3.758286e-20   1.391268e-20   9.152282e-21   4.579822e-20   7.669384e-20   1.407592e-19   1.838120e-23
         3.6500   2.982395e-24   2.081471e-20   1.056559e-22   2.658198e-22   8.048283e-22   3.063636e-21   2.975849e-21   5.115948e-22   3.961130e-20   1.652503e-20   8.642006e-21   4.324378e-20   7.240571e-20   1.328060e-19   1.947036e-23
         3.7000   2.793019e-24   1.979588e-20   1.018704e-22   2.513061e-22   7.603148e-22   3.168622e-21   3.252340e-21   4.836016e-22   4.130981e-20   2.170972e-20   8.160375e-21   4.083268e-20   6.835729e-20   1.250052e-19   2.062405e-23
         3.7500   2.612801e-24   1.881759e-20   1.051044e-22   2.377356e-22   7.183212e-22   3.277527e-21   3.503471e-21   4.572176e-22   4.266474e-20   2.440126e-20   7.705791e-21   3.855692e-20   6.453590e-20   1.180180e-19   2.184610e-23
         3.8000   2.441156e-24   1.790254e-20   1.322181e-22   2.256658e-22   6.787080e-22   3.386570e-21   3.734936e-21   4.323808e-22   4.368735e-20   2.706612e-20   7.276749e-21   3.640895e-20   6.092843e-20   1.115784e-19   2.314056e-23
         3.8500   2.277532e-24   1.709998e-20   2.297999e-22   2.179854e-22   6.413440e-22   3.492638e-21   3.947085e-21   4.091676e-22   4.434601e-20   2.961655e-20   6.871826e-21   3.438166e-20   8.400351e-20   1.051150e-19   2.451173e-23
         3.9000   4.283197e-24   1.651217e-20   5.075780e-22   2.261500e-22   6.061052e-22   3.593316e-21   4.188567e-21   3.878882e-22   4.466957e-20   3.197696e-20   6.489680e-21   3.246832e-20   7.930915e-20   9.935214e-20   2.596414e-23
         3.9500   4.003555e-24   1.633394e-20   1.188420e-21   2.872142e-22   5.728747e-22   3.686848e-21   4.374458e-21   3.699055e-22   4.478331e-20   3.408702e-20   6.129045e-21   3.151107e-20   7.487766e-20   9.380174e-20   2.750261e-23
         4.0000   3.737214e-24   1.690470e-20   2.664069e-21   5.015080e-22   5.415450e-22   3.772058e-21   4.564570e-21   3.594492e-22   4.449123e-20   3.590305e-20   5.788724e-21   2.975952e-20   7.067400e-20   8.856242e-20   2.913224e-23
         4.0500   3.483372e-24   1.876731e-20   5.546527e-21   1.100241e-21   5.120155e-22   3.848247e-21   4.775521e-21   3.629420e-22   4.393716e-20   3.739774e-20   5.467590e-21   2.810660e-20   6.673565e-20   8.350831e-20   3.085844e-23
         4.1000   3.241302e-24   2.272363e-20   1.070339e-20   2.543360e-21   4.841838e-22   3.915076e-21   5.188300e-21   3.961297e-22   4.315633e-20   4.092005e-20   5.164579e-21   2.654683e-20   6.300469e-20   7.878425e-20   3.268691e-23
         4.1500   3.010348e-24   2.987534e-20   1.926760e-20   5.629995e-21   4.579576e-22   3.972451e-21   5.493640e-21   4.917424e-22   4.257093e-20   4.161614e-20   4.878688e-21   2.507503e-20   5.950958e-20   7.438696e-20   3.462373e-23
         4.2000   2.789938e-24   4.163697e-20   3.262528e-20   1.158425e-20   4.332500e-22   4.020416e-21   5.881700e-21   6.708734e-22   4.143379e-20   4.199773e-20   4.608987e-21   2.368636e-20   5.618591e-20   7.033498e-20   3.667532e-23
         4.2500   2.579587e-24   5.970935e-20   5.238194e-20   2.207045e-20   4.099792e-22   4.059062e-21   6.367490e-21   9.897703e-22   4.019132e-20   4.208339e-20   4.354657e-21   2.237635e-20   5.302259e-20   6.641177e-20   3.884847e-23
         4.3000   2.378907e-24   8.600200e-20   8.030591e-20   3.910437e-20   3.880679e-22   4.088447e-21   6.958042e-21   1.552854e-21   3.888227e-20   4.189732e-20   4.115138e-21   2.114134e-20   5.005841e-20   6.276784e-20   4.115039e-23
         4.3500   2.187614e-24   1.225087e-19   1.182870e-19   6.485766e-20   3.674436e-22   4.108541e-21   7.975331e-21   2.316609e-21   3.754292e-20   4.146755e-20   3.890521e-21   1.997979e-20   4.731226e-20   5.934940e-20   4.358870e-23
         4.4000   2.005535e-24   1.711472e-19   1.682647e-19   1.013895e-19   3.480378e-22   4.119184e-21   8.734400e-21   3.381699e-21   3.620767e-20   4.082483e-20   3.682394e-21   1.889581e-20   4.471488e-20   5.593185e-20   4.617149e-23
         4.4500   1.832626e-24   2.335830e-19   2.321108e-19   1.503651e-19   3.297862e-22   4.120068e-21   9.555251e-21   4.781603e-21   3.564341e-20   4.000262e-20   3.495399e-21   1.790657e-20   4.224002e-20   5.283720e-20   4.890733e-23
         4.5000   1.668971e-24   3.110681e-19   3.114753e-19   2.128232e-19   3.126281e-22   4.110733e-21   1.041503e-20   6.528807e-21   3.438165e-20   3.903797e-20   3.339710e-21   1.705510e-20   3.970789e-20   4.992153e-20   5.180527e-23
         4.5500   1.514795e-24   4.043091e-19   4.076003e-19   2.890404e-19   2.965065e-22   4.090613e-21   1.128960e-20   8.778992e-21   3.324131e-20   3.797367e-20   3.234738e-21   1.642796e-20   3.760870e-20   4.714472e-20   5.487492e-23
         4.6000   1.370464e-24   5.133798e-19   5.211175e-19   3.785322e-19   2.813677e-22   4.059190e-21   1.215636e-20   1.116660e-20   3.227907e-20   3.686176e-20   3.214777e-21   1.617366e-20   4.343190e-20   4.445658e-20   5.812646e-23
         4.6500   1.873775e-24   6.377012e-19   6.518598e-19   4.801386e-19   2.671614e-22   4.016330e-21   1.299958e-20   1.383068e-20   3.157192e-20   3.576907e-20   3.337979e-21   1.651491e-20   4.109828e-20   4.198707e-20   6.157067e-23
         4.7000   1.712145e-24   7.760542e-19   7.988235e-19   5.921659e-19   2.538401e-22   3.963413e-21   1.381815e-20   1.674738e-20   3.119077e-20   3.478511e-20   3.700252e-21   1.774621e-20   3.885392e-20   3.965661e-20   6.521897e-23
         4.7500   1.564310e-24   9.266570e-19   9.606622e-19   7.125543e-19   2.413598e-22   3.905639e-21   1.494744e-20   1.992791e-20   3.123170e-20   3.403925e-20   4.453900e-21   2.021171e-20   3.662546e-20   3.742347e-20   6.908343e-23
         4.8000   1.431072e-24   1.087341e-18   1.135645e-18   8.390413e-19   2.296847e-22   3.856249e-21   1.577092e-20   2.377433e-20   3.184911e-20   3.447870e-20   5.826474e-21   2.426409e-20   3.462256e-20   3.533076e-20   7.317688e-23
         4.8500   1.313347e-24   1.255715e-18   1.321595e-18   9.693032e-19   2.188201e-22   3.842749e-21   1.670425e-20   2.774522e-20   3.397824e-20   3.487388e-20   8.134551e-21   3.021217e-20   3.273273e-20   3.337540e-20   7.751289e-23
         4.9000   1.212137e-24   1.429351e-18   1.515942e-18   1.101073e-18   2.089813e-22   3.914151e-21   1.788214e-20   3.242271e-20   3.641536e-20   3.638121e-20   1.178757e-20   3.826901e-20   3.079836e-20   3.153046e-20   8.210581e-23
         4.9500   1.128499e-24   1.605828e-18   1.715792e-18   1.232249e-18   2.012805e-22   4.146983e-21   1.949758e-20   3.810929e-20   4.019068e-20   3.945249e-20   1.726495e-20   4.851100e-20   2.917425e-20   2.978995e-20   8.697089e-23
         5.0000   1.063506e-24   1.782783e-18   1.918056e-18   1.361002e-18   1.999609e-22   4.647418e-21   2.179131e-20   4.513962e-20   4.563451e-20   4.460097e-20   2.507004e-20   6.085719e-20   2.765698e-20   2.814824e-20   9.212424e-23
         5.0500   1.018195e-24   1.957964e-18   2.119795e-18   1.485734e-18   2.183343e-22   5.548147e-21   2.503123e-20   5.382874e-20   5.309097e-20   5.235213e-20   3.567023e-20   7.507239e-20   2.623258e-20   2.659987e-20   9.758294e-23
         5.1000   9.935165e-25   2.129238e-18   2.318217e-18   1.605061e-18   2.918614e-22   7.001821e-21   2.948495e-20   6.441876e-20   6.284339e-20   6.309863e-20   4.944069e-20   9.078958e-20   2.478657e-20   2.513953e-20   1.033651e-22
         5.1500   9.902774e-25   2.294644e-18   2.510683e-18   1.717814e-18   5.023151e-22   9.176476e-21   3.537772e-20   7.703616e-20   7.507711e-20   7.707158e-20   6.659462e-20   1.075467e-19   2.335641e-20   2.376223e-20   1.094899e-22
         5.2000   1.009084e-24   2.452523e-18   2.694787e-18   1.823037e-18   1.015207e-21   1.225923e-20   4.286382e-20   9.198361e-20   8.986019e-20   9.431086e-20   8.710170e-20   1.248296e-19   2.213489e-20   2.246336e-20   1.159775e-22
         5.2500   1.050286e-24   2.601501e-18   2.868420e-18   1.919992e-18   2.128128e-21   1.647853e-20   5.202010e-20   1.084198e-19   1.071392e-19   1.146388e-19   1.106886e-19   1.421221e-19   2.096341e-20   2.123862e-20   1.228496e-22
         5.3000   1.113928e-24   2.740491e-18   3.029744e-18   2.008206e-18   4.321100e-21   2.214327e-20   6.286909e-20   1.263949e-19   1.266806e-19   1.376608e-19   1.368581e-19   1.589457e-19   1.984755e-20   2.008391e-20   1.301289e-22
         5.3500   1.199701e-24   2.868696e-18   3.176940e-18   2.087433e-18   8.293953e-21   2.968960e-20   7.543280e-20   1.455517e-19   1.481009e-19   1.628045e-19   1.649305e-19   1.748863e-19   1.877249e-20   1.899545e-20   1.378396e-22
         5.4000   1.306901e-24   2.985584e-18   3.308519e-18   2.157612e-18   1.497330e-20   3.971797e-20   8.980792e-20   1.655477e-19   1.709418e-19   1.894227e-19   1.941005e-19   1.896117e-19   1.777318e-20   1.796980e-20   1.460071e-22
         5.4500   1.434407e-24   3.090850e-18   3.423477e-18   2.218819e-18   2.547548e-20   5.300045e-20   1.062378e-19   1.861484e-19   1.947425e-19   2.168380e-19   2.235221e-19   2.028791e-19   1.684387e-20   1.700358e-20   1.546585e-22
         5.5000   1.580663e-24   3.184386e-18   3.521275e-18   2.271304e-18   4.102299e-20   7.045349e-20   1.252520e-19   2.073168e-19   2.191209e-19   2.444077e-19   2.524090e-19   2.145345e-19   1.591502e-20   1.609355e-20   1.638226e-22
         5.5500   1.743686e-24   3.266246e-18   3.601800e-18   2.315324e-18   6.281940e-20   9.305575e-20   1.472999e-19   2.292726e-19   2.440758e-19   2.716007e-19   2.800871e-19   2.245061e-19   1.508034e-20   1.523665e-20   1.735297e-22
         5.6000   1.921081e-24   3.336607e-18   3.665309e-18   2.351110e-18   9.190121e-20   1.217114e-19   1.732802e-19   2.524811e-19   2.691357e-19   2.980641e-19   3.060452e-19   2.327986e-19   1.425326e-20   1.442997e-20   1.838120e-22
         5.6500   2.110083e-24   3.395746e-18   3.712363e-18   2.379041e-18   1.289921e-19   1.571037e-19   2.040433e-19   2.776254e-19   2.947572e-19   3.236683e-19   3.299737e-19   2.394885e-19   1.354099e-20   1.367078e-20   1.947036e-22
         5.7000   2.307598e-24   3.444012e-18   3.743765e-18   2.399627e-18   1.743853e-19   1.995540e-19   2.403490e-19   3.055229e-19   3.213822e-19   3.485180e-19   3.517844e-19   2.447199e-19   1.285056e-20   1.295640e-20   2.062405e-22
         5.7500   2.510272e-24   3.481807e-18   3.760502e-18   2.412942e-18   2.278966e-19   2.489280e-19   2.827162e-19   3.369921e-19   3.495941e-19   3.729214e-19   3.716084e-19   2.486997e-19   1.223806e-20   1.228465e-20   2.184610e-22
         5.8000   2.714557e-24   3.509572e-18   3.763651e-18   2.419227e-18   2.889464e-19   3.046265e-19   3.313075e-19   3.727057e-19   3.799995e-19   3.973243e-19   3.897671e-19   2.516887e-19   1.163874e-20   1.165301e-20   2.321256e-22
         5.8500   2.916803e-24   3.527776e-18   3.754322e-18   2.418900e-18   3.565931e-19   3.656726e-19   3.858790e-19   4.130641e-19   4.131063e-19   4.222256e-19   4.066817e-19   2.539843e-19   1.106432e-20   1.105910e-20   2.467852e-22
         5.9000   3.113343e-24   3.536906e-18   3.733627e-18   2.413038e-18   4.295954e-19   4.308154e-19   4.457735e-19   4.582406e-19   4.492171e-19   4.480764e-19   4.227820e-19   2.559044e-19   1.051678e-20   1.050087e-20   2.624463e-22
         5.9500   3.300587e-24   3.537464e-18   3.702656e-18   2.401309e-18   5.065009e-19   4.986844e-19   5.099635e-19   5.077234e-19   4.883652e-19   4.751891e-19   4.384848e-19   2.578002e-19   1.001984e-20   9.976441e-21   2.791858e-22
         6.0000   3.475120e-24   3.529957e-18   3.662447e-18   2.384113e-18   5.857413e-19   5.678742e-19   5.771348e-19   5.609497e-19   5.303417e-19   5.036724e-19   4.541360e-19   2.600032e-19   9.550015e-21   9.484082e-21   2.970874e-22
         6.0500   3.633792e-24   3.514903e-18   3.613930e-18   2.361852e-18   6.657221e-19   6.369985e-19   6.458389e-19   6.169439e-19   5.746868e-19   5.334157e-19   4.699623e-19   2.627803e-19   9.107062e-21   9.022246e-21   3.162424e-22
         6.1000   3.773797e-24   3.492817e-18   3.558043e-18   2.334910e-18   7.449052e-19   7.047420e-19   7.146898e-19   6.745157e-19   6.207099e-19   5.641490e-19   4.860458e-19   2.663138e-19   8.692769e-21   8.589470e-21   3.367509e-22
         6.1500   3.892750e-24   3.464217e-18   3.495738e-18   2.305028e-18   8.219037e-19   7.699230e-19   7.823861e-19   7.323898e-19   6.675529e-19   5.954476e-19   5.023782e-19   2.706946e-19   8.309495e-21   8.184332e-21   3.587220e-22
         6.2000   3.988746e-24   3.429615e-18   3.427944e-18   2.272040e-18   8.955916e-19   8.314989e-19   8.477572e-19   7.894509e-19   7.142624e-19   6.267693e-19   5.189014e-19   2.759248e-19   7.935201e-21   7.805479e-21   3.822746e-22
         6.2500   4.060404e-24   3.389519e-18   3.355545e-18   2.235893e-18   9.650487e-19   8.886906e-19   9.098013e-19   8.447377e-19   7.598759e-19   6.575112e-19   5.354477e-19   2.819244e-19   7.599755e-21   7.451797e-21   4.075386e-22
         6.3000   4.106896e-24   3.344428e-18   3.279404e-18   2.196740e-18   1.029547e-18   9.410240e-19   9.677043e-19   8.974202e-19   8.035660e-19   6.870619e-19   5.517632e-19   2.885580e-19   7.291820e-21   7.122774e-21   4.346563e-22
         6.3500   4.127951e-24   3.294830e-18   3.200469e-18   2.154763e-18   1.088548e-18   9.882568e-19   1.020844e-18   9.468134e-19   8.446485e-19   7.148665e-19   5.675423e-19   2.956706e-19   7.017441e-21   6.819321e-21   4.637829e-22
         6.4000   4.123852e-24   3.241199e-18   3.119541e-18   2.110206e-18   1.141693e-18   1.030297e-18   1.068784e-18   9.923787e-19   8.825678e-19   7.405222e-19   5.824599e-19   3.031269e-19   6.790925e-21   6.545383e-21   4.950872e-22
         6.4500   4.095397e-24   3.183993e-18   3.037243e-18   2.063374e-18   1.188754e-18   1.067217e-18   1.111288e-18   1.033717e-18   9.169023e-19   7.637237e-19   5.962145e-19   3.108375e-19   6.640331e-21   6.310390e-21   5.287537e-22
         6.5000   4.043856e-24   3.123654e-18   2.954073e-18   2.014598e-18   1.229553e-18   1.099182e-18   1.148320e-18   1.070560e-18   9.473601e-19   7.842430e-19   6.085605e-19   3.187509e-19   6.609438e-21   6.132476e-21   5.649840e-22
         6.5500   3.970904e-24   3.060602e-18   2.870443e-18   1.965667e-18   1.264063e-18   1.126405e-18   1.179955e-18   1.102752e-18   9.737683e-19   8.019258e-19   6.192974e-19   3.268115e-19   6.779257e-21   6.041699e-21   6.039965e-22
         6.6000   3.878550e-24   2.995239e-18   2.786699e-18   1.915885e-18   1.292410e-18   1.149091e-18   1.206340e-18   1.130245e-18   9.960593e-19   8.166869e-19   6.282702e-19   3.349368e-19   7.243647e-21   6.081953e-21   6.460292e-22
         6.6500   3.769049e-24   2.927942e-18   2.703137e-18   1.865445e-18   1.314831e-18   1.167430e-18   1.227680e-18   1.153076e-18   1.014261e-18   8.285021e-19   6.353703e-19   3.430223e-19   8.122633e-21   6.310476e-21   6.913399e-22
         6.7000   3.644816e-24   2.859069e-18   2.620012e-18   1.814563e-18   1.331640e-18   1.181616e-18   1.244217e-18   1.171353e-18   1.028508e-18   8.374011e-19   6.405342e-19   3.509570e-19   9.548826e-21   6.794155e-21   7.402072e-22
         6.7500   3.508343e-24   2.788953e-18   2.537532e-18   1.763432e-18   1.343213e-18   1.191871e-18   1.256215e-18   1.185239e-18   1.038989e-18   8.434680e-19   6.437418e-19   3.586686e-19   1.165431e-20   7.602715e-21   7.929313e-22
         6.8000   3.362114e-24   2.717905e-18   2.455889e-18   1.712226e-18   1.349985e-18   1.198445e-18   1.263939e-18   1.194938e-18   1.045916e-18   8.468525e-19   6.450132e-19   3.660806e-19   1.455581e-20   8.799878e-21   8.498337e-22
         6.8500   3.208533e-24   2.646211e-18   2.375260e-18   1.661122e-18   1.352393e-18   1.201595e-18   1.267673e-18   1.200697e-18   1.049513e-18   8.477226e-19   6.444662e-19   3.731054e-19   1.834114e-20   1.043413e-20   9.112574e-22
         6.9000   3.049864e-24   2.574138e-18   2.295804e-18   1.610280e-18   1.350859e-18   1.201635e-18   1.267707e-18   1.202833e-18   1.050013e-18   8.462487e-19   6.423022e-19   3.797021e-19   2.305938e-20   1.253117e-20   9.775618e-22
         6.9500   2.888184e-24   2.501927e-18   2.217658e-18   1.559842e-18   1.345776e-18   1.198897e-18   1.264336e-18   1.201663e-18   1.047655e-18   8.426001e-19   6.386920e-19   3.859096e-19   2.871594e-20   1.508933e-20   1.049121e-21
         7.0000   2.725353e-24   2.429801e-18   2.140946e-18   1.509941e-18   1.337511e-18   1.193679e-18   1.257853e-18   1.197478e-18   1.042693e-18   8.369440e-19   6.337742e-19   3.915511e-19   3.527339e-20   1.807872e-20   1.126317e-21
         7.0500   2.562993e-24   2.357960e-18   2.065776e-18   1.460690e-18   1.326400e-18   1.186232e-18   1.248598e-18   1.190551e-18   1.035372e-18   8.294655e-19   6.276625e-19   3.965511e-19   4.265780e-20   2.144392e-20   1.209522e-21
         7.1000   2.402486e-24   2.286587e-18   1.992235e-18   1.412179e-18   1.312754e-18   1.176763e-18   1.236995e-18   1.181132e-18   1.025913e-18   8.204075e-19   6.204542e-19   4.008605e-19   5.076682e-20   2.510966e-20   1.299089e-21
         7.1500   2.244982e-24   2.215845e-18   1.920387e-18   1.364483e-18   1.296859e-18   1.165452e-18   1.223384e-18   1.169458e-18   1.014525e-18   8.099848e-19   6.122188e-19   4.047560e-19   5.947823e-20   2.898804e-20   1.395308e-21
         7.2000   2.091414e-24   2.145878e-18   1.850285e-18   1.317666e-18   1.278998e-18   1.152459e-18   1.208027e-18   1.155732e-18   1.001402e-18   7.983726e-19   6.030080e-19   4.078479e-19   6.865793e-20   3.298573e-20   1.498396e-21
         7.2500   1.942519e-24   2.076815e-18   1.781964e-18   1.271989e-18   1.259427e-18   1.137926e-18   1.191135e-18   1.140148e-18   9.867384e-19   7.857187e-19   5.928915e-19   4.100815e-19   7.816734e-20   3.701076e-20   1.608425e-21
         7.3000   1.798868e-24   2.008771e-18   1.715451e-18   1.227549e-18   1.238376e-18   1.121990e-18   1.172884e-18   1.122893e-18   9.707788e-19   7.721519e-19   5.819539e-19   4.114164e-19   8.785894e-20   4.097838e-20   1.725308e-21
         7.3500   1.660888e-24   1.941844e-18   1.650764e-18   1.184170e-18   1.216049e-18   1.104779e-18   1.153425e-18   1.104150e-18   9.537457e-19   7.577926e-19   5.702886e-19   4.118281e-19   9.757823e-20   4.481510e-20   1.848748e-21
         7.4000   1.528889e-24   1.876119e-18   1.587911e-18   1.141851e-18   1.192631e-18   1.086418e-18   1.132896e-18   1.084096e-18   9.358150e-19   7.427638e-19   5.579944e-19   4.116916e-19   1.071801e-19   4.846076e-20   1.978236e-21
         7.4500   1.403090e-24   1.811670e-18   1.526893e-18   1.100586e-18   1.168294e-18   1.067026e-18   1.111425e-18   1.062900e-18   9.171307e-19   7.271692e-19   5.452196e-19   4.108424e-19   1.165334e-19   5.186897e-20   2.113048e-21
         7.5000   1.283633e-24   1.748559e-18   1.467707e-18   1.060370e-18   1.143204e-18   1.046721e-18   1.089131e-18   1.040723e-18   8.978148e-19   7.110960e-19   5.321454e-19   4.091106e-19   1.255247e-19   5.500633e-20   2.252313e-21
         7.5500   1.170602e-24   1.686837e-18   1.410341e-18   1.021205e-18   1.117508e-18   1.025619e-18   1.066126e-18   1.017733e-18   8.779744e-19   6.946212e-19   5.188932e-19   4.065296e-19   1.340604e-19   5.785180e-20   2.395053e-21
         7.6000   1.064035e-24   1.626546e-18   1.354781e-18   9.830931e-19   1.091335e-18   1.003830e-18   1.042519e-18   9.941539e-19   8.577057e-19   6.778162e-19   5.055416e-19   4.031425e-19   1.420649e-19   6.039549e-20   2.540320e-21
         7.6500   9.639276e-25   1.567717e-18   1.301008e-18   9.460360e-19   1.064802e-18   9.814615e-19   1.018413e-18   9.701859e-19   8.370987e-19   6.607485e-19   4.921436e-19   3.989984e-19   1.494805e-19   6.263640e-20   2.687264e-21
         7.7000   8.702423e-25   1.510378e-18   1.248997e-18   9.100337e-19   1.038011e-18   9.586157e-19   9.939051e-19   9.459825e-19   8.162454e-19   6.434826e-19   4.787378e-19   3.941476e-19   1.562675e-19   6.457997e-20   2.835251e-21
         7.7500   7.829083e-25   1.454544e-18   1.198722e-18   8.750848e-19   1.011055e-18   9.353905e-19   9.690988e-19   9.216638e-19   7.952277e-19   6.260904e-19   4.653553e-19   3.886455e-19   1.624029e-19   6.623651e-20   2.983958e-21
         7.8000   7.018242e-25   1.400227e-18   1.150154e-18   8.411850e-19   9.840190e-19   9.118782e-19   9.441015e-19   8.973254e-19   7.741159e-19   6.086674e-19   4.520230e-19   3.829476e-19   1.678773e-19   6.762005e-20   3.133364e-21
         7.8500   6.268576e-25   1.347433e-18   1.103262e-18   8.083274e-19   9.569797e-19   8.881657e-19   9.190036e-19   8.730420e-19   7.529726e-19   5.912919e-19   4.387584e-19   3.767908e-19   1.726923e-19   6.874689e-20   3.283846e-21
         7.9000   5.578463e-25   1.296161e-18   1.058010e-18   7.765028e-19   9.300070e-19   8.643340e-19   8.938817e-19   8.488605e-19   7.318543e-19   5.740229e-19   4.255735e-19   3.701569e-19   1.768587e-19   6.963414e-20   3.436082e-21
         7.9500   4.945991e-25   1.246407e-18   1.014364e-18   7.456999e-19   9.031644e-19   8.404582e-19   8.688029e-19   8.248177e-19   7.108147e-19   5.569069e-19   4.124882e-19   3.631131e-19   1.803951e-19   7.029940e-20   3.591065e-21
         8.0000   4.368969e-25   1.198160e-18   9.722873e-19   7.159056e-19   8.765096e-19   8.166078e-19   8.438270e-19   8.009488e-19   6.899109e-19   5.399812e-19   3.995264e-19   3.557248e-19   1.833256e-19   7.076070e-20   3.750003e-21
         8.0500   3.844957e-25   1.151410e-18   9.317413e-19   6.871049e-19   8.500947e-19   7.928466e-19   8.190084e-19   7.772881e-19   6.691916e-19   5.232769e-19   3.867132e-19   3.480486e-19   1.856777e-19   7.103558e-20   3.914298e-21
         8.1000   3.371296e-25   1.106139e-18   8.926874e-19   6.592810e-19   8.239670e-19   7.692323e-19   7.943967e-19   7.538686e-19   6.486958e-19   5.068187e-19   3.740735e-19   3.401329e-19   1.874834e-19   7.114056e-20   4.085403e-21
         8.1500   2.945144e-25   1.062328e-18   8.550863e-19   6.324160e-19   7.981686e-19   7.458172e-19   7.700378e-19   7.307220e-19   6.284559e-19   4.906254e-19   3.616385e-19   3.320237e-19   1.887784e-19   7.109122e-20   4.264868e-21
         8.2000   2.563522e-25   1.019956e-18   8.188984e-19   6.064903e-19   7.727372e-19   7.226484e-19   7.459723e-19   7.078788e-19   6.085004e-19   4.747114e-19   3.494405e-19   3.237613e-19   1.896017e-19   7.090232e-20   4.454244e-21
         8.2500   2.223361e-25   9.789999e-19   7.840836e-19   5.814840e-19   7.477062e-19   6.997678e-19   7.222372e-19   6.853683e-19   5.888546e-19   4.590895e-19   3.374997e-19   3.153838e-19   1.899941e-19   7.058783e-20   4.655056e-21
         8.3000   1.921547e-25   9.394333e-19   7.506021e-19   5.573760e-19   7.231049e-19   6.772129e-19   6.988656e-19   6.632154e-19   5.695418e-19   4.437710e-19   3.258286e-19   3.069285e-19   1.900013e-19   7.016098e-20   4.868628e-21
         8.3500   1.654968e-25   9.012292e-19   7.184140e-19   5.341450e-19   6.989589e-19   6.550165e-19   6.758871e-19   6.414442e-19   5.505830e-19   4.287665e-19   3.144350e-19   2.984304e-19   1.896723e-19   6.963441e-20   5.096343e-21
         8.4000   1.420556e-25   8.643593e-19   6.874796e-19   5.117691e-19   6.752902e-19   6.332071e-19   6.533278e-19   6.200762e-19   5.319950e-19   4.140879e-19   3.033242e-19   2.899219e-19   1.890532e-19   6.901996e-20   5.339652e-21
         8.4500   1.215328e-25   8.287940e-19   6.577597e-19   4.902261e-19   6.521174e-19   6.118095e-19   6.312102e-19   5.991304e-19   5.137938e-19   3.997416e-19   2.925035e-19   2.814329e-19   1.881881e-19   6.832885e-20   5.599826e-21
         8.5000   1.036411e-25   7.945027e-19   6.292155e-19   4.694936e-19   6.294562e-19   5.908447e-19   6.095536e-19   5.786237e-19   4.959933e-19   3.857350e-19   2.819730e-19   2.730441e-19   1.871185e-19   6.757178e-20   5.878060e-21
         8.5500   8.810790e-26   7.614544e-19   6.018085e-19   4.495490e-19   6.073191e-19   5.703304e-19   5.883742e-19   5.585701e-19   4.786050e-19   3.720749e-19   2.717344e-19   2.648090e-19   1.858871e-19   6.675905e-20   6.175573e-21
         8.6000   7.467631e-26   7.296174e-19   5.755010e-19   4.303697e-19   5.857164e-19   5.502812e-19   5.676854e-19   5.389817e-19   4.616389e-19   3.587668e-19   2.617897e-19   2.566672e-19   1.845298e-19   6.590038e-20   6.493592e-21
         8.6500   6.310717e-26   6.989597e-19   5.502560e-19   4.119334e-19   5.646556e-19   5.307089e-19   5.474980e-19   5.198682e-19   4.451026e-19   3.458150e-19   2.521398e-19   2.486399e-19   1.830792e-19   6.500496e-20   6.833330e-21
         8.7000   5.317972e-26   6.694491e-19   5.260370e-19   3.942176e-19   5.441421e-19   5.116226e-19   5.278200e-19   5.012372e-19   4.290021e-19   3.332229e-19   2.427853e-19   2.407457e-19   1.815684e-19   6.408171e-20   7.196030e-21
         8.7500   4.469189e-26   6.410532e-19   5.028083e-19   3.772001e-19   5.241793e-19   4.930291e-19   5.086576e-19   4.830944e-19   4.133415e-19   3.209924e-19   2.337261e-19   2.329999e-19   1.800290e-19   6.313925e-20   7.582973e-21
         8.8000   3.746030e-26   6.137398e-19   4.805350e-19   3.608589e-19   5.047686e-19   4.749329e-19   4.900146e-19   4.654436e-19   3.981234e-19   3.091245e-19   2.249615e-19   2.254147e-19   1.784902e-19   6.218575e-20   7.995490e-21
         8.8500   3.131973e-26   5.874766e-19   4.591831e-19   3.451721e-19   4.859099e-19   4.573368e-19   4.718931e-19   4.482870e-19   3.833491e-19   2.976194e-19   2.164902e-19   2.179998e-19   1.769799e-19   6.122890e-20   8.434968e-21
         8.9000   2.612240e-26   5.622317e-19   4.387192e-19   3.301181e-19   4.676014e-19   4.402418e-19   4.542933e-19   4.316252e-19   3.690181e-19   2.864760e-19   2.083104e-19   2.107637e-19   1.755241e-19   6.027604e-20   8.902875e-21
         8.9500   2.173705e-26   5.379734e-19   4.191110e-19   3.156759e-19   4.498400e-19   4.236471e-19   4.372141e-19   4.154574e-19   3.551291e-19   2.756926e-19   2.004197e-19   2.037126e-19   1.741479e-19   5.933418e-20   9.400759e-21
         9.0000   1.804780e-26   5.146704e-19   4.003268e-19   3.018245e-19   4.326213e-19   4.075507e-19   4.206528e-19   3.997815e-19   3.416796e-19   2.652666e-19   1.928152e-19   1.968519e-19   1.728749e-19   5.841000e-20   9.930262e-21
