# CIE bound-bound cooling efficiency for Ca (Z=20)
# Source: CHIANTI v11.0.2 via ChiantiPy ion.boundBoundLoss
# Units: erg cm^3 / s, per ion per electron, low-density limit (n_e = 1 cm^-3)
# T grid: 121 log-spaced points, 10^3.00 K -> 10^9.00 K
# Generated by pyathena/photchem/data/build_cool_tables.py
#
# log_T_K        L_Ca0          L_Ca1          L_Ca2          L_Ca3          L_Ca4          L_Ca5          L_Ca6          L_Ca7          L_Ca8          L_Ca9          L_Ca10         L_Ca11         L_Ca12         L_Ca13         L_Ca14         L_Ca15         L_Ca16         L_Ca17         L_Ca18         L_Ca19         L_Ca20       
         3.0000   0.000000e+00   6.004770e-26   1.880087e-25   4.230195e-25   2.419469e-21   1.175054e-24   1.029611e-21   1.614186e-21   1.331818e-20   1.930327e-20   1.835220e-20   5.691596e-24   5.748442e-22   7.943365e-24   9.212426e-24   1.562875e-20   9.880309e-20   4.721354e-19   4.090556e-19   3.425971e-19   1.880087e-23
         3.0500   0.000000e+00   1.540012e-25   1.991489e-25   4.480849e-25   3.290135e-21   1.244680e-24   1.328137e-21   2.986641e-21   1.257414e-20   1.822469e-20   1.732646e-20   6.231842e-24   5.434806e-22   8.414039e-24   9.758320e-24   1.475584e-20   9.327823e-20   4.457331e-19   4.558340e-19   5.377084e-19   1.991489e-23
         3.1000   0.000000e+00   7.120603e-25   2.109492e-25   4.746356e-25   4.293850e-21   1.318432e-24   1.686053e-21   5.136800e-21   1.187178e-20   1.720651e-20   1.635815e-20   6.577209e-24   5.139185e-22   8.912603e-24   1.033679e-23   1.393183e-20   8.806255e-20   4.208083e-19   4.303372e-19   5.076315e-19   2.109492e-23
         3.1500   0.000000e+00   3.444236e-24   2.234487e-25   5.027596e-25   5.403544e-21   1.396555e-24   2.109069e-21   8.277018e-21   1.120878e-20   1.624537e-20   1.544406e-20   6.944377e-24   4.860598e-22   9.440708e-24   1.095137e-23   1.315401e-20   8.313876e-20   3.972783e-19   4.062667e-19   4.796125e-19   2.234487e-23
         3.2000   0.000000e+00   1.452593e-23   2.366889e-25   5.325500e-25   6.585837e-21   1.479316e-24   2.600050e-21   1.258284e-20   1.058292e-20   1.533808e-20   1.458116e-20   1.149458e-23   4.598122e-22   1.000010e-23   1.161350e-23   1.241979e-20   7.849054e-20   3.750651e-19   3.835429e-19   4.529078e-19   2.366889e-23
         3.2500   0.000000e+00   5.242525e-23   2.507136e-25   5.641055e-25   7.805566e-21   1.567101e-24   3.157695e-21   1.816096e-20   9.992142e-21   1.448162e-20   1.376659e-20   1.167678e-23   4.350888e-22   1.059265e-23   1.236904e-23   1.172673e-20   7.410249e-20   3.540951e-19   3.620904e-19   4.275592e-19   2.507136e-23
         3.3000   0.000000e+00   1.636661e-22   2.655693e-25   5.975309e-25   9.029931e-21   1.661249e-24   3.775778e-21   2.502615e-20   9.434484e-21   1.367317e-20   1.299765e-20   1.189769e-23   4.118086e-22   1.122030e-23   1.338477e-23   1.107254e-20   6.996006e-20   3.342987e-19   3.418380e-19   4.036450e-19   2.655693e-23
         3.3500   0.000000e+00   4.485086e-22   2.813052e-25   6.329368e-25   1.023152e-20   1.769530e-24   4.443144e-21   3.309180e-20   8.908097e-21   1.291003e-20   1.227179e-20   5.803941e-23   3.898996e-22   1.188515e-23   1.517437e-23   1.045507e-20   6.604951e-20   3.156105e-19   4.557971e-19   3.817044e-19   2.813052e-23
         3.4000   0.000000e+00   1.094438e-21   2.979736e-25   6.704407e-25   1.138986e-20   1.933597e-24   5.144453e-21   4.217529e-20   8.411237e-21   1.218969e-20   1.158661e-20   5.577867e-23   3.693123e-22   1.258939e-23   1.907606e-23   9.872239e-21   6.235790e-20   2.979683e-19   4.303036e-19   3.611266e-19   2.979736e-23
         3.4500   0.000000e+00   2.409893e-21   3.166681e-25   7.101668e-25   1.249165e-20   2.336382e-24   5.861518e-21   5.201586e-20   7.942255e-21   1.164809e-20   1.093984e-20   5.370595e-23   3.500648e-22   1.333535e-23   2.807054e-23   9.322723e-21   5.887297e-20   2.813138e-19   4.062364e-19   5.501135e-19   3.156297e-23
         3.5000   0.000000e+00   4.847753e-21   3.366716e-25   7.522468e-25   1.353002e-20   3.635670e-24   6.575002e-21   6.230081e-20   7.499599e-21   1.099856e-20   1.032932e-20   3.431213e-22   3.323581e-22   1.412552e-23   4.790142e-23   8.803482e-21   5.558319e-20   2.655918e-19   3.835156e-19   5.193655e-19   3.343319e-23
         3.5500   0.000000e+00   9.011136e-21   3.580423e-25   7.968202e-25   1.450352e-20   7.799072e-24   7.266233e-21   7.269484e-20   7.081799e-21   1.038549e-20   9.753047e-21   3.251992e-22   3.168202e-22   1.496251e-23   8.824561e-23   8.313435e-21   5.247764e-20   2.507500e-19   3.620661e-19   4.905430e-19   3.541423e-23
         3.6000   0.000000e+00   1.564237e-20   3.808852e-25   8.440348e-25   1.541842e-20   1.980699e-23   7.918891e-21   8.286803e-20   6.687472e-21   9.806843e-21   9.209098e-21   3.085258e-22   3.049228e-22   1.584910e-23   1.634822e-22   7.863136e-21   4.954604e-20   2.367394e-19   3.418166e-19   4.633136e-19   3.751266e-23
         3.6500   0.000000e+00   2.560372e-20   4.053144e-25   8.940470e-25   1.630121e-20   5.050047e-23   8.520365e-21   9.251911e-20   6.315311e-21   9.260700e-21   8.695673e-21   2.933375e-22   2.995599e-22   1.678822e-23   2.925729e-22   7.426256e-21   4.677866e-20   2.235135e-19   3.227002e-19   4.370228e-19   3.973542e-23
         3.7000   0.000000e+00   3.985897e-20   4.314549e-25   9.470226e-25   1.719246e-20   1.204814e-22   9.062593e-21   1.013923e-19   5.964080e-21   8.745250e-21   8.211071e-21   1.321287e-21   3.056436e-22   1.778298e-23   4.977775e-22   7.014622e-21   4.416633e-20   2.110285e-19   3.046534e-19   4.133242e-19   4.208989e-23
         3.7500   0.000000e+00   5.945739e-20   4.594434e-25   1.003137e-24   1.814021e-20   2.644111e-22   9.542259e-21   1.092869e-19   5.632617e-21   8.258787e-21   7.753684e-21   1.253200e-21   3.306949e-22   1.883669e-23   8.023196e-22   6.761689e-21   4.170040e-20   1.992429e-19   4.175696e-19   3.907803e-19   4.458388e-23
         3.8000   0.000000e+00   8.551101e-20   4.894288e-25   1.062577e-24   1.919413e-20   5.345743e-22   9.960342e-21   1.160614e-19   5.319821e-21   7.799695e-21   7.321999e-21   1.193431e-21   3.841462e-22   1.995284e-23   1.227451e-21   6.393101e-21   3.937268e-20   1.881177e-19   3.942168e-19   3.696376e-19   4.722564e-23
         3.8500   0.000000e+00   1.191521e-19   5.215735e-25   1.125538e-24   2.040081e-20   1.002440e-21   1.032111e-20   1.216309e-19   5.024656e-21   7.366455e-21   6.914582e-21   1.144555e-21   4.776186e-22   2.113518e-23   1.789668e-21   6.053048e-21   3.717547e-20   1.776161e-19   3.721707e-19   3.496557e-19   5.002393e-23
         3.9000   0.000000e+00   1.614635e-19   5.560552e-25   1.192231e-24   2.180665e-20   1.757195e-21   1.063080e-20   1.259629e-19   4.746143e-21   6.957628e-21   6.530084e-21   1.110001e-21   6.261399e-22   2.238818e-23   2.498799e-21   6.595809e-21   3.510148e-20   1.677031e-19   3.513588e-19   3.301653e-19   5.298804e-23
         3.9500   0.000000e+00   2.133897e-19   5.930683e-25   1.262875e-24   2.344975e-20   2.900673e-21   1.089623e-20   1.290686e-19   4.483359e-21   6.571860e-21   6.167230e-21   1.093791e-21   8.335956e-22   2.371954e-23   3.355716e-21   6.281689e-21   3.314384e-20   1.583461e-19   3.317109e-19   3.109392e-19   5.612778e-23
         4.0000   0.000000e+00   2.756463e-19   6.328244e-25   1.337705e-24   2.535445e-20   4.538631e-21   1.112364e-20   1.309953e-19   4.235432e-21   6.207871e-21   5.824818e-21   3.089107e-21   1.110716e-21   2.515716e-23   4.359549e-21   6.019688e-21   3.129606e-20   1.495139e-19   3.131631e-19   2.935728e-19   5.945356e-23
         4.0500   0.000000e+00   3.486723e-19   6.755544e-25   1.418454e-24   2.753111e-20   6.768901e-21   1.131790e-20   1.318168e-19   4.001544e-21   5.864455e-21   5.501712e-21   3.010622e-21   1.495673e-21   2.678707e-23   5.483653e-21   5.820175e-21   2.955201e-20   1.411772e-19   2.956594e-19   2.772613e-19   6.297640e-23
         4.1000   0.000000e+00   4.326264e-19   7.215103e-25   1.507785e-24   2.997851e-20   9.667677e-21   1.148217e-20   1.316262e-19   3.780949e-21   5.540484e-21   5.196842e-21   2.967430e-21   1.913770e-21   2.909200e-23   6.712845e-21   8.730137e-21   2.790591e-20   1.333085e-19   2.791286e-19   2.619649e-19   6.670799e-23
         4.1500   0.000000e+00   5.273855e-19   7.709673e-25   1.603192e-24   3.268541e-20   1.327597e-20   1.161793e-20   1.305283e-19   3.573064e-21   5.234970e-21   4.909197e-21   2.960575e-21   2.395551e-21   3.271639e-23   8.084890e-21   8.515599e-21   2.635231e-20   1.258816e-19   2.635301e-19   3.127426e-19   7.066068e-23
         4.2000   0.000000e+00   6.325646e-19   8.242240e-25   1.705137e-24   3.562876e-20   1.758875e-20   1.172555e-20   1.286351e-19   3.377848e-21   4.947412e-21   4.637822e-21   2.989489e-21   3.154802e-21   4.025426e-23   9.439818e-21   8.398618e-21   2.488606e-20   1.188719e-19   2.488014e-19   2.952669e-19   7.484759e-23
         4.2500   0.000000e+00   7.475537e-19   8.816049e-25   1.814124e-24   3.877270e-20   2.254909e-20   1.180537e-20   1.260638e-19   3.197016e-21   4.679281e-21   4.381819e-21   3.051989e-21   3.719096e-21   6.013511e-23   1.081702e-20   8.381210e-21   2.350229e-20   1.122563e-19   2.349326e-19   2.796797e-19   7.928259e-23
         4.3000   0.000000e+00   8.715463e-19   9.434626e-25   1.930704e-24   4.206617e-20   2.804899e-20   1.186009e-20   1.229389e-19   3.037485e-21   4.438949e-21   4.140339e-21   3.144475e-21   4.314119e-21   9.573597e-23   1.219181e-20   8.461445e-21   2.219642e-20   1.060127e-19   2.218452e-19   2.630952e-19   8.398038e-23
         4.3500   0.000000e+00   1.003549e-18   1.010177e-24   2.055476e-24   4.543129e-20   3.393688e-20   1.189953e-20   1.194013e-19   2.920081e-21   4.254830e-21   3.912582e-21   3.262266e-21   4.930311e-21   1.666458e-22   1.392918e-20   8.633732e-21   2.096412e-20   1.001204e-19   2.094514e-19   2.482780e-19   8.895653e-23
         4.4000   0.000000e+00   1.142368e-18   1.082158e-24   2.189096e-24   4.875948e-20   4.003060e-20   1.194977e-20   1.156274e-19   2.899245e-21   4.203695e-21   3.697791e-21   5.342336e-21   6.361832e-21   3.312573e-22   1.523269e-20   1.469086e-20   1.980131e-20   9.456000e-20   1.977694e-19   2.345411e-19   9.422754e-23
         4.4500   0.000000e+00   1.286593e-18   1.159845e-24   2.332282e-24   5.193326e-20   4.613361e-20   1.206914e-20   1.118594e-19   3.102425e-21   4.460214e-21   3.495254e-21   5.385950e-21   6.959551e-21   5.477019e-22   1.650868e-20   1.469556e-20   1.870417e-20   8.931309e-20   2.275403e-19   2.217584e-19   9.981087e-23
         4.5000   0.000000e+00   1.434573e-18   1.243704e-24   2.485814e-24   5.483797e-20   5.205150e-20   1.237438e-20   1.084507e-19   3.797883e-21   5.366575e-21   3.304301e-21   5.444429e-21   7.571037e-21   8.862980e-22   1.776678e-20   1.478057e-20   1.766915e-20   8.436276e-20   2.148326e-19   2.089328e-19   1.057250e-22
         4.5500   0.000000e+00   1.584426e-18   1.334227e-24   2.650546e-24   5.736789e-20   5.760635e-20   1.308044e-20   1.059253e-19   5.491756e-21   7.507882e-21   3.124298e-21   5.512234e-21   8.198259e-21   1.600508e-21   2.039184e-20   1.493436e-20   1.669314e-20   7.969424e-20   2.029980e-19   1.974962e-19   1.119896e-22
         4.6000   0.000000e+00   1.734079e-18   1.431923e-24   2.827412e-24   5.941631e-20   6.264702e-20   1.455849e-20   1.050486e-19   9.035753e-21   1.176562e-20   2.954646e-21   5.584365e-21   8.844582e-21   2.258854e-21   2.158861e-20   1.514715e-20   1.577374e-20   7.529705e-20   1.917393e-19   1.864833e-19   1.186254e-22
         4.6500   0.000000e+00   1.881420e-18   1.537310e-24   3.017429e-24   6.089308e-20   6.705460e-20   1.741400e-20   1.068977e-19   1.570439e-20   1.931717e-20   2.794784e-21   5.656436e-21   9.513773e-21   3.106425e-21   2.282434e-20   1.541213e-20   1.490989e-20   7.116935e-20   1.810152e-19   1.760887e-19   1.256544e-22
         4.7000   0.000000e+00   2.024397e-18   1.650895e-24   3.221707e-24   6.175199e-20   7.074287e-20   2.257944e-20   1.129124e-19   2.721378e-20   3.155941e-20   2.644290e-21   5.724684e-21   1.173880e-20   4.135747e-21   2.411275e-20   1.572677e-20   1.410301e-20   6.732551e-20   1.712191e-19   1.660632e-19   1.330999e-22
         4.7500   0.000000e+00   2.161063e-18   1.773154e-24   3.441457e-24   6.198894e-20   7.365484e-20   3.140115e-20   1.248999e-19   4.564082e-20   4.995877e-20   2.502582e-21   5.785927e-21   1.237571e-20   6.112514e-21   2.546173e-20   1.609435e-20   1.335888e-20   6.380649e-20   1.616787e-19   1.566929e-19   1.409866e-22
         4.8000   0.000000e+00   2.289664e-18   1.904480e-24   3.677999e-24   6.163469e-20   7.575635e-20   4.568497e-20   1.449665e-19   7.323042e-20   7.585057e-20   2.369189e-21   5.837503e-21   1.304154e-20   7.366780e-21   2.964280e-20   2.219110e-20   1.269127e-20   6.069101e-20   1.530099e-19   1.481777e-19   1.493406e-22
         4.8500   0.000000e+00   2.408715e-18   2.045155e-24   3.932766e-24   6.074588e-20   7.703225e-20   6.765922e-20   1.753629e-19   1.121370e-19   1.102338e-19   2.243670e-21   5.877268e-21   1.372752e-20   8.689244e-21   3.095913e-20   2.239251e-20   1.212827e-20   5.810315e-20   1.444054e-19   1.399345e-19   1.581896e-22
         4.9000   0.000000e+00   2.517048e-18   2.195271e-24   4.207317e-24   5.939586e-20   7.749039e-20   9.982637e-20   2.182512e-19   1.641713e-19   1.536044e-19   2.125613e-21   5.903812e-21   1.441731e-20   1.004254e-20   3.234028e-20   2.273698e-20   1.172297e-20   5.621168e-20   1.365127e-19   1.321549e-19   1.675629e-22
         4.9500   0.000000e+00   2.613828e-18   2.354695e-24   4.503338e-24   5.766633e-20   7.715236e-20   1.447047e-19   2.754285e-19   2.306089e-19   2.058564e-19   2.014628e-21   5.917203e-21   1.508633e-20   1.142358e-20   3.378974e-20   2.328705e-20   1.156844e-20   5.521752e-20   1.288146e-19   1.250973e-19   1.774916e-22
         5.0000   0.000000e+00   2.698554e-18   2.523010e-24   4.822649e-24   5.564044e-20   7.605362e-20   2.044981e-19   3.480568e-19   3.118800e-19   2.662612e-19   1.910349e-21   5.920736e-21   1.571801e-20   1.289280e-20   3.532846e-20   2.413959e-20   1.181436e-20   5.532951e-20   1.218280e-19   1.181705e-19   1.880087e-22
         5.0500   0.000000e+00   2.771028e-18   2.699506e-24   5.167208e-24   5.339761e-20   7.423903e-20   2.807592e-19   4.364512e-19   4.074548e-19   3.335360e-19   1.812436e-21   5.924073e-21   1.632649e-20   1.610178e-20   3.700583e-20   2.543371e-20   1.267906e-20   5.673230e-20   1.150516e-19   1.113814e-19   1.991489e-22
         5.1000   0.000000e+00   2.831316e-18   2.883188e-24   5.539108e-24   5.101000e-20   7.176378e-20   3.741181e-19   5.399688e-19   5.159247e-19   4.060257e-19   1.720566e-21   6.555760e-21   1.845693e-20   1.812696e-20   3.892204e-20   2.735103e-20   1.444819e-20   5.955340e-20   1.090386e-19   1.052493e-19   2.109492e-22
         5.1500   0.000000e+00   2.879703e-18   3.072861e-24   5.940566e-24   4.854050e-20   6.871410e-20   4.841306e-19   6.570159e-19   6.351422e-19   4.818735e-19   1.634439e-21   6.602571e-21   1.913727e-20   2.080593e-20   4.127624e-20   3.010869e-20   1.745246e-20   6.383677e-20   1.027939e-19   9.947315e-20   2.234487e-22
         5.2000   0.000000e+00   2.916639e-18   3.267196e-24   6.373906e-24   4.604186e-20   6.519702e-20   6.092735e-19   7.851602e-19   7.624197e-19   5.591913e-19   1.553772e-21   6.764258e-21   2.010203e-20   2.439452e-20   4.703433e-20   3.397385e-20   2.202369e-20   6.952865e-20   9.745496e-20   9.383237e-20   2.366889e-22
         5.2500   0.000000e+00   2.942702e-18   3.464900e-24   6.841516e-24   4.355683e-20   6.133153e-20   7.470762e-19   9.213160e-19   8.947555e-19   6.362117e-19   1.478303e-21   7.116733e-21   2.155120e-20   2.912269e-20   5.092282e-20   3.922532e-20   2.845277e-20   7.647796e-20   9.221148e-20   8.865175e-20   2.507136e-22
         5.3000   0.000000e+00   2.958548e-18   3.664839e-24   7.345818e-24   4.111874e-20   5.724209e-20   8.943558e-19   1.062041e-18   1.029129e-18   7.113887e-19   1.407790e-21   7.751150e-21   2.369098e-20   3.513545e-20   5.608222e-20   4.610505e-20   3.694272e-20   8.445003e-20   8.714385e-20   8.376511e-20   2.655693e-22
         5.3500   0.000000e+00   2.964886e-18   3.866159e-24   7.889123e-24   3.875254e-20   5.304818e-20   1.047507e-18   1.203813e-18   1.162710e-18   7.834289e-19   1.342035e-21   8.764168e-21   2.668854e-20   4.247152e-20   6.273596e-20   5.478547e-20   4.756893e-20   9.315052e-20   8.213623e-20   7.915631e-20   2.813052e-22
         5.4000   0.000000e+00   2.962449e-18   4.068449e-24   8.473544e-24   3.647601e-20   4.884903e-20   1.202799e-18   1.343255e-18   1.292986e-18   8.512890e-19   1.281024e-21   1.024481e-20   3.066337e-20   5.112261e-20   7.100651e-20   6.535284e-20   6.026369e-20   1.022549e-19   7.780347e-20   7.474241e-20   2.979736e-22
         5.4500   0.000000e+00   2.951972e-18   4.271702e-24   9.100761e-24   3.430090e-20   4.471510e-20   1.356641e-18   1.477333e-18   1.417855e-18   9.142031e-19   1.225539e-21   1.226095e-20   3.566831e-20   6.246796e-20   8.085971e-20   7.780059e-20   7.483023e-20   1.114363e-19   7.360641e-20   7.060831e-20   3.156297e-22
         5.5000   0.000000e+00   2.934176e-18   4.476456e-24   9.771784e-24   3.223416e-20   4.070177e-20   1.505795e-18   1.603509e-18   1.535662e-18   9.716686e-19   1.179309e-21   1.484890e-20   4.168045e-20   7.328048e-20   9.213677e-20   9.371915e-20   9.097501e-20   1.203917e-19   6.969706e-20   6.674783e-20   3.343319e-22
         5.5500   0.000000e+00   2.909765e-18   4.683653e-24   1.048674e-23   3.027893e-20   3.685497e-20   1.647510e-18   1.719768e-18   1.645188e-18   1.023414e-18   1.155135e-21   1.801008e-20   4.860525e-20   8.487397e-20   1.045819e-19   1.091369e-19   1.082885e-19   1.288606e-19   6.566340e-20   6.310760e-20   3.541423e-22
         5.6000   0.000000e+00   2.879409e-18   4.894663e-24   1.124451e-23   2.843547e-20   3.321140e-20   1.779605e-18   1.824642e-18   1.745604e-18   1.069363e-18   1.189141e-21   2.171817e-20   5.629089e-20   9.697187e-20   1.178695e-19   1.255228e-19   1.262795e-19   1.366328e-19   6.215196e-20   5.967551e-20   3.751266e-22
         5.6500   0.000000e+00   2.843748e-18   5.111141e-24   1.204272e-23   2.670189e-20   2.979622e-20   1.900482e-18   1.917230e-18   1.836378e-18   1.109604e-18   1.368307e-21   2.593801e-20   6.455044e-20   1.092947e-19   1.316371e-19   1.424185e-19   1.444361e-19   1.435518e-19   5.882387e-20   5.644021e-20   3.973542e-22
         5.7000   0.000000e+00   2.803386e-18   5.335005e-24   1.287753e-23   2.507480e-20   2.662488e-20   2.009100e-18   1.997132e-18   1.917107e-18   1.144364e-18   1.874568e-21   3.066487e-20   7.319874e-20   1.215511e-19   1.455227e-19   1.593491e-19   1.622630e-19   1.495150e-19   5.568470e-20   5.339141e-20   4.208989e-22
         5.7500   0.000000e+00   2.758889e-18   5.568233e-24   1.374396e-23   2.354978e-20   2.370519e-20   2.104917e-18   2.064334e-18   1.987536e-18   1.173970e-18   3.042342e-21   3.598360e-20   8.210152e-20   1.334939e-19   1.591992e-19   1.758554e-19   1.793102e-19   1.544682e-19   5.261866e-20   5.051929e-20   4.458388e-22
         5.8000   0.000000e+00   2.710788e-18   5.812936e-24   1.463611e-23   2.212180e-20   2.103801e-20   2.187816e-18   2.119067e-18   2.047576e-18   1.198753e-18   5.415188e-21   4.213204e-20   9.170236e-20   1.449655e-19   1.724024e-19   1.915536e-19   1.951949e-19   1.583996e-19   4.983644e-20   4.781418e-20   4.722564e-22
         5.8500   0.000000e+00   2.659575e-18   6.071227e-24   1.554788e-23   2.078547e-20   1.861663e-20   2.258019e-18   2.161777e-18   2.097284e-18   1.219061e-18   9.779499e-21   4.955291e-20   1.011883e-19   1.559417e-19   1.849636e-19   2.061615e-19   2.096355e-19   1.613327e-19   4.730147e-20   4.526698e-20   5.002393e-22
         5.9000   0.000000e+00   2.605711e-18   6.345166e-24   1.647326e-23   1.953529e-20   1.642942e-20   2.316009e-18   2.193078e-18   2.136854e-18   1.235253e-18   1.715893e-20   5.891023e-20   1.114244e-19   1.665754e-19   1.968441e-19   2.195153e-19   2.224587e-19   1.633241e-19   4.493524e-20   4.286907e-20   5.298804e-22
         5.9500   0.000000e+00   2.549620e-18   6.636551e-24   1.740757e-23   1.836579e-20   1.446272e-20   2.362453e-18   2.213708e-18   2.166604e-18   1.247679e-18   2.875123e-20   7.105410e-20   1.230171e-19   1.772286e-19   2.089651e-19   2.315904e-19   2.335988e-19   1.644605e-19   4.256713e-20   4.061232e-20   5.612778e-22
         6.0000   0.000000e+00   2.491692e-18   6.947269e-24   1.834731e-23   1.727166e-20   1.270183e-20   2.398136e-18   2.224490e-18   2.187019e-18   1.256672e-18   4.581207e-20   8.693335e-20   1.367662e-19   1.884725e-19   2.199827e-19   2.425167e-19   2.431022e-19   1.648591e-19   4.043449e-20   3.848885e-20   5.945356e-22
         6.0500   0.000000e+00   2.432288e-18   7.279290e-24   1.929136e-23   1.624780e-20   1.113160e-20   2.423911e-18   2.226333e-18   2.198676e-18   1.262563e-18   6.950574e-20   1.074663e-19   1.535818e-19   2.010474e-19   2.312053e-19   2.525782e-19   2.511289e-19   1.646695e-19   3.838832e-20   3.649138e-20   6.297640e-22
         6.1000   0.000000e+00   2.371739e-18   7.634329e-24   2.024050e-23   1.528939e-20   9.736622e-21   2.440649e-18   2.220246e-18   2.202185e-18   1.265650e-18   1.007528e-19   1.334120e-19   1.743714e-19   2.157915e-19   2.432122e-19   2.621910e-19   2.579467e-19   1.640741e-19   3.648257e-20   3.461389e-20   6.686420e-22
         6.1500   0.000000e+00   2.310346e-18   8.014013e-24   2.119797e-23   1.439188e-20   8.501629e-21   2.449210e-18   2.207219e-18   2.198173e-18   1.266200e-18   1.400971e-19   1.652464e-19   1.999023e-19   2.339828e-19   2.566679e-19   2.718569e-19   2.639114e-19   1.632844e-19   3.469074e-20   3.284861e-20   7.108255e-22
         6.2000   0.000000e+00   2.248383e-18   8.420000e-24   2.216887e-23   1.355104e-20   7.411872e-21   2.450415e-18   2.188205e-18   2.187267e-18   1.264521e-18   1.876081e-19   2.030872e-19   2.306746e-19   2.553407e-19   2.722020e-19   2.821132e-19   2.694339e-19   1.625297e-19   3.299866e-20   3.118940e-20   7.558862e-22
         6.2500   0.000000e+00   2.186100e-18   8.853960e-24   2.316015e-23   1.276294e-20   6.453308e-21   2.445036e-18   2.164101e-18   2.170095e-18   1.260722e-18   2.428476e-19   2.466708e-19   2.668320e-19   2.807801e-19   2.903037e-19   2.934531e-19   2.749482e-19   1.620416e-19   3.136544e-20   2.963064e-20   8.040444e-22
         6.3000   0.000000e+00   2.123723e-18   9.317542e-24   2.417994e-23   1.202393e-20   5.612695e-21   2.433782e-18   2.135722e-18   2.147344e-18   1.254846e-18   3.048950e-19   2.953515e-19   3.081423e-19   3.104170e-19   3.112542e-19   3.062518e-19   2.808561e-19   1.620359e-19   2.988011e-20   2.816715e-20   8.555395e-22
         6.3500   0.000000e+00   2.061453e-18   9.812439e-24   2.523740e-23   1.133064e-20   4.877647e-21   2.417301e-18   2.103780e-18   2.119695e-18   1.246936e-18   3.724219e-19   3.481267e-19   3.540266e-19   3.440557e-19   3.351004e-19   3.207172e-19   2.874750e-19   1.626895e-19   2.849334e-20   2.679429e-20   9.106334e-22
         6.4000   0.000000e+00   1.999474e-18   1.034040e-23   2.634191e-23   1.067997e-20   4.236671e-21   2.396173e-18   2.068883e-18   2.087783e-18   1.237305e-18   4.438048e-19   4.037210e-19   4.036032e-19   3.812282e-19   3.616689e-19   3.368674e-19   2.950065e-19   1.641216e-19   2.718998e-20   2.550776e-20   9.696124e-22
         6.4500   0.000000e+00   1.937946e-18   1.090323e-23   2.750334e-23   1.006904e-20   3.679183e-21   2.370923e-18   2.031542e-18   2.052194e-18   1.225996e-18   5.173352e-19   4.607178e-19   4.557701e-19   4.212163e-19   3.905904e-19   3.545407e-19   3.035232e-19   1.663853e-19   2.593790e-20   2.430335e-20   1.032789e-21
         6.5000   0.000000e+00   1.877015e-18   1.150282e-23   2.873165e-23   9.495227e-21   3.195506e-21   2.342011e-18   1.992180e-18   2.013459e-18   1.212895e-18   5.914256e-19   5.177249e-19   5.092993e-19   4.631181e-19   4.213170e-19   3.734450e-19   3.129778e-19   1.694667e-19   2.480123e-20   2.317694e-20   1.100504e-21
         6.5500   0.000000e+00   1.816806e-18   1.214119e-23   3.003584e-23   8.956077e-21   2.776847e-21   2.309846e-18   1.951136e-18   1.972064e-18   1.198065e-18   6.646136e-19   5.734853e-19   5.629327e-19   5.059292e-19   4.531713e-19   3.931841e-19   3.232325e-19   1.732942e-19   2.374255e-20   2.212468e-20   1.173128e-21
         6.6000   0.000000e+00   1.757432e-18   1.282043e-23   3.142439e-23   8.449345e-21   2.415269e-21   2.274786e-18   1.908698e-18   1.928447e-18   1.181583e-18   7.356074e-19   6.269689e-19   6.155381e-19   5.486207e-19   4.854046e-19   4.132914e-19   3.340697e-19   1.777586e-19   2.275948e-20   2.114322e-20   1.251071e-21
         6.6500   0.000000e+00   1.698988e-18   1.354279e-23   3.290626e-23   7.972953e-21   2.103648e-21   2.237161e-18   1.865115e-18   1.883020e-18   1.163686e-18   8.033172e-19   6.774173e-19   6.661945e-19   5.902451e-19   5.172528e-19   4.332719e-19   3.452121e-19   1.827267e-19   2.183580e-20   2.023014e-20   1.334775e-21
         6.7000   0.000000e+00   1.641559e-18   1.431064e-23   3.449040e-23   7.524979e-21   1.835630e-21   2.197275e-18   1.820610e-18   1.836234e-18   1.145019e-18   8.668688e-19   7.243041e-19   7.141406e-19   6.300564e-19   5.480132e-19   4.526400e-19   3.563499e-19   1.880617e-19   2.100872e-20   1.938497e-20   1.424725e-21
         6.7500   0.000000e+00   1.585217e-18   1.512647e-23   3.618444e-23   7.103642e-21   1.605572e-21   2.155411e-18   1.775379e-18   1.788496e-18   1.125100e-18   9.256011e-19   7.672780e-19   7.587761e-19   6.674595e-19   5.771878e-19   4.709571e-19   3.671681e-19   1.936506e-19   2.027473e-20   1.861059e-20   1.521449e-21
         6.8000   0.000000e+00   1.530020e-18   1.599299e-23   3.799604e-23   6.707296e-21   1.408484e-21   2.111834e-18   1.729600e-18   1.740137e-18   1.104053e-18   9.790545e-19   8.061034e-19   7.996580e-19   7.019968e-19   6.044161e-19   4.878945e-19   3.773712e-19   1.994269e-19   1.966001e-20   1.791512e-20   1.625524e-21
         6.8500   0.000000e+00   1.476020e-18   1.691304e-23   3.993296e-23   6.334412e-21   1.239980e-21   2.066789e-18   1.683443e-18   1.691431e-18   1.082009e-18   1.026953e-18   8.406570e-19   8.364872e-19   7.333399e-19   6.294299e-19   5.032136e-19   3.867309e-19   2.053798e-19   1.920811e-20   1.731421e-20   1.737578e-21
         6.9000   0.000000e+00   1.423256e-18   1.790129e-23   4.200294e-23   5.983569e-21   1.096223e-21   2.020509e-18   1.637067e-18   1.642606e-18   1.059090e-18   1.069183e-18   8.709193e-19   8.690922e-19   7.612763e-19   6.520415e-19   5.167424e-19   3.950782e-19   2.115438e-19   1.898240e-20   1.683214e-20   1.858291e-21
         6.9500   0.000000e+00   1.371763e-18   1.896201e-23   4.421369e-23   5.653448e-21   9.738611e-22   1.973209e-18   1.590621e-18   1.593844e-18   1.035420e-18   1.105758e-18   8.969180e-19   8.974112e-19   7.856940e-19   6.721300e-19   5.283707e-19   4.022866e-19   2.179629e-19   1.906482e-20   1.650179e-20   1.988403e-21
         7.0000   0.000000e+00   1.321563e-18   2.008558e-23   4.657321e-23   5.342819e-21   8.699790e-22   1.925094e-18   1.544244e-18   1.545246e-18   1.011131e-18   1.136799e-18   9.187259e-19   9.214788e-19   8.065652e-19   6.896302e-19   5.380419e-19   4.082674e-19   2.246407e-19   1.955102e-20   1.636261e-20   2.128715e-21
         7.0500   0.000000e+00   1.272676e-18   2.127572e-23   4.908972e-23   5.050540e-21   7.820526e-22   1.876353e-18   1.498062e-18   1.496890e-18   9.866299e-19   1.162501e-18   9.365243e-19   9.414058e-19   8.239337e-19   7.045228e-19   5.457456e-19   4.129665e-19   2.315437e-19   2.054227e-20   1.645688e-20   2.280089e-21
         7.1000   0.000000e+00   1.225112e-18   2.253639e-23   5.177179e-23   4.775544e-21   7.079022e-22   1.827166e-18   1.452190e-18   1.448857e-18   9.623405e-19   1.183118e-18   9.505247e-19   9.573532e-19   8.379020e-19   7.168193e-19   5.515095e-19   4.163614e-19   2.386284e-19   2.213532e-20   1.682462e-20   2.443449e-21
         7.1500   0.000000e+00   1.178878e-18   2.387175e-23   5.462843e-23   4.516838e-21   6.456501e-22   1.777700e-18   1.406734e-18   1.401232e-18   9.379495e-19   1.198935e-18   9.609213e-19   9.695178e-19   8.486117e-19   7.265413e-19   5.553967e-19   4.184570e-19   2.457877e-19   2.441150e-20   1.749812e-20   2.619785e-21
         7.2000   0.000000e+00   1.133976e-18   2.528624e-23   5.766909e-23   4.273493e-21   5.936842e-22   1.728110e-18   1.361787e-18   1.354102e-18   9.135577e-19   1.210250e-18   9.679292e-19   9.781203e-19   8.562305e-19   7.337432e-19   5.575195e-19   4.192867e-19   2.529247e-19   2.742828e-20   1.849711e-20   2.810135e-21
         7.2500   0.000000e+00   1.090401e-18   2.678455e-23   6.090388e-23   4.044644e-21   5.506239e-22   1.678542e-18   1.317434e-18   1.307567e-18   8.892409e-19   1.217380e-18   9.717705e-19   9.833958e-19   8.609437e-19   7.385127e-19   5.580032e-19   4.189359e-19   2.600351e-19   3.121323e-20   1.982579e-20   3.015585e-21
         7.3000   0.000000e+00   1.048148e-18   2.837163e-23   6.434339e-23   3.829482e-21   5.152903e-22   1.629128e-18   1.273748e-18   1.261822e-18   8.650581e-19   1.220644e-18   9.726687e-19   9.855815e-19   8.629472e-19   7.409639e-19   5.569696e-19   4.175009e-19   2.669649e-19   3.576113e-20   2.147137e-20   3.237243e-21
         7.3500   0.000000e+00   1.007204e-18   3.005275e-23   6.799889e-23   3.627249e-21   4.866792e-22   1.579991e-18   1.230795e-18   1.217048e-18   8.410422e-19   1.220359e-18   9.709124e-19   9.849111e-19   8.624427e-19   7.412306e-19   5.545358e-19   4.150701e-19   2.735752e-19   4.103489e-20   2.340480e-20   3.476212e-21
         7.4000   0.000000e+00   9.675576e-19   3.183349e-23   7.188233e-23   3.437240e-21   4.639379e-22   1.531244e-18   1.188631e-18   1.173363e-18   8.171779e-19   1.216833e-18   9.668137e-19   9.816175e-19   8.596344e-19   7.394524e-19   5.508147e-19   4.117248e-19   2.797581e-19   4.697056e-20   2.558370e-20   3.733537e-21
         7.4500   0.000000e+00   9.291911e-19   3.371974e-23   7.600656e-23   3.258795e-21   4.463446e-22   1.482989e-18   1.147304e-18   1.130846e-18   7.934571e-19   1.210401e-18   9.606579e-19   9.759297e-19   8.547236e-19   7.357493e-19   5.459206e-19   4.075425e-19   2.856220e-19   5.348264e-20   2.795639e-20   4.010113e-21
         7.5000   0.000000e+00   8.920865e-19   3.571776e-23   8.038499e-23   3.091295e-21   4.332904e-22   1.435318e-18   1.106854e-18   1.089544e-18   7.698866e-19   1.201411e-18   9.526786e-19   9.680701e-19   8.479060e-19   7.302544e-19   5.399870e-19   4.026016e-19   2.910233e-19   6.046903e-20   3.046555e-20   4.306635e-21
         7.5500   0.000000e+00   8.562229e-19   3.783418e-23   8.512690e-23   2.934163e-21   4.242635e-22   1.388313e-18   1.067316e-18   1.049481e-18   7.464734e-19   1.190158e-18   9.430685e-19   9.582540e-19   8.393698e-19   7.231173e-19   5.331391e-19   3.969972e-19   2.957675e-19   6.781770e-20   3.305166e-20   4.623402e-21
         7.6000   0.000000e+00   8.215781e-19   4.007599e-23   9.017098e-23   2.786859e-21   4.188355e-22   1.342046e-18   1.028716e-18   1.010665e-18   7.232321e-19   1.176892e-18   9.319912e-19   9.467349e-19   8.292950e-19   7.144951e-19   5.254855e-19   3.908181e-19   2.997971e-19   7.541098e-20   3.565755e-20   4.960295e-21
         7.6500   0.000000e+00   7.881284e-19   4.245064e-23   9.551395e-23   2.648977e-21   4.166510e-22   1.296583e-18   9.910751e-19   9.730829e-19   7.001854e-19   1.161831e-18   9.195907e-19   9.337811e-19   8.178761e-19   7.045471e-19   5.171225e-19   3.841389e-19   3.030669e-19   8.311159e-20   3.823184e-20   5.316564e-21
         7.7000   0.000000e+00   7.558488e-19   4.496600e-23   1.011735e-22   2.520085e-21   4.174160e-22   1.251978e-18   9.544102e-19   9.366696e-19   6.773624e-19   1.145170e-18   9.059983e-19   9.196096e-19   8.053383e-19   6.934381e-19   5.081380e-19   3.770245e-19   3.056558e-19   9.077776e-20   4.073041e-20   5.690875e-21
         7.7500   0.000000e+00   7.247133e-19   4.763041e-23   1.071684e-22   2.399605e-21   4.210652e-22   1.208278e-18   9.187321e-19   9.013549e-19   6.548066e-19   1.127087e-18   8.913372e-19   9.043967e-19   7.918647e-19   6.813573e-19   4.986180e-19   3.695342e-19   3.078381e-19   9.827581e-20   4.311672e-20   6.081229e-21
         7.8000   0.000000e+00   6.946952e-19   5.045268e-23   1.135185e-22   2.287128e-21   4.274613e-22   1.165524e-18   8.840475e-19   8.670857e-19   6.327914e-19   1.107746e-18   8.757248e-19   8.882904e-19   7.775999e-19   6.684781e-19   4.886680e-19   3.617263e-19   3.092144e-19   1.054854e-19   4.536097e-20   6.485183e-21
         7.8500   0.000000e+00   6.657670e-19   5.344219e-23   1.202449e-22   2.182274e-21   4.362131e-22   1.123749e-18   8.503591e-19   8.338221e-19   6.112081e-19   1.087327e-18   8.592742e-19   8.714183e-19   7.626630e-19   6.549487e-19   4.783803e-19   3.536749e-19   3.097969e-19   1.123066e-19   4.744085e-20   6.899895e-21
         7.9000   0.000000e+00   6.379011e-19   5.660884e-23   1.273699e-22   2.084688e-21   4.472029e-22   1.082980e-18   8.176664e-19   8.015339e-19   5.900863e-19   1.066020e-18   8.420942e-19   8.538933e-19   7.471560e-19   6.408967e-19   4.678257e-19   3.454461e-19   3.096122e-19   1.186608e-19   4.934290e-20   7.322599e-21
         7.9500   0.000000e+00   6.110691e-19   5.996313e-23   1.349170e-22   1.994042e-21   4.603430e-22   1.043237e-18   7.859662e-19   7.702011e-19   5.694609e-19   1.043990e-18   8.242889e-19   8.358176e-19   7.311690e-19   6.264327e-19   4.570611e-19   3.370892e-19   3.086979e-19   1.244802e-19   5.106103e-20   7.750664e-21
         8.0000   0.000000e+00   5.852428e-19   6.351617e-23   1.429114e-22   1.910030e-21   4.755723e-22   1.004535e-18   7.552511e-19   7.398252e-19   5.493559e-19   1.021379e-18   8.059585e-19   8.172915e-19   7.147842e-19   6.116525e-19   4.461350e-19   3.286438e-19   3.070933e-19   1.297136e-19   5.259385e-20   8.182147e-21
         8.0500   0.000000e+00   5.603938e-19   6.727974e-23   1.513794e-22   1.832370e-21   4.928529e-22   9.668852e-19   7.255120e-19   7.104077e-19   5.297840e-19   9.983065e-19   7.871981e-19   7.984119e-19   6.980790e-19   5.966404e-19   4.350903e-19   3.201433e-19   3.048414e-19   1.343319e-19   5.394388e-20   8.615833e-21
         8.1000   0.000000e+00   5.364935e-19   7.126631e-23   1.603492e-22   1.760801e-21   5.121674e-22   9.302923e-19   6.967375e-19   6.819433e-19   5.107438e-19   9.748807e-19   7.680981e-19   7.792638e-19   6.811300e-19   5.814691e-19   4.239664e-19   3.116169e-19   3.021556e-19   1.383262e-19   5.511763e-20   9.051497e-21
         8.1500   0.000000e+00   5.135137e-19   7.548910e-23   1.698505e-22   1.695084e-21   5.335169e-22   8.947586e-19   6.689145e-19   6.544231e-19   4.922307e-19   9.511994e-19   7.487432e-19   7.599234e-19   6.640097e-19   5.662000e-19   4.128013e-19   3.030917e-19   2.991676e-19   1.417032e-19   5.612493e-20   9.489971e-21
         8.2000   0.000000e+00   4.914262e-19   7.996212e-23   1.799148e-22   1.634997e-21   5.569189e-22   8.602824e-19   6.420282e-19   6.278353e-19   4.742389e-19   9.273474e-19   7.292129e-19   7.404593e-19   6.467850e-19   5.508886e-19   4.016377e-19   2.945943e-19   2.956645e-19   1.444808e-19   5.697647e-20   9.933053e-21
         8.2500   0.000000e+00   4.702032e-19   8.470017e-23   1.905754e-22   1.580340e-21   5.824063e-22   8.268587e-19   6.160625e-19   6.021655e-19   4.567618e-19   9.033949e-19   7.095810e-19   7.209344e-19   6.295172e-19   5.355854e-19   3.905137e-19   2.861565e-19   2.917014e-19   1.466884e-19   5.768404e-20   1.038345e-20
         8.3000   0.000000e+00   4.498172e-19   8.971897e-23   2.018677e-22   1.530931e-21   6.100259e-22   7.944795e-19   5.910000e-19   5.773979e-19   4.397907e-19   8.794056e-19   6.899153e-19   7.014084e-19   6.122621e-19   5.203363e-19   3.794611e-19   2.778066e-19   2.873353e-19   1.483642e-19   5.826161e-20   1.084458e-20
         8.3500   0.000000e+00   4.302409e-19   9.503515e-23   2.138291e-22   1.486603e-21   6.398373e-22   7.631345e-19   5.668224e-19   5.535154e-19   4.233184e-19   8.554372e-19   6.702783e-19   6.819360e-19   5.950721e-19   5.051829e-19   3.685075e-19   2.695676e-19   2.826210e-19   1.495491e-19   5.872397e-20   1.132042e-20
         8.4000   0.000000e+00   4.114476e-19   1.006663e-22   2.264993e-22   1.447209e-21   6.719125e-22   7.328112e-19   5.435105e-19   5.304997e-19   4.073385e-19   8.315437e-19   6.507267e-19   6.625648e-19   5.779969e-19   4.901633e-19   3.576770e-19   2.614583e-19   2.776054e-19   1.502870e-19   5.908494e-20   1.181520e-20
         8.4500   0.000000e+00   3.934110e-19   1.066312e-22   2.399202e-22   1.412617e-21   7.063353e-22   7.034951e-19   5.210446e-19   5.083318e-19   3.918449e-19   8.077752e-19   6.313119e-19   6.433369e-19   5.610767e-19   4.753130e-19   3.469919e-19   2.534945e-19   2.723325e-19   1.506248e-19   5.935750e-20   1.233338e-20
         8.5000   0.000000e+00   3.761053e-19   1.129495e-22   2.541364e-22   1.382712e-21   7.432007e-22   6.751700e-19   4.994043e-19   4.869918e-19   3.768320e-19   7.841789e-19   6.120802e-19   6.242900e-19   5.443448e-19   4.606635e-19   3.364744e-19   2.456909e-19   2.668439e-19   1.506117e-19   5.955434e-20   1.287948e-20
         8.5500   0.000000e+00   3.595051e-19   1.196422e-22   2.691949e-22   1.357394e-21   7.826149e-22   6.478183e-19   4.785690e-19   4.664595e-19   3.622941e-19   7.607987e-19   5.930728e-19   6.054586e-19   5.278298e-19   4.462426e-19   3.261428e-19   2.380619e-19   2.611756e-19   1.502978e-19   5.968779e-20   1.345807e-20
         8.6000   0.000000e+00   3.435857e-19   1.267314e-22   2.851457e-22   1.336578e-21   8.246951e-22   6.214215e-19   4.585178e-19   4.467142e-19   3.482258e-19   7.376754e-19   5.743291e-19   5.868738e-19   5.115569e-19   4.320743e-19   3.160115e-19   2.306187e-19   2.553680e-19   1.497340e-19   5.976961e-20   1.407305e-20
         8.6500   0.000000e+00   3.283229e-19   1.342407e-22   3.020416e-22   1.320195e-21   8.695693e-22   5.959597e-19   4.392296e-19   4.277349e-19   3.346212e-19   7.148464e-19   5.558812e-19   5.685680e-19   4.955486e-19   4.181795e-19   3.060922e-19   2.233691e-19   2.494614e-19   1.489785e-19   5.981135e-20   1.472843e-20
         8.7000   0.000000e+00   3.136931e-19   1.421950e-22   3.199387e-22   1.308190e-21   9.173767e-22   5.714123e-19   4.206831e-19   4.095005e-19   3.214743e-19   6.923459e-19   5.377549e-19   5.505653e-19   4.798312e-19   4.045760e-19   2.963954e-19   2.163189e-19   2.434930e-19   1.480857e-19   5.982408e-20   1.542840e-20
         8.7500   0.000000e+00   2.996733e-19   1.506206e-22   3.388963e-22   1.300523e-21   9.682677e-22   5.477583e-19   4.028572e-19   3.919897e-19   3.087785e-19   6.702050e-19   5.199745e-19   5.328859e-19   4.644189e-19   3.912862e-19   2.869303e-19   2.094727e-19   2.374973e-19   1.471023e-19   5.981797e-20   1.617685e-20
         8.8000   0.000000e+00   2.862410e-19   1.595454e-22   3.589771e-22   1.297169e-21   1.022404e-21   5.249759e-19   3.857309e-19   3.751813e-19   2.965268e-19   6.484513e-19   5.025611e-19   5.155503e-19   4.493257e-19   3.783188e-19   2.777163e-19   2.028375e-19   2.315057e-19   1.460690e-19   5.980290e-20   1.697725e-20
         8.8500   0.000000e+00   2.733743e-19   1.689991e-22   3.802479e-22   1.298115e-21   1.079960e-21   5.030431e-19   3.692833e-19   3.590542e-19   2.847121e-19   6.271093e-19   4.855327e-19   4.985764e-19   4.345661e-19   3.656818e-19   2.687503e-19   1.964259e-19   2.256585e-19   1.450214e-19   5.978862e-20   1.783315e-20
         8.9000   0.000000e+00   2.610521e-19   1.790129e-22   4.027790e-22   1.303365e-21   1.141121e-21   4.819375e-19   3.534935e-19   3.435873e-19   2.733266e-19   6.062005e-19   4.689041e-19   4.819800e-19   4.201528e-19   3.533841e-19   2.600384e-19   1.902299e-19   2.198859e-19   1.440037e-19   5.978437e-20   1.874813e-20
         8.9500   0.000000e+00   2.492538e-19   1.896201e-22   4.266451e-22   1.312936e-21   1.206086e-21   4.616367e-19   3.383412e-19   3.287600e-19   2.623624e-19   5.857434e-19   4.526876e-19   4.657743e-19   4.060967e-19   3.414332e-19   2.515862e-19   1.842526e-19   2.141942e-19   1.430349e-19   5.979876e-20   1.972574e-20
         9.0000   0.000000e+00   2.379592e-19   2.008558e-22   4.519254e-22   1.326860e-21   1.275066e-21   4.421182e-19   3.238062e-19   3.145517e-19   2.518114e-19   5.657540e-19   4.368933e-19   4.499708e-19   3.924070e-19   3.298348e-19   2.433992e-19   1.784973e-19   2.086068e-19   1.421337e-19   5.984044e-20   2.076957e-20
