# CIE bound-bound cooling efficiency for Ca (Z=20)
# Source: CHIANTI v11.0.2 via ChiantiPy ion.boundBoundLoss
# Units: erg cm^3 / s, per ion per electron, low-density limit (n_e = 1 cm^-3)
# T grid: 121 log-spaced points, 10^3.00 K -> 10^9.00 K
# Generated by pyathena/photchem/data/build_cool_tables.py
#
# log_T_K        L_Ca0          L_Ca1          L_Ca2          L_Ca3          L_Ca4          L_Ca5          L_Ca6          L_Ca7          L_Ca8          L_Ca9          L_Ca10         L_Ca11         L_Ca12         L_Ca13         L_Ca14         L_Ca15         L_Ca16         L_Ca17         L_Ca18         L_Ca19         L_Ca20       
         3.0000   0.000000e+00   1.304553e-26   0.000000e+00   0.000000e+00   2.418717e-21   7.566584e-36   1.027919e-21   1.611883e-21  1.686545e-108  1.631575e-126   0.000000e+00   5.697980e-39   4.454786e-35   2.091669e-85   1.772730e-30   1.521932e-42  6.696503e-187  1.194326e-199   0.000000e+00   0.000000e+00   0.000000e+00
         3.0500   0.000000e+00   1.042140e-25   0.000000e+00   0.000000e+00   3.289338e-21   4.905707e-34   1.326344e-21   2.984201e-21   9.331756e-99  1.062599e-114   0.000000e+00   5.928274e-37   1.933666e-33   3.140867e-78   2.610208e-29   4.359373e-40  1.301483e-168  5.782204e-180   0.000000e+00   0.000000e+00   0.000000e+00
         3.1000   0.000000e+00   6.593230e-25   0.000000e+00   0.000000e+00   4.293006e-21   2.010041e-32   1.684155e-21   5.134216e-21   4.486697e-90  3.575158e-104   0.000000e+00   3.699956e-35   5.536917e-32   7.771159e-72   2.850594e-28   6.708597e-38  2.578682e-152  2.011973e-162   0.000000e+00   0.000000e+00   0.000000e+00
         3.1500   0.000000e+00   3.388236e-24   0.000000e+00   0.000000e+00   5.402650e-21   5.470349e-31   2.107058e-21   8.274281e-21   2.450223e-82   8.584166e-95   0.000000e+00   1.464465e-33   1.094465e-30   3.854817e-66   2.385243e-27   5.934348e-36  8.574517e-138  8.606089e-147   0.000000e+00   0.000000e+00   0.000000e+00
         3.2000   0.000000e+00   1.446639e-23   0.000000e+00   0.000000e+00   6.584890e-21   1.033721e-29   2.597920e-21   1.257994e-20   1.928185e-75   1.962148e-86   0.000000e+00   3.862817e-32   1.555129e-29   4.566364e-61   1.574133e-26   3.204881e-34  7.457935e-125  7.301174e-133   0.000000e+00   0.000000e+00   0.000000e+00
         3.2500   0.000000e+00   5.236195e-23   0.000000e+00   0.000000e+00   7.804563e-21   1.411106e-28   3.155438e-21   1.815789e-20   2.701658e-69   5.520892e-79   0.000000e+00   7.096777e-31   1.646789e-28   1.509855e-56   8.407530e-26   1.114984e-32  2.517473e-113  1.881648e-120   0.000000e+00   0.000000e+00   0.000000e+00
         3.3000   0.000000e+00   1.635987e-22   0.000000e+00   0.000000e+00   9.028869e-21   1.441503e-27   3.773388e-21   2.502290e-20   8.134814e-64   2.404497e-72   0.000000e+00   9.446154e-30   1.342109e-27   1.601520e-52   3.718788e-25   2.621378e-31  4.678565e-103  2.154085e-109   0.000000e+00   0.000000e+00   0.000000e+00
         3.3500   0.000000e+00   4.484370e-22   0.000000e+00   0.000000e+00   1.023040e-20   1.137227e-26   4.440612e-21   3.308836e-20   6.222383e-59   1.987952e-66   0.000000e+00   9.434808e-29   8.662820e-27   6.169921e-49   1.390409e-24   4.346331e-30   6.517589e-94   1.536882e-99   0.000000e+00   0.000000e+00   0.000000e+00
         3.4000   0.000000e+00   1.094361e-21   0.000000e+00   0.000000e+00   1.138867e-20   7.126184e-26   5.141771e-21   4.217164e-20   1.403083e-54   3.741434e-61   0.000000e+00   7.296040e-28   4.542849e-26   9.644525e-46   4.475350e-24   5.279143e-29   8.927622e-86   9.241692e-91   0.000000e+00   0.000000e+00   0.000000e+00
         3.4500   0.000000e+00   2.409812e-21   0.000000e+00   0.000000e+00   1.249038e-20   3.636969e-25   5.858677e-21   5.201199e-20   1.064692e-50   1.883963e-56   0.000000e+00   4.491945e-27   1.979918e-25   6.752105e-43   1.260469e-23   4.859300e-28   1.527394e-78   6.129440e-83   0.000000e+00   0.000000e+00   0.000000e+00
         3.5000   0.000000e+00   4.847667e-21   0.000000e+00   0.000000e+00   1.352869e-20   1.546095e-24   6.571993e-21   6.229671e-20   3.058807e-47   2.929923e-52   0.000000e+00   2.257237e-26   7.317719e-25   2.312049e-40   3.151916e-23   3.493638e-27   4.043953e-72   5.698612e-76   0.000000e+00   0.000000e+00   0.000000e+00
         3.5500   0.000000e+00   9.011044e-21   0.000000e+00   0.000000e+00   1.450210e-20   5.585683e-24   7.263045e-21   7.269050e-20   3.695199e-44   1.598786e-48   0.000000e+00   9.465563e-26   2.335072e-24   4.188044e-38   7.089264e-23   2.015470e-26   2.018344e-66   9.195890e-70   0.000000e+00   0.000000e+00   0.000000e+00
         3.6000   0.000000e+00   1.564228e-20   0.000000e+00   0.000000e+00   1.541692e-20   1.746245e-23   7.915515e-21   8.286343e-20   2.061047e-41   3.428562e-45   0.000000e+00   3.378547e-25   6.536445e-24   4.303089e-36   1.451010e-22   9.556547e-26   2.285243e-61   3.116025e-64   0.000000e+00   0.000000e+00   0.000000e+00
         3.6500   0.000000e+00   2.560362e-20   0.000000e+00   0.000000e+00   1.629962e-20   4.801700e-23   8.516789e-21   9.251424e-20   5.769124e-39   3.196015e-42   0.000000e+00   1.044685e-24   1.627993e-23   2.668278e-34   2.731025e-22   3.804994e-25   6.975069e-57   2.627260e-59   0.000000e+00   0.000000e+00   0.000000e+00
         3.7000   0.000000e+00   3.985886e-20   0.000000e+00   0.000000e+00   1.719078e-20   1.178508e-22   9.058805e-21   1.013871e-19   8.729915e-37   1.416624e-39   0.000000e+00   2.842769e-24   3.653468e-23   1.055054e-32   4.771534e-22   1.296673e-24   6.711518e-53   6.412084e-55   0.000000e+00   0.000000e+00   0.000000e+00
         3.7500   0.000000e+00   5.945727e-20   0.000000e+00   0.000000e+00   1.813842e-20   2.616246e-22   9.538246e-21   1.092815e-19   7.631876e-35   3.234226e-37   0.000000e+00   6.903820e-24   7.470851e-23   2.793417e-31   7.804671e-22   3.847068e-24   2.337459e-49   5.183828e-51   0.000000e+00   0.000000e+00   0.000000e+00
         3.8000   0.000000e+00   8.551089e-20   0.000000e+00   0.000000e+00   1.919224e-20   5.316227e-22   9.956092e-21   1.160556e-19   4.090156e-33   4.084281e-35  2.442452e-295   1.515171e-23   1.405996e-22   5.171959e-30   1.204304e-21   1.008910e-23   3.322100e-46   1.565551e-47   0.000000e+00   0.000000e+00   0.000000e+00
         3.8500   0.000000e+00   1.191519e-19   0.000000e+00   0.000000e+00   2.039881e-20   9.993136e-22   1.031661e-20   1.216248e-19   1.416995e-31   3.040287e-33  3.617674e-265   3.038818e-23   2.457046e-22   6.959297e-29   1.765151e-21   2.370763e-23   2.137398e-43   1.966144e-44   0.000000e+00   0.000000e+00   0.000000e+00
         3.9000   0.000000e+00   1.614634e-19   0.000000e+00   0.000000e+00   2.180453e-20   1.753883e-21   1.062603e-20   1.259564e-19   3.327553e-30   1.411980e-31  2.797249e-238   5.625258e-23   4.018899e-22   7.042703e-28   2.472562e-21   5.052364e-23   6.812454e-41   1.129946e-41   0.000000e+00   0.000000e+00   0.000000e+00
         3.9500   0.000000e+00   2.133895e-19   0.000000e+00   0.000000e+00   2.344751e-20   2.897165e-21   1.089118e-20   1.290617e-19   5.526955e-29   4.304081e-30  2.568129e-214   9.696905e-23   6.196547e-22   5.525986e-27   3.327955e-21   9.871118e-23   1.163939e-38   3.236890e-39   0.000000e+00   0.000000e+00   0.000000e+00
         4.0000   0.000000e+00   2.756462e-19   0.000000e+00   0.000000e+00   2.535208e-20   4.534915e-21   1.111829e-20   1.309880e-19   6.746586e-28   9.010321e-29  5.823350e-193   1.568987e-22   9.063751e-22   3.454318e-26   4.324380e-21   1.785243e-22   1.142807e-36   4.989314e-37   0.000000e+00   0.000000e+00   0.000000e+00
         4.0500   0.000000e+00   3.486721e-19   0.000000e+00   0.000000e+00   2.752859e-20   6.764965e-21   1.131224e-20   1.318091e-19   6.266383e-27   1.348893e-27  6.264841e-174   2.399789e-22   1.264964e-21   1.762400e-25   5.447094e-21   3.014645e-22   6.857729e-35   4.431344e-35   0.000000e+00   0.000000e+00   0.000000e+00
         4.1000   0.000000e+00   4.326262e-19   0.000000e+00   0.000000e+00   2.997584e-20   9.663508e-21   1.147617e-20   1.316180e-19   4.572690e-26   1.497215e-26  5.721616e-157   3.491688e-22   1.693299e-21   7.499142e-25   6.674776e-21   4.790007e-22   2.656195e-33   2.411263e-33   0.000000e+00   0.000000e+00   0.000000e+00
         4.1500   0.000000e+00   5.273853e-19   0.000000e+00   0.000000e+00   3.268258e-20   1.327156e-20   1.161157e-20   1.305196e-19   2.701042e-25   1.272550e-25  7.450944e-142   4.860172e-22   2.184587e-21   2.713038e-24   7.981290e-21   7.211049e-22   6.969162e-32   8.491665e-32   0.000000e+00   0.000000e+00   0.000000e+00
         4.2000   0.000000e+00   6.325644e-19   0.000000e+00   0.000000e+00   3.562576e-20   1.758407e-20   1.171881e-20   1.286260e-19   1.328523e-24   8.524395e-25  2.196331e-128   6.504332e-22   2.728603e-21   8.490194e-24   9.338008e-21   1.034932e-21   1.292491e-30   2.032511e-30   0.000000e+00   0.000000e+00   0.000000e+00
         4.2500   0.000000e+00   7.475535e-19   0.000000e+00   0.000000e+00   3.876951e-20   2.254413e-20   1.179823e-20   1.260541e-19   5.587295e-24   4.617677e-24  2.212270e-116   8.406831e-22   3.313502e-21   2.333897e-23   1.071667e-20   1.423923e-21   1.758951e-29   3.453331e-29   0.000000e+00   0.000000e+00   0.000000e+00
         4.3000   0.000000e+00   8.715460e-19   0.000000e+00   0.000000e+00   4.206278e-20   2.804373e-20   1.185254e-20   1.229286e-19   2.057845e-23   2.069805e-23  1.099030e-105   1.053590e-21   3.927786e-21   5.713768e-23   1.209257e-20   1.887500e-21   1.815288e-28   4.327904e-28   0.000000e+00   0.000000e+00   0.000000e+00
         4.3500   0.000000e+00   1.003548e-18   0.000000e+00   0.000000e+00   4.542768e-20   3.393128e-20   1.189153e-20   1.193904e-19   6.770868e-23   7.835829e-23   3.734408e-96   1.284873e-21   4.561959e-21   1.261175e-22   1.344770e-20   2.421337e-21   1.462489e-27   4.138036e-27   0.000000e+00   0.000000e+00   0.000000e+00
         4.4000   0.000000e+00   1.142368e-18   0.000000e+00   0.000000e+00   4.875564e-20   4.002464e-20   1.194126e-20   1.156159e-19   2.019670e-22   2.551745e-22   1.161472e-87   1.529555e-21   5.209552e-21   2.537448e-22   1.477301e-20   3.018132e-21   9.437415e-27   3.108888e-26   0.000000e+00   0.000000e+00   0.000000e+00
         4.4500   0.000000e+00   1.286593e-18   0.000000e+00   0.000000e+00   5.192917e-20   4.612727e-20   1.206010e-20   1.118472e-19   5.513165e-22   7.265743e-22   4.286675e-80   1.782368e-21   5.867425e-21   4.699174e-22   1.606927e-20   3.668656e-21   4.991117e-26   1.883290e-25   0.000000e+00   0.000000e+00   0.000000e+00
         4.5000   0.000000e+00   1.434573e-18   0.000000e+00   0.000000e+00   5.483361e-20   5.204476e-20   1.236476e-20   1.084376e-19   1.384502e-21   1.835462e-21   2.366137e-73   2.038102e-21   6.535447e-21   8.079837e-22   1.734619e-20   4.362941e-21   2.208743e-25   9.409190e-25   0.000000e+00   0.000000e+00   0.000000e+00
         4.5500   0.000000e+00   1.584426e-18   0.000000e+00   0.000000e+00   5.736325e-20   5.759917e-20   1.307022e-20   1.059114e-19   3.208068e-21   4.167613e-21   2.400683e-67   2.291874e-21   7.215774e-21   1.299749e-21   1.861978e-20   5.091472e-21   8.336964e-25   3.955101e-24   0.000000e+00   0.000000e+00   0.000000e+00
         4.6000   0.000000e+00   1.734078e-18   0.000000e+00   0.000000e+00   5.941136e-20   6.263938e-20   1.454761e-20   1.050339e-19   6.874202e-21   8.605157e-21   5.381078e-62   2.539300e-21   7.911947e-21   1.969324e-21   1.990887e-20   5.846382e-21   2.733221e-24   1.423620e-23   0.000000e+00   0.000000e+00   0.000000e+00
         4.6500   0.000000e+00   1.881420e-18   0.000000e+00   0.000000e+00   6.088781e-20   6.704646e-20   1.740242e-20   1.068820e-19   1.365783e-20   1.632598e-20   3.139639e-57   2.776575e-21   8.627900e-21   2.827164e-21   2.123137e-20   6.622657e-21   7.923522e-24   4.457499e-23   0.000000e+00   0.000000e+00   0.000000e+00
         4.7000   0.000000e+00   2.024397e-18   0.000000e+00   0.000000e+00   6.174636e-20   7.073420e-20   2.256712e-20   1.128957e-19   2.527544e-20   2.872760e-20   5.519944e-53   3.000485e-21   9.366842e-21   3.865830e-21   2.260126e-20   7.419464e-21   2.068446e-23   1.231316e-22   0.000000e+00   0.000000e+00   0.000000e+00
         4.7500   0.000000e+00   2.161063e-18   0.000000e+00   0.000000e+00   6.198294e-20   7.364559e-20   3.138802e-20   1.248821e-19   4.380430e-20   4.727697e-20   3.332657e-49   3.208364e-21   1.012991e-20   5.058936e-21   2.402671e-20   8.241679e-21   4.953450e-23   3.039037e-22   0.000000e+00   0.000000e+00   0.000000e+00
         4.8000   0.000000e+00   2.289664e-18   0.000000e+00   0.000000e+00   6.162829e-20   7.574650e-20   4.567097e-20   1.449476e-19   7.148965e-20   7.330992e-20   7.765352e-46   3.398037e-21   1.091445e-20   6.364679e-21   2.550968e-20   9.101971e-21   1.107876e-22   6.778876e-22   0.000000e+00   0.000000e+00   0.000000e+00
         4.8500   0.000000e+00   2.408715e-18   0.000000e+00   0.000000e+00   6.073904e-20   7.702173e-20   6.764430e-20   1.753428e-19   1.104862e-19   1.078259e-19   7.751134e-43   3.567818e-21   1.171209e-20   7.735304e-21   2.704751e-20   1.002409e-20   2.349695e-22   1.380766e-21  9.012332e-294  1.065050e-312   0.000000e+00
         4.9000   0.000000e+00   2.517047e-18   0.000000e+00   0.000000e+00   5.938855e-20   7.747916e-20   9.981047e-20   2.182297e-19   1.626051e-19   1.513213e-19   3.637910e-40   3.716729e-21   1.250688e-20   9.133606e-21   2.863720e-20   1.104828e-20   4.774455e-22   2.592237e-21  6.725868e-264  2.940417e-279   0.000000e+00
         4.9500   0.000000e+00   2.613827e-18   0.000000e+00   0.000000e+00   5.765851e-20   7.714036e-20   1.446877e-19   2.754057e-19   2.291221e-19   2.036907e-19   8.724131e-38   3.845246e-21   1.327457e-20   1.055664e-20   3.028295e-20   1.223934e-20   9.334218e-22   4.523560e-21  2.831565e-237  5.685481e-251   0.000000e+00
         5.0000   0.000000e+00   2.698553e-18   0.000000e+00   0.000000e+00   5.563208e-20   7.604080e-20   2.044799e-19   3.480324e-19   3.104678e-19   2.642056e-19   1.151192e-35   3.957045e-21   1.399892e-20   1.206499e-20   3.200633e-20   1.369628e-20   1.754615e-21   7.393306e-21  1.517556e-213  9.195112e-226   0.000000e+00
         5.0500   0.000000e+00   2.771027e-18   0.000000e+00   0.000000e+00   5.338867e-20   7.422533e-20   2.807399e-19   4.364252e-19   4.061125e-19   3.315838e-19   8.926918e-34   4.062150e-21   1.469440e-20   1.379664e-20   3.385737e-20   1.556018e-20   3.161263e-21   1.139532e-20  2.137730e-192  2.686757e-203   0.000000e+00
         5.1000   0.000000e+00   2.831315e-18   0.000000e+00   0.000000e+00   5.100043e-20   7.174913e-20   3.740974e-19   5.399410e-19   5.146480e-19   4.041705e-19   4.311094e-32   4.181459e-21   1.541238e-20   1.593943e-20   3.593683e-20   1.801458e-20   5.440822e-21   1.666579e-20  1.509649e-173  2.817753e-183   0.000000e+00
         5.1500   0.000000e+00   2.879702e-18   0.000000e+00   0.000000e+00   4.853024e-20   6.869842e-20   4.841085e-19   6.569862e-19   6.339268e-19   4.801093e-19   1.364719e-30   4.351759e-21   1.625227e-20   1.872878e-20   3.844440e-20   2.127839e-20   8.925691e-21   2.325687e-20  9.499222e-157  1.955777e-165   0.000000e+00
         5.2000   0.000000e+00   2.916639e-18   0.000000e+00   0.000000e+00   4.603087e-20   6.518023e-20   6.092499e-19   7.851284e-19   7.612617e-19   5.575123e-19   2.964473e-29   4.629442e-21   1.736677e-20   2.242080e-20   4.164164e-20   2.562045e-20   1.394928e-20   3.112253e-20  8.890028e-142  1.550064e-149   0.000000e+00
         5.2500   0.000000e+00   2.942701e-18   0.000000e+00   0.000000e+00   4.354505e-20   6.131354e-20   7.470509e-19   9.212821e-19   8.936512e-19   6.346124e-19   4.602146e-28   5.090802e-21   1.895657e-20   2.724559e-20   4.581584e-20   3.132116e-20   2.080400e-20   4.011897e-20  1.953554e-128  2.281041e-135   0.000000e+00
         5.3000   0.000000e+00   2.958547e-18   0.000000e+00   0.000000e+00   4.110610e-20   5.722281e-20   8.943287e-19   1.062004e-18   1.028075e-18   7.098640e-19   5.294127e-27   5.827351e-21   2.122835e-20   3.334871e-20   5.124368e-20   3.862376e-20   2.969428e-20   5.001845e-20  1.514621e-116  9.613242e-123   0.000000e+00
         5.3500   0.000000e+00   2.964886e-18   0.000000e+00   0.000000e+00   3.873897e-20   5.302751e-20   1.047478e-18   1.203774e-18   1.161702e-18   7.819737e-19   4.661218e-26   6.936082e-21   2.434969e-20   4.076915e-20   5.814976e-20   4.770192e-20   4.069643e-20   6.053310e-20  5.959491e-106  1.707309e-111   0.000000e+00
         5.4000   0.000000e+00   2.962448e-18   0.000000e+00   0.000000e+00   3.646144e-20   4.882686e-20   1.202768e-18   1.343213e-18   1.292022e-18   8.498987e-19   3.233981e-25   8.506333e-21   2.844049e-20   4.949893e-20   6.665739e-20   5.864349e-20   5.374412e-20   7.134403e-20   1.645882e-96  1.802952e-101   0.000000e+00
         5.4500   0.000000e+00   2.951971e-18   0.000000e+00   0.000000e+00   3.428525e-20   4.469130e-20   1.356608e-18   1.477289e-18   1.416931e-18   9.128733e-19   1.815149e-24   1.060625e-20   3.355399e-20   5.943922e-20   7.673319e-20   7.144311e-20   6.864189e-20   8.213042e-20   4.260997e-88   1.538731e-92   0.000000e+00
         5.5000   0.000000e+00   2.934175e-18   0.000000e+00   0.000000e+00   3.221735e-20   4.067623e-20   1.505759e-18   1.603461e-18   1.534776e-18   9.703951e-19   8.436554e-24   1.327245e-20   3.966761e-20   7.040160e-20   8.821909e-20   8.591907e-20   8.509732e-20   9.259484e-20   1.338396e-80   1.395213e-84   0.000000e+00
         5.5500   0.000000e+00   2.909764e-18   0.000000e+00   0.000000e+00   3.026088e-20   3.682753e-20   1.647472e-18   1.719716e-18   1.644337e-18   1.022193e-18   3.315623e-23   1.650658e-20   4.668714e-20   8.213535e-20   1.008600e-19   1.017466e-19   1.027019e-19   1.024820e-19   6.419123e-74   1.715148e-77   0.000000e+00
         5.6000   0.000000e+00   2.879408e-18   0.000000e+00   0.000000e+00   2.841609e-20   3.318194e-20   1.779564e-18   1.824587e-18   1.744785e-18   1.068190e-18   1.122548e-22   2.028256e-20   5.446107e-20   9.436434e-20   1.143309e-19   1.185177e-19   1.209654e-19   1.115866e-19   5.768778e-68   3.552396e-71   0.000000e+00
         5.6500   0.000000e+00   2.843747e-18   0.000000e+00   0.000000e+00   2.668108e-20   2.976457e-20   1.900438e-18   1.917171e-18   1.835589e-18   1.108476e-18   3.328562e-22   2.456544e-20   6.280276e-20   1.068095e-19   1.282701e-19   1.357753e-19   1.393767e-19   1.197569e-19   1.165245e-62   1.504594e-65   0.000000e+00
         5.7000   0.000000e+00   2.803385e-18   0.000000e+00   0.000000e+00   2.505248e-20   2.659089e-20   2.009053e-18   1.997068e-18   1.916345e-18   1.143277e-18   8.770278e-22   2.935071e-20   7.152731e-20   1.191799e-19   1.423159e-19   1.530455e-19   1.574415e-19   1.268944e-19   6.220651e-58   1.548719e-60   0.000000e+00
         5.7500   0.000000e+00   2.758888e-18   0.000000e+00   0.000000e+00   2.352587e-20   2.366871e-20   2.104866e-18   2.064266e-18   1.986798e-18   1.172920e-18   2.079307e-21   3.472338e-20   8.050068e-20   1.312288e-19   1.561418e-19   1.698704e-19   1.747104e-19   1.329493e-19   1.014032e-53   4.518646e-56   0.000000e+00
         5.8000   0.000000e+00   2.710786e-18   0.000000e+00   0.000000e+00   2.209621e-20   2.099887e-20   2.187761e-18   2.118994e-18   2.046860e-18   1.197739e-18   4.483364e-21   4.092147e-20   8.969906e-20   1.427988e-19   1.694843e-19   1.858672e-19   1.908015e-19   1.379136e-19   5.740426e-50   4.286380e-52   0.000000e+00
         5.8500   0.000000e+00   2.659574e-18   0.000000e+00   0.000000e+00   2.075814e-20   1.857470e-20   2.257960e-18   2.161699e-18   2.096589e-18   1.218078e-18   8.875691e-21   4.838785e-20   9.927095e-20   1.538661e-19   1.821749e-19   2.007548e-19   2.054337e-19   1.418146e-19   1.265556e-46   1.493857e-48   0.000000e+00
         5.9000   0.000000e+00   2.605710e-18   0.000000e+00   0.000000e+00   1.950615e-20   1.638455e-20   2.315946e-18   2.192994e-18   2.136178e-18   1.234298e-18   1.628004e-20   5.778666e-20   1.095865e-19   1.645838e-19   1.941753e-19   2.143700e-19   2.184344e-19   1.447122e-19   1.203344e-43   2.132957e-45   0.000000e+00
         5.9500   0.000000e+00   2.549618e-18   0.000000e+00   0.000000e+00   1.833481e-20   1.441479e-20   2.362385e-18   2.213617e-18   2.165944e-18   1.246750e-18   2.789423e-20   6.996813e-20   1.212523e-19   1.753143e-19   2.056078e-19   2.266892e-19   2.297385e-19   1.466968e-19   5.406529e-41   1.374943e-42   0.000000e+00
         6.0000   0.000000e+00   2.491690e-18   0.000000e+00   0.000000e+00   1.723879e-20   1.265075e-20   2.398064e-18   2.224392e-18   2.186374e-18   1.255766e-18   4.497404e-20   8.588120e-20   1.350685e-19   1.866289e-19   2.167721e-19   2.378431e-19   2.393928e-19   1.478884e-19   1.245280e-38   4.363241e-40   0.000000e+00
         6.0500   0.000000e+00   2.432287e-18   0.000000e+00   0.000000e+00   1.621303e-20   1.107727e-20   2.423834e-18   2.226229e-18   2.198044e-18   1.261679e-18   6.868385e-20   1.064443e-19   1.519454e-19   1.992681e-19   2.281305e-19   2.481165e-19   2.475579e-19   1.484398e-19   1.581148e-36   7.363182e-38   0.000000e+00
         6.1000   0.000000e+00   2.371737e-18   0.000000e+00   0.000000e+00   1.525270e-20   9.679002e-21   2.440567e-18   2.220135e-18   2.201564e-18   1.264783e-18   9.994427e-20   1.324165e-19   1.727907e-19   2.140705e-19   2.402626e-19   2.579260e-19   2.545020e-19   1.485362e-19   1.180674e-34   7.078301e-36   0.000000e+00
         6.1500   0.000000e+00   2.310344e-18   0.000000e+00   0.000000e+00   1.435327e-20   8.440677e-21   2.449122e-18   2.207100e-18   2.197562e-18   1.265349e-18   1.392994e-19   1.642739e-19   1.983716e-19   2.318514e-19   2.538336e-19   2.677741e-19   2.605812e-19   1.483917e-19   5.492475e-33   4.121356e-34   0.000000e+00
         6.2000   0.000000e+00   2.248381e-18   0.000000e+00   0.000000e+00   1.351049e-20   7.347563e-21   2.450322e-18   2.188079e-18   2.186664e-18   1.263683e-18   1.868186e-19   2.021342e-19   2.291886e-19   2.532813e-19   2.694732e-19   2.781986e-19   2.662068e-19   1.482383e-19   1.675663e-31   1.535181e-32   0.000000e+00
         6.2500   0.000000e+00   2.186098e-18   0.000000e+00   0.000000e+00   1.272044e-20   6.385627e-21   2.444937e-18   2.163967e-18   2.169500e-18   1.259896e-18   2.420640e-19   2.457338e-19   2.653855e-19   2.787855e-19   2.876708e-19   2.896932e-19   2.718132e-19   1.483099e-19   3.509572e-30   3.841333e-31   0.000000e+00
         6.3000   0.000000e+00   2.123721e-18   0.000000e+00   0.000000e+00   1.197946e-20   5.541626e-21   2.433678e-18   2.135580e-18   2.146755e-18   1.254030e-18   3.041153e-19   2.944271e-19   3.067301e-19   3.084802e-19   3.087082e-19   3.026336e-19   2.778022e-19   1.488246e-19   5.256424e-29   6.743910e-30   0.000000e+00
         6.3500   0.000000e+00   2.061451e-18   0.000000e+00   0.000000e+00   1.128417e-20   4.803164e-21   2.417191e-18   2.103630e-18   2.119112e-18   1.246128e-18   3.716440e-19   3.472114e-19   3.526435e-19   3.421699e-19   3.326322e-19   3.172281e-19   2.844917e-19   1.499615e-19   5.839661e-28   8.635825e-29   0.000000e+00
         6.4000   0.000000e+00   1.999471e-18   0.000000e+00   0.000000e+00   1.063144e-20   4.158736e-21   2.396058e-18   2.068724e-18   2.087204e-18   1.236503e-18   4.430269e-19   4.028115e-19   4.022444e-19   3.793866e-19   3.592698e-19   3.334951e-19   2.920832e-19   1.518418e-19   4.972358e-27   8.349770e-28   0.000000e+00
         6.4500   0.000000e+00   1.937944e-18   0.000000e+00   0.000000e+00   1.001839e-20   3.597733e-21   2.370803e-18   2.031376e-18   2.051618e-18   1.225199e-18   5.165558e-19   4.598105e-19   4.544305e-19   4.194123e-19   3.882519e-19   3.512733e-19   3.006498e-19   1.545203e-19   3.341212e-26   6.286201e-27   0.000000e+00
         6.5000   0.000000e+00   1.877012e-18   0.000000e+00   0.000000e+00   9.442357e-21   3.110451e-21   2.341885e-18   1.992006e-18   2.012887e-18   1.212103e-18   5.906435e-19   5.168167e-19   5.079740e-19   4.613453e-19   4.190306e-19   3.702709e-19   3.101440e-19   1.579852e-19   1.818603e-25   3.787269e-26   0.000000e+00
         6.5500   0.000000e+00   1.816803e-18   0.000000e+00   0.000000e+00   8.900885e-21   2.688066e-21   2.309714e-18   1.950953e-18   1.971494e-18   1.197276e-18   6.638279e-19   5.725727e-19   5.616169e-19   5.041811e-19   4.509287e-19   3.900920e-19   3.204284e-19   1.621666e-19   8.206769e-25   1.870857e-25   0.000000e+00
         6.6000   0.000000e+00   1.757428e-18   0.000000e+00   0.000000e+00   8.391703e-21   2.322607e-21   2.274649e-18   1.908506e-18   1.927879e-18   1.180796e-18   7.348171e-19   6.260488e-19   6.142271e-19   5.468909e-19   4.831976e-19   4.102699e-19   3.312854e-19   1.669569e-19   3.134927e-24   7.742821e-25   0.000000e+00
         6.6500   0.000000e+00   1.698985e-18   0.000000e+00   0.000000e+00   7.912714e-21   2.006916e-21   2.237017e-18   1.864915e-18   1.882453e-18   1.162901e-18   8.025215e-19   6.764865e-19   6.648837e-19   5.885275e-19   5.150734e-19   4.303100e-19   3.424372e-19   1.722239e-19   1.032580e-23   2.736639e-24   0.000000e+00
         6.7000   0.000000e+00   1.641556e-18   0.000000e+00   0.000000e+00   7.461976e-21   1.734602e-21   2.197125e-18   1.820402e-18   1.835669e-18   1.144235e-18   8.660668e-19   7.233597e-19   7.128255e-19   6.283450e-19   5.458536e-19   4.497272e-19   3.535745e-19   1.778324e-19   2.981175e-23   8.401956e-24   0.000000e+00
         6.7500   0.000000e+00   1.585213e-18   0.000000e+00   0.000000e+00   7.037694e-21   1.499989e-21   2.155254e-18   1.775161e-18   1.787930e-18   1.124315e-18   9.247922e-19   7.663172e-19   7.574527e-19   6.657486e-19   5.750404e-19   4.680831e-19   3.643828e-19   1.836710e-19   7.655208e-23   2.274928e-23   0.000000e+00
         6.8000   0.000000e+00   1.530016e-18   0.000000e+00   0.000000e+00   6.638200e-21   1.298056e-21   2.111670e-18   1.729373e-18   1.739570e-18   1.103268e-18   9.782379e-19   8.051238e-19   7.983223e-19   7.002810e-19   6.022736e-19   4.850494e-19   3.745676e-19   1.896753e-19   1.771241e-22   5.507999e-23   0.000000e+00
         6.8500   0.000000e+00   1.476015e-18   0.000000e+00   0.000000e+00   6.261951e-21   1.124388e-21   2.066618e-18   1.683206e-18   1.690863e-18   1.081222e-18   1.026128e-18   8.396564e-19   8.351357e-19   7.316143e-19   6.272854e-19   5.003875e-19   3.838998e-19   1.958357e-19   3.735799e-22   1.207575e-22   0.000000e+00
         6.9000   0.000000e+00   1.423252e-18   0.000000e+00   0.000000e+00   5.907509e-21   9.751120e-22   2.020330e-18   1.636819e-18   1.642035e-18   1.058299e-18   1.068348e-18   8.698960e-19   8.677220e-19   7.595363e-19   6.498886e-19   5.139261e-19   3.922103e-19   2.021871e-19   7.257194e-22   2.424258e-22   0.000000e+00
         6.9500   0.000000e+00   1.371758e-18   0.000000e+00   0.000000e+00   5.573538e-21   8.468483e-22   1.973022e-18   1.590362e-18   1.593269e-18   1.034625e-18   1.104913e-18   8.958705e-19   8.960196e-19   7.839356e-19   6.699631e-19   5.255559e-19   3.993728e-19   2.087738e-19   1.310497e-21   4.500807e-22   0.000000e+00
         7.0000   0.000000e+00   1.321558e-18   0.000000e+00   0.000000e+00   5.258796e-21   7.366550e-22   1.924898e-18   1.543973e-18   1.544665e-18   1.010330e-18   1.135942e-18   9.176531e-19   9.200637e-19   8.047851e-19   6.874441e-19   5.352213e-19   4.053005e-19   2.156017e-19   2.217962e-21   7.795716e-22   0.000000e+00
         7.0500   0.000000e+00   1.272670e-18   0.000000e+00   0.000000e+00   4.962122e-21   6.419803e-22   1.876148e-18   1.497778e-18   1.496302e-18   9.858204e-19   1.161631e-18   9.354250e-19   9.399654e-19   8.221290e-19   7.023131e-19   5.429129e-19   4.099414e-19   2.226407e-19   3.544079e-21   1.269516e-21   0.000000e+00
         7.1000   0.000000e+00   1.225106e-18   0.000000e+00   0.000000e+00   4.682434e-21   5.606164e-22   1.826951e-18   1.451892e-18   1.448261e-18   9.615215e-19   1.182232e-18   9.493983e-19   9.558859e-19   8.360703e-19   7.145822e-19   5.486590e-19   4.132739e-19   2.298500e-19   5.381600e-21   1.957060e-21   0.000000e+00
         7.1500   0.000000e+00   1.178872e-18   0.000000e+00   0.000000e+00   4.418722e-21   4.906582e-22   1.777474e-18   1.406421e-18   1.400627e-18   9.371190e-19   1.198032e-18   9.597669e-19   9.680222e-19   8.467508e-19   7.242736e-19   5.525233e-19   4.153031e-19   2.371238e-19   7.810586e-21   2.873227e-21   0.000000e+00
         7.2000   0.000000e+00   1.133970e-18   0.000000e+00   0.000000e+00   4.170041e-21   4.304653e-22   1.727872e-18   1.361459e-18   1.353485e-18   9.127136e-19   1.209328e-18   9.667458e-19   9.765949e-19   8.543385e-19   7.314421e-19   5.546185e-19   4.160626e-19   2.443654e-19   1.089018e-20   4.038735e-21   0.000000e+00
         7.2500   0.000000e+00   1.090395e-18   0.000000e+00   0.000000e+00   3.935507e-21   3.786282e-22   1.678291e-18   1.317089e-18   1.306937e-18   8.883811e-19   1.216437e-18   9.705569e-19   9.818393e-19   8.590187e-19   7.361756e-19   5.550706e-19   4.156379e-19   2.515711e-19   1.465282e-20   5.461005e-21   0.000000e+00
         7.3000   0.000000e+00   1.048141e-18   0.000000e+00   0.000000e+00   3.714291e-21   3.339376e-22   1.628864e-18   1.273386e-18   1.261178e-18   8.641802e-19   1.219676e-18   9.714236e-19   9.839922e-19   8.609871e-19   7.385883e-19   5.540017e-19   4.141259e-19   2.585880e-19   1.910142e-20   7.132823e-21   0.000000e+00
         7.3500   0.000000e+00   1.007197e-18   0.000000e+00   0.000000e+00   3.505617e-21   2.953581e-22   1.579713e-18   1.230414e-18   1.216386e-18   8.401439e-19   1.219364e-18   9.696340e-19   9.832867e-19   8.604450e-19   7.388136e-19   5.515290e-19   4.116156e-19   2.652781e-19   2.420972e-20   9.032771e-21   0.000000e+00
         7.4000   0.000000e+00   9.675496e-19   0.000000e+00   0.000000e+00   3.308758e-21   2.620035e-22   1.530951e-18   1.188229e-18   1.172683e-18   8.162565e-19   1.215808e-18   9.654998e-19   9.799557e-19   8.575963e-19   7.369909e-19   5.477656e-19   4.081894e-19   2.715353e-19   2.992551e-20   1.112720e-20   0.000000e+00
         7.4500   0.000000e+00   9.291827e-19   0.000000e+00   0.000000e+00   3.123031e-21   2.331170e-22   1.482680e-18   1.146880e-18   1.130145e-18   7.925100e-19   1.209343e-18   9.593060e-19   9.742274e-19   8.526418e-19   7.332396e-19   5.428251e-19   4.039249e-19   2.774690e-19   3.617532e-20   1.337333e-20   0.000000e+00
         7.5000   0.000000e+00   8.920775e-19   0.000000e+00   0.000000e+00   2.947793e-21   2.080524e-22   1.434991e-18   1.106408e-18   1.088820e-18   7.689111e-19   1.200317e-18   9.512857e-19   9.663237e-19   8.457763e-19   7.276923e-19   5.368400e-19   3.988997e-19   2.829358e-19   4.287000e-20   1.572284e-20   0.000000e+00
         7.5500   0.000000e+00   8.562134e-19   0.000000e+00   0.000000e+00   2.782443e-21   1.862586e-22   1.387968e-18   1.066844e-18   1.048732e-18   7.454666e-19   1.189025e-18   9.416310e-19   9.564595e-19   8.371876e-19   7.204976e-19   5.299348e-19   3.932068e-19   2.877392e-19   4.991032e-20   1.812564e-20   0.000000e+00
         7.6000   0.000000e+00   8.215681e-19   0.000000e+00   0.000000e+00   2.626415e-21   1.672655e-22   1.341682e-18   1.028218e-18   1.009888e-18   7.221909e-19   1.175716e-18   9.305053e-19   9.448875e-19   8.270550e-19   7.118119e-19   5.222170e-19   3.869337e-19   2.918194e-19   5.718903e-20   2.053306e-20   0.000000e+00
         7.6500   0.000000e+00   7.881178e-19   0.000000e+00   0.000000e+00   2.479174e-21   1.506729e-22   1.296198e-18   9.905497e-19   9.722758e-19   6.991067e-19   1.160608e-18   9.180520e-19   9.318758e-19   8.155723e-19   7.017939e-19   5.137823e-19   3.801538e-19   2.951297e-19   6.457734e-20   2.290053e-20   0.000000e+00
         7.7000   0.000000e+00   7.558375e-19   0.000000e+00   0.000000e+00   2.340221e-21   1.361396e-22   1.251571e-18   9.538551e-19   9.358299e-19   6.762429e-19   1.143896e-18   9.044022e-19   9.176407e-19   8.029640e-19   6.906073e-19   5.047176e-19   3.729316e-19   2.977482e-19   7.194016e-20   2.518935e-20   0.000000e+00
         7.7500   0.000000e+00   7.247014e-19   0.000000e+00   0.000000e+00   2.209083e-21   1.233751e-22   1.207848e-18   9.181454e-19   9.004798e-19   6.536430e-19   1.125757e-18   8.896787e-19   9.023582e-19   7.894128e-19   6.784407e-19   4.951078e-19   3.653253e-19   2.999484e-19   7.915022e-20   2.736769e-20   0.000000e+00
         7.8000   0.000000e+00   6.946825e-19   0.000000e+00   0.000000e+00   2.085317e-21   1.121320e-22   1.165070e-18   8.834273e-19   8.661725e-19   6.315801e-19   1.106357e-18   8.739984e-19   8.861756e-19   7.750626e-19   6.654667e-19   4.850578e-19   3.573922e-19   3.013298e-19   8.609364e-20   2.941092e-20   0.000000e+00
         7.8500   0.000000e+00   6.657537e-19   0.000000e+00   0.000000e+00   1.968505e-21   1.021994e-22   1.123268e-18   8.497033e-19   8.328678e-19   6.099453e-19   1.085873e-18   8.574742e-19   8.692202e-19   7.600319e-19   6.518328e-19   4.746589e-19   3.492052e-19   3.019029e-19   9.267366e-20   3.130131e-20   0.000000e+00
         7.9000   0.000000e+00   6.378869e-19   0.000000e+00   0.000000e+00   1.858253e-21   9.339759e-23   1.082471e-18   8.169728e-19   8.005354e-19   5.887681e-19   1.064497e-18   8.402143e-19   8.516043e-19   7.444222e-19   6.376661e-19   4.639810e-19   3.408291e-19   3.016927e-19   9.881100e-20   3.302739e-20   0.000000e+00
         7.9500   0.000000e+00   6.110542e-19   0.000000e+00   0.000000e+00   1.754189e-21   8.557345e-23   1.042698e-18   7.852316e-19   7.691551e-19   5.680832e-19   1.042393e-18   8.223228e-19   8.334299e-19   7.283230e-19   6.230761e-19   4.530802e-19   3.323123e-19   3.007353e-19   1.044366e-19   3.458305e-20   0.000000e+00
         8.0000   0.000000e+00   5.852270e-19   0.000000e+00   0.000000e+00   1.655965e-21   7.859630e-23   1.003964e-18   7.544731e-19   7.387276e-19   5.479145e-19   1.019702e-18   8.038993e-19   8.147969e-19   7.118162e-19   6.081585e-19   4.420042e-19   3.236930e-19   2.990684e-19   1.094990e-19   3.596659e-20   0.000000e+00
         8.0500   0.000000e+00   5.603769e-19   0.000000e+00   0.000000e+00   1.563251e-21   7.235459e-23   9.662797e-19   7.246878e-19   7.092543e-19   5.282744e-19   9.965443e-19   7.850387e-19   7.958015e-19   6.949785e-19   5.929967e-19   4.307953e-19   3.150036e-19   2.967334e-19   1.139675e-19   3.717976e-20   0.000000e+00
         8.1000   0.000000e+00   5.364756e-19   0.000000e+00   0.000000e+00   1.475736e-21   6.675298e-23   9.296509e-19   6.958645e-19   6.807304e-19   5.091603e-19   9.730272e-19   7.658310e-19   7.765286e-19   6.778862e-19   5.776628e-19   4.194921e-19   3.062727e-19   2.939427e-19   1.178293e-19   3.822681e-20   0.000000e+00
         8.1500   0.000000e+00   5.134948e-19   0.000000e+00   0.000000e+00   1.393127e-21   6.170995e-23   8.940792e-19   6.679898e-19   6.531467e-19   4.905672e-19   9.492470e-19   7.463606e-19   7.570538e-19   6.606110e-19   5.622176e-19   4.081320e-19   2.975265e-19   2.908272e-19   1.210875e-19   3.911380e-20   0.000000e+00
         8.2000   0.000000e+00   4.914062e-19   0.000000e+00   0.000000e+00   1.315149e-21   5.715568e-23   8.595628e-19   6.410487e-19   6.264911e-19   4.724903e-19   9.252882e-19   7.267065e-19   7.374453e-19   6.432195e-19   5.467160e-19   3.967570e-19   2.887909e-19   2.871731e-19   1.237573e-19   3.984794e-20   0.000000e+00
         8.2500   0.000000e+00   4.701820e-19   0.000000e+00   0.000000e+00   1.241540e-21   5.303027e-23   8.260964e-19   6.150249e-19   6.007492e-19   4.549225e-19   9.012219e-19   7.069421e-19   7.177654e-19   6.257724e-19   5.312079e-19   3.854042e-19   2.800964e-19   2.830342e-19   1.258636e-19   4.043711e-20   0.000000e+00
         8.3000   0.000000e+00   4.497948e-19   0.000000e+00   0.000000e+00   1.172055e-21   4.928232e-23   7.936720e-19   5.899009e-19   5.759049e-19   4.378550e-19   8.771115e-19   6.871348e-19   6.980734e-19   6.083248e-19   5.157384e-19   3.741047e-19   2.714702e-19   2.784657e-19   1.274379e-19   4.088949e-20   0.000000e+00
         8.3500   0.000000e+00   4.302171e-19   0.000000e+00   0.000000e+00   1.106462e-21   4.586756e-23   7.622792e-19   5.656582e-19   5.519407e-19   4.212801e-19   8.530144e-19   6.673467e-19   6.784235e-19   5.909286e-19   5.003486e-19   3.628852e-19   2.629338e-19   2.735210e-19   1.285155e-19   4.121335e-20   0.000000e+00
         8.4000   0.000000e+00   4.114224e-19   0.000000e+00   0.000000e+00   1.044544e-21   4.274788e-23   7.319052e-19   5.422773e-19   5.288381e-19   4.051910e-19   8.289839e-19   6.476339e-19   6.588626e-19   5.736328e-19   4.850756e-19   3.517691e-19   2.545053e-19   2.682457e-19   1.291356e-19   4.141684e-20   0.000000e+00
         8.4500   0.000000e+00   3.933843e-19   0.000000e+00   0.000000e+00   9.860924e-22   3.989033e-23   7.025354e-19   5.197383e-19   5.065778e-19   3.895814e-19   8.050699e-19   6.280474e-19   6.394323e-19   5.564768e-19   4.699541e-19   3.407778e-19   2.461996e-19   2.626829e-19   1.293411e-19   4.150794e-20   0.000000e+00
         8.5000   0.000000e+00   3.760770e-19   0.000000e+00   0.000000e+00   9.309141e-22   3.726641e-23   6.741534e-19   4.980207e-19   4.851397e-19   3.744452e-19   7.813190e-19   6.086329e-19   6.201696e-19   5.394933e-19   4.550150e-19   3.299325e-19   2.380298e-19   2.568728e-19   1.291766e-19   4.149438e-20   0.000000e+00
         8.5500   0.000000e+00   3.594752e-19   0.000000e+00   0.000000e+00   8.788252e-22   3.485139e-23   6.467416e-19   4.771034e-19   4.645031e-19   3.597764e-19   7.577746e-19   5.894309e-19   6.011083e-19   5.227100e-19   4.402849e-19   3.192503e-19   2.300093e-19   2.508501e-19   1.286869e-19   4.138365e-20   0.000000e+00
         8.6000   0.000000e+00   3.435540e-19   0.000000e+00   0.000000e+00   8.296523e-22   3.262377e-23   6.202809e-19   4.569654e-19   4.446470e-19   3.455689e-19   7.344769e-19   5.704777e-19   5.822788e-19   5.061513e-19   4.257869e-19   3.087446e-19   2.221480e-19   2.446537e-19   1.279180e-19   4.118297e-20   0.000000e+00
         8.6500   0.000000e+00   3.282894e-19   0.000000e+00   0.000000e+00   7.832321e-22   3.056479e-23   5.947515e-19   4.375851e-19   4.255501e-19   3.318166e-19   7.114629e-19   5.518047e-19   5.637087e-19   4.898388e-19   4.115408e-19   2.984260e-19   2.144520e-19   2.383222e-19   1.269232e-19   4.089934e-20   0.000000e+00
         8.7000   0.000000e+00   3.136576e-19   0.000000e+00   0.000000e+00   7.394102e-22   2.865806e-23   5.701326e-19   4.189412e-19   4.071908e-19   3.185128e-19   6.887661e-19   5.334395e-19   5.454226e-19   4.737917e-19   3.975633e-19   2.883035e-19   2.069256e-19   2.318913e-19   1.257521e-19   4.053950e-20   0.000000e+00
         8.7500   0.000000e+00   2.996356e-19   0.000000e+00   0.000000e+00   6.980410e-22   2.688918e-23   5.464027e-19   4.010121e-19   3.895474e-19   3.056504e-19   6.664168e-19   5.154059e-19   5.274427e-19   4.580272e-19   3.838687e-19   2.783851e-19   1.995719e-19   2.253935e-19   1.244473e-19   4.010999e-20   0.000000e+00
         8.8000   0.000000e+00   2.862011e-19   0.000000e+00   0.000000e+00   6.589871e-22   2.524552e-23   5.235400e-19   3.837765e-19   3.725984e-19   2.932220e-19   6.444420e-19   4.977241e-19   5.097883e-19   4.425604e-19   3.704685e-19   2.686775e-19   1.923935e-19   2.188587e-19   1.230449e-19   3.961711e-20   0.000000e+00
         8.8500   0.000000e+00   2.733321e-19   0.000000e+00   0.000000e+00   6.221188e-22   2.371590e-23   5.015221e-19   3.672130e-19   3.563220e-19   2.812197e-19   6.228656e-19   4.804110e-19   4.924763e-19   4.274044e-19   3.573723e-19   2.591867e-19   1.853923e-19   2.124209e-19   1.215762e-19   3.906696e-20   0.000000e+00
         8.9000   0.000000e+00   2.610074e-19   0.000000e+00   0.000000e+00   5.873137e-22   2.229045e-23   4.803264e-19   3.513006e-19   3.406968e-19   2.696351e-19   6.017082e-19   4.634807e-19   4.755213e-19   4.125707e-19   3.445875e-19   2.499177e-19   1.785701e-19   2.059997e-19   1.200682e-19   3.846541e-20   0.000000e+00
         8.9500   0.000000e+00   2.492064e-19   0.000000e+00   0.000000e+00   5.544563e-22   2.096040e-23   4.599301e-19   3.360184e-19   3.257016e-19   2.584598e-19   5.809876e-19   4.469444e-19   4.589356e-19   3.980688e-19   3.321201e-19   2.408745e-19   1.719279e-19   1.996123e-19   1.185444e-19   3.781811e-20   0.000000e+00
         9.0000   0.000000e+00   2.379090e-19   0.000000e+00   0.000000e+00   5.234374e-22   1.971793e-23   4.403105e-19   3.213457e-19   3.113153e-19   2.476848e-19   5.607187e-19   4.308111e-19   4.427292e-19   3.839066e-19   3.199740e-19   2.320605e-19   1.654667e-19   1.932794e-19   1.170251e-19   3.713047e-20   0.000000e+00
