# CIE bound-bound cooling efficiency for Fe (Z=26)
# Source: CHIANTI v11.0.2 via ChiantiPy ion.boundBoundLoss
# Units: erg cm^3 / s, per ion per electron, low-density limit (n_e = 1 cm^-3)
# T grid: 101 log-spaced points, 10^4.00 K -> 10^9.00 K
# Generated by pyathena/photchem/data/build_cool_tables.py
#
# log_T_K        L_Fe0          L_Fe1          L_Fe2          L_Fe3          L_Fe4          L_Fe5          L_Fe6          L_Fe7          L_Fe8          L_Fe9          L_Fe10         L_Fe11         L_Fe12         L_Fe13         L_Fe14         L_Fe15         L_Fe16         L_Fe17         L_Fe18         L_Fe19         L_Fe20         L_Fe21         L_Fe22         L_Fe23         L_Fe24         L_Fe25         L_Fe26       
         4.0000   0.000000e+00   9.988666e-20   2.139755e-20   4.232598e-21   1.506228e-20   2.757730e-20   3.275169e-20   1.772424e-20   4.509927e-21   4.563092e-20   2.900451e-20   7.283676e-21   3.917983e-20   6.924458e-20   1.737934e-20   3.003120e-20   3.871456e-20   4.321007e-20   3.056505e-20   5.935363e-20   1.135517e-20   4.704129e-20   5.776834e-20   2.185855e-19   4.599052e-19   6.424731e-19   8.420560e-19
         4.0500   0.000000e+00   1.164568e-19   2.699822e-20   6.810830e-21   1.761401e-20   3.155974e-20   3.672830e-20   1.715660e-20   4.261575e-21   5.397264e-20   3.288951e-20   7.633193e-21   4.493063e-20   7.896095e-20   1.641471e-20   2.836068e-20   3.655976e-20   4.080405e-20   2.886265e-20   5.604080e-20   1.073149e-20   4.442114e-20   5.454935e-20   2.063815e-19   4.342275e-19   6.065485e-19   7.952965e-19
         4.1000   0.000000e+00   1.396693e-19   3.376820e-20   1.035691e-20   2.082727e-20   3.624082e-20   4.122392e-20   1.655847e-20   4.027338e-21   6.248372e-20   3.725791e-20   8.235477e-21   5.170751e-20   8.776491e-20   1.657468e-20   2.678416e-20   3.452613e-20   3.853355e-20   2.725707e-20   5.291373e-20   1.014923e-20   4.194829e-20   5.153342e-20   1.948615e-19   4.099891e-19   5.726327e-19   7.500692e-19
         4.1500   0.000000e+00   1.713938e-19   4.180104e-20   1.496416e-20   2.467204e-20   4.149816e-20   4.618456e-20   1.633016e-20   3.806437e-21   7.088756e-20   4.158289e-20   9.334752e-21   5.959472e-20   9.511647e-20   1.565659e-20   2.529641e-20   3.260693e-20   3.639155e-20   2.574444e-20   4.996209e-20   9.612477e-21   3.961472e-20   4.866473e-20   1.839874e-19   3.871097e-19   5.406166e-19   7.092850e-19
         4.2000   0.000000e+00   2.132782e-19   5.122970e-20   2.064830e-20   2.908789e-20   4.718994e-20   5.126715e-20   1.567627e-20   3.598139e-21   7.892815e-20   4.613028e-20   1.104701e-20   6.865011e-20   1.009386e-19   1.479040e-20   2.389249e-20   3.079580e-20   3.437219e-20   2.432229e-20   4.717618e-20   9.129221e-21   3.741317e-20   4.595735e-20   1.737232e-19   3.655133e-19   5.104078e-19   6.716217e-19
         4.2500   0.000000e+00   2.665388e-19   6.225566e-20   2.733820e-20   3.399448e-20   5.313150e-20   5.635075e-20   1.501789e-20   3.980776e-21   8.638468e-20   5.090638e-20   1.347351e-20   7.871098e-20   1.046347e-19   1.397322e-20   2.256776e-20   2.908674e-20   3.247124e-20   2.299001e-20   4.454711e-20   8.712145e-21   3.533755e-20   4.364773e-20   1.640347e-19   3.451285e-19   4.818730e-19   6.341722e-19
         4.3000   0.000000e+00   3.318071e-19   7.517075e-20   3.488091e-20   3.929005e-20   5.914895e-20   6.122206e-20   1.436182e-20   3.763306e-21   9.307995e-20   5.591694e-20   1.668866e-20   8.960109e-20   1.066594e-19   1.320239e-20   2.131783e-20   2.747408e-20   3.068673e-20   2.174905e-20   4.206700e-20   8.378805e-21   3.338408e-20   4.122281e-20   1.548900e-19   3.258876e-19   6.584364e-19   6.001579e-19
         4.3500   0.000000e+00   4.090652e-19   9.034443e-20   4.305680e-20   4.487554e-20   6.497474e-20   6.568768e-20   1.371448e-20   3.558285e-21   9.888295e-20   6.116016e-20   2.096075e-20   1.009613e-19   1.074221e-19   1.247551e-20   2.013859e-20   2.595247e-20   2.901940e-20   2.060291e-20   3.972960e-20   8.150980e-21   3.154976e-20   3.893452e-20   1.462586e-19   3.077268e-19   6.216340e-19   5.667173e-19
         4.4000   0.000000e+00   4.976605e-19   1.082102e-19   5.160004e-20   5.065155e-20   7.045013e-20   6.977012e-20   1.308210e-20   3.365033e-21   1.037064e-19   6.662046e-20   2.582012e-20   1.124428e-19   1.074804e-19   1.179093e-20   1.902639e-20   2.451686e-20   2.747278e-20   1.955690e-20   3.753098e-20   8.053568e-21   2.984884e-20   3.833359e-20   1.381121e-19   2.905860e-19   5.869807e-19   5.337385e-19
         4.4500   0.000000e+00   5.963727e-19   1.292416e-19   6.022582e-20   5.653023e-20   7.542115e-20   7.306500e-20   1.247100e-20   3.182904e-21   1.075006e-19   7.225912e-20   3.147725e-20   1.232286e-19   1.074366e-19   1.114915e-20   1.797879e-20   2.316250e-20   2.605254e-20   2.343340e-20   3.547059e-20   8.110637e-21   2.826117e-20   3.620913e-20   1.304233e-19   2.817725e-19   5.541713e-19   5.041441e-19
         4.5000   0.000000e+00   7.035297e-19   1.539092e-19   6.865239e-20   6.240160e-20   7.979114e-20   7.569041e-20   1.188784e-20   3.011310e-21   1.102450e-19   7.799440e-20   3.787710e-20   1.330598e-19   1.083046e-19   1.160161e-20   1.699723e-20   2.188488e-20   2.476528e-20   2.233963e-20   3.355198e-20   8.344778e-21   2.680800e-20   3.420468e-20   1.231668e-19   2.660924e-19   5.233187e-19   6.022173e-19
         4.5500   0.000000e+00   8.171544e-19   1.826269e-19   7.662069e-20   6.819054e-20   8.360538e-20   7.762152e-20   1.172141e-20   2.849855e-21   1.119386e-19   8.371368e-20   4.495386e-20   1.416764e-19   1.094201e-19   1.102050e-20   1.609445e-20   2.067978e-20   2.361670e-20   2.138413e-20   3.178319e-20   8.780072e-21   2.563473e-20   3.231361e-20   1.163185e-19   2.512943e-19   4.941300e-19   5.688130e-19
         4.6000   0.000000e+00   9.350974e-19   2.156917e-19   8.391025e-20   7.381803e-20   8.683649e-20   7.886774e-20   1.119046e-20   2.698626e-21   1.125927e-19   8.928509e-20   5.264500e-20   1.489811e-19   1.113286e-19   1.056231e-20   1.531118e-20   1.954319e-20   2.260980e-20   2.057487e-20   3.017623e-20   9.408291e-21   2.447457e-20   3.052966e-20   1.098559e-19   2.373291e-19   4.668801e-19   5.380778e-19
         4.6500   0.000000e+00   1.055146e-18   2.532274e-19   9.034272e-20   7.920522e-20   8.976079e-20   7.946923e-20   1.070408e-20   2.559932e-21   1.122269e-19   9.456895e-20   6.090406e-20   1.553406e-19   1.136853e-19   1.033439e-20   1.474654e-20   1.847133e-20   2.174325e-20   1.991948e-20   2.874570e-20   1.023468e-20   2.347918e-20   3.410502e-20   1.037579e-19   2.241504e-19   4.408456e-19   5.080429e-19
         4.7000   0.000000e+00   1.175153e-18   2.951428e-19   9.578691e-20   8.426255e-20   9.261102e-20   7.949806e-20   1.027838e-20   2.443280e-21   1.108743e-19   9.943355e-20   6.994564e-20   1.604624e-19   1.157400e-19   1.054356e-20   1.460293e-20   1.746066e-20   2.101050e-20   1.942431e-20   2.750662e-20   1.133044e-20   2.265319e-20   3.222434e-20   9.800549e-20   2.117145e-19   4.166722e-19   4.803285e-19
         4.7500   0.000000e+00   1.293125e-18   3.411213e-19   1.001612e-19   8.890380e-20   9.568456e-20   7.907577e-20   9.960548e-21   2.378100e-21   1.086266e-19   1.038076e-19   7.930170e-20   1.650492e-19   1.168342e-19   1.155281e-20   1.523769e-20   1.650781e-20   2.039971e-20   1.909308e-20   2.647192e-20   1.249581e-20   2.280499e-20   3.045130e-20   9.258297e-20   1.999803e-19   3.935865e-19   4.532462e-19
         4.8000   0.000000e+00   1.407292e-18   3.906314e-19   1.034322e-19   9.298041e-20   9.937008e-20   7.858324e-20   9.868429e-21   2.441093e-21   1.057735e-19   1.078508e-19   8.937236e-20   1.695881e-19   1.174584e-19   1.394476e-20   1.720415e-20   1.560960e-20   1.989440e-20   1.892543e-20   2.565004e-20   1.378886e-20   2.226423e-20   2.878121e-20   8.748027e-20   1.889087e-19   3.715647e-19   4.264667e-19
         4.8500   0.000000e+00   1.516144e-18   4.429542e-19   1.056154e-19   9.640040e-20   1.041806e-19   7.806106e-20   1.025557e-20   2.806221e-21   1.028312e-19   1.120728e-19   1.005019e-19   1.747813e-19   1.191283e-19   1.857389e-20   2.125953e-20   1.476306e-20   1.947477e-20   1.891578e-20   2.504317e-20   1.571436e-20   2.187573e-20   2.721101e-20   8.269699e-20   1.784631e-19   3.517625e-19   4.029051e-19
         4.9000   0.000000e+00   1.618448e-18   4.972291e-19   1.067660e-19   9.906248e-20   1.107355e-19   7.825643e-20   1.160387e-20   3.822483e-21   1.006128e-19   1.171012e-19   1.132860e-19   1.815979e-19   1.222178e-19   2.658231e-20   2.832186e-20   1.396537e-20   1.911923e-20   1.905259e-20   2.464626e-20   1.712200e-20   2.162410e-20   3.638035e-20   7.824797e-20   1.686088e-19   3.322739e-19   3.807229e-19
         4.9500   0.000000e+00   1.713249e-18   5.525108e-19   1.069659e-19   1.008816e-19   1.196877e-19   8.003880e-20   1.472377e-20   6.115158e-21   1.003208e-19   1.242230e-19   1.286292e-19   1.912723e-19   1.290276e-19   3.935767e-20   3.937294e-20   1.321386e-20   1.880613e-20   1.931838e-20   2.444735e-20   1.855201e-20   2.438587e-20   3.441830e-20   7.416952e-20   1.593131e-19   3.145245e-19   3.589905e-19
         5.0000   0.000000e+00   1.799854e-18   6.078251e-19   1.063165e-19   1.018014e-19   1.313922e-19   8.463008e-20   2.084602e-20   1.069812e-20   1.036155e-19   1.351357e-19   1.477841e-19   2.052717e-19   1.414944e-19   5.842804e-20   5.532334e-20   1.250603e-20   1.851513e-20   1.969041e-20   2.442948e-20   1.998015e-20   2.420424e-20   3.260540e-20   7.052459e-20   1.505451e-19   3.609242e-19   3.393789e-19
         5.0500   0.000000e+00   1.877808e-18   6.622072e-19   1.049227e-19   1.018022e-19   1.461553e-19   9.362406e-20   3.167847e-20   1.906958e-20   1.125670e-19   1.519872e-19   1.723427e-19   2.254993e-19   1.612878e-19   8.531532e-20   7.687038e-20   1.183980e-20   1.822855e-20   2.014235e-20   2.457520e-20   2.139670e-20   2.413998e-20   3.096704e-20   6.740445e-20   1.422758e-19   3.408307e-19   3.204962e-19
         5.1000   0.000000e+00   1.946866e-18   7.147642e-19   1.028679e-19   1.009215e-19   1.639234e-19   1.089323e-19   4.940079e-20   3.325152e-20   1.294124e-19   1.770640e-19   2.041136e-19   2.531058e-19   1.899044e-19   1.213664e-19   1.043836e-19   1.121286e-20   1.793240e-20   2.064687e-20   2.487391e-20   2.464122e-20   2.420929e-20   2.955374e-20   6.492434e-20   1.344776e-19   3.216777e-19   3.026750e-19
         5.1500   0.000000e+00   2.006961e-18   7.647243e-19   1.002323e-19   9.917813e-20   1.843061e-19   1.326602e-19   7.657783e-20   5.574001e-20   1.565184e-19   2.126906e-19   2.449695e-19   2.899750e-19   2.285597e-19   1.675085e-19   1.378445e-19   1.062300e-20   1.761764e-20   2.117967e-20   2.533207e-20   2.599690e-20   2.445657e-20   2.845365e-20   6.321229e-20   1.271246e-19   3.041904e-19   2.854893e-19
         5.2000   0.000000e+00   2.058171e-18   8.114623e-19   9.710442e-20   9.667573e-20   2.066076e-19   1.669089e-19   1.159649e-19   8.934977e-20   1.962133e-19   2.610249e-19   2.966463e-19   3.374093e-19   2.780252e-19   2.240852e-19   1.768286e-19   1.006824e-20   1.728200e-20   2.172489e-20   2.598406e-20   2.747449e-20   3.081651e-20   2.780367e-20   6.239183e-20   1.201924e-19   2.875053e-19   2.694284e-19
         5.2500   0.000000e+00   2.100693e-18   8.545106e-19   9.357932e-20   9.352477e-20   2.299162e-19   2.135317e-19   1.703626e-19   1.369642e-19   2.505483e-19   3.237790e-19   3.605048e-19   3.962441e-19   3.385917e-19   2.910680e-19   2.205462e-19   9.546723e-21   1.693254e-20   2.228115e-20   2.690046e-20   2.918626e-20   3.138746e-20   2.779360e-20   6.256170e-20   1.136578e-19   2.728556e-19   2.544813e-19
         5.3000   0.000000e+00   2.134816e-18   8.935084e-19   8.975378e-20   8.985046e-20   2.532224e-19   2.738891e-19   2.418362e-19   2.012242e-19   3.210805e-19   4.019588e-19   4.373047e-19   4.667151e-19   4.099962e-19   3.667644e-19   2.679218e-19   9.056700e-21   1.658887e-20   2.286963e-20   2.818966e-20   3.127352e-20   3.253829e-20   3.904803e-20   6.377673e-20   1.074991e-19   2.568488e-19   2.410311e-19
         5.3500   0.000000e+00   2.160895e-18   9.280118e-19   8.572136e-20   8.578381e-20   2.755518e-19   3.486488e-19   3.321601e-19   2.842219e-19   4.087091e-19   4.957102e-19   5.270382e-19   5.484088e-19   4.913245e-19   4.497525e-19   3.176862e-19   8.596522e-21   1.628598e-20   2.355479e-20   2.998992e-20   3.758298e-20   3.447386e-20   4.046073e-20   6.603409e-20   1.016957e-19   2.435753e-19   2.276875e-19
         5.4000   0.000000e+00   2.179340e-18   9.577284e-19   8.156831e-20   8.145183e-20   2.960988e-19   4.376682e-19   4.420796e-19   3.872578e-19   5.135231e-19   6.044152e-19   6.289246e-19   6.403369e-19   5.810765e-19   5.377458e-19   3.684645e-19   8.164633e-21   1.607538e-20   2.443885e-20   3.245198e-20   4.065075e-20   3.740959e-20   4.327417e-20   6.926772e-20   9.622826e-20   2.299465e-19   2.150961e-19
         5.4500   0.000000e+00   2.190590e-18   9.825851e-19   7.737052e-20   7.697055e-20   3.142484e-19   5.399711e-19   5.712835e-19   5.106930e-19   6.347255e-19   7.267284e-19   7.415673e-19   7.409909e-19   6.772706e-19   6.283638e-19   4.188615e-19   7.759573e-21   1.602332e-20   2.564797e-20   3.571513e-20   4.453430e-20   4.154116e-20   4.766452e-20   7.335196e-20   9.107841e-20   2.169987e-19   2.034044e-19
         5.5000   0.000000e+00   2.195110e-18   1.002682e-18   7.319208e-20   7.244100e-20   3.295886e-19   6.538000e-19   7.183582e-19   6.539077e-19   7.706856e-19   8.606885e-19   8.628129e-19   8.484762e-19   7.776354e-19   7.193065e-19   4.676286e-19   7.379963e-21   1.620446e-20   2.731741e-20   3.988219e-20   4.934243e-20   4.701285e-20   5.371476e-20   7.811302e-20   8.622887e-20   2.050626e-19   1.918105e-19
         5.5500   0.000000e+00   2.193372e-18   1.018243e-18   6.908551e-20   6.794727e-20   3.419064e-19   7.768222e-19   8.808641e-19   8.153534e-19   9.190640e-19   1.003849e-18   9.903588e-19   9.606441e-19   8.798390e-19   8.084925e-19   5.137389e-19   7.024507e-21   1.669230e-20   2.957138e-20   4.499955e-20   5.513252e-20   5.389200e-20   6.139797e-20   8.334452e-20   8.166331e-20   1.943260e-19   1.812511e-19
         5.6000   0.000000e+00   2.185854e-18   1.029576e-18   6.509210e-20   6.355627e-20   3.511621e-19   9.061524e-19   1.055569e-18   9.926704e-19   1.076983e-18   1.153311e-18   1.121606e-18   1.075090e-18   9.818426e-19   8.941905e-19   5.564158e-19   6.691987e-21   1.754950e-20   3.250405e-20   5.104298e-20   6.190982e-20   6.787121e-20   7.057161e-20   8.882576e-20   7.736630e-20   1.839014e-19   1.714402e-19
         5.6500   0.000000e+00   2.173031e-18   1.037029e-18   6.124279e-20   5.931883e-20   3.574667e-19   1.038871e-18   1.238688e-18   1.182846e-18   1.241214e-18   1.305968e-18   1.253936e-18   1.189371e-18   1.081480e-18   9.750683e-19   5.951619e-19   6.381269e-21   1.881764e-20   3.614855e-20   5.791920e-20   6.964592e-20   7.708728e-20   8.099320e-20   9.434104e-20   7.332372e-20   1.735305e-19   1.620401e-19
         5.7000   0.000000e+00   2.155369e-18   1.040950e-18   5.755932e-20   5.527131e-20   3.611133e-19   1.172042e-18   1.426150e-18   1.382406e-18   1.408365e-18   1.458709e-18   1.384853e-18   1.301170e-18   1.177488e-18   1.050164e-18   6.297655e-19   6.091371e-21   2.051025e-20   4.047742e-20   6.547438e-20   7.827364e-20   8.739045e-20   9.235149e-20   9.969266e-20   6.952305e-20   1.639685e-19   1.529469e-19
         5.7500   0.000000e+00   2.133322e-18   1.041609e-18   5.405557e-20   5.143763e-20   3.624100e-19   1.302938e-18   1.613866e-18   1.587623e-18   1.575051e-18   1.608556e-18   1.512051e-18   1.408444e-18   1.268926e-18   1.118873e-18   6.602725e-19   5.821791e-21   2.261013e-20   4.541205e-20   7.351101e-20   9.121179e-20   9.850875e-20   1.043115e-19   1.047129e-19   6.595000e-20   1.552387e-19   1.445999e-19
         5.8000   0.000000e+00   2.107328e-18   1.039278e-18   5.073895e-20   4.783141e-20   3.617224e-19   1.429149e-18   1.797974e-18   1.794708e-18   1.738046e-18   1.752818e-18   1.633414e-18   1.509714e-18   1.355265e-18   1.180931e-18   6.868739e-19   5.573788e-21   2.507158e-20   5.083289e-20   8.180778e-20   1.007857e-19   1.101210e-19   1.165219e-19   1.092717e-19   6.259230e-20   1.463863e-19   1.367299e-19
         5.8500   0.000000e+00   2.077810e-18   1.034246e-18   4.761167e-20   4.446329e-20   3.593241e-19   1.548680e-18   1.975026e-18   1.999972e-18   1.894448e-18   1.889179e-18   1.747150e-18   1.603647e-18   1.436267e-18   1.236332e-18   7.098623e-19   5.354301e-21   2.782782e-20   5.659470e-20   9.013680e-20   1.105495e-19   1.218798e-19   1.286225e-19   1.132753e-19   5.943839e-20   1.382484e-19   1.291960e-19
         5.9000   0.000000e+00   2.045169e-18   1.026795e-18   4.467196e-20   4.132143e-20   3.554096e-19   1.659986e-18   2.142089e-18   2.199969e-18   2.041789e-18   2.015735e-18   1.851830e-18   1.689466e-18   1.511814e-18   1.285242e-18   7.296010e-19   5.185747e-21   3.080465e-20   6.254338e-20   9.828260e-20   1.202371e-19   1.334131e-19   1.402839e-19   1.166639e-19   5.647729e-20   1.308473e-19   1.221442e-19
         5.9500   0.000000e+00   2.009788e-18   1.017195e-18   4.191503e-20   3.840546e-20   3.502922e-19   1.761979e-18   2.296841e-18   2.391580e-18   2.178082e-18   2.131013e-18   1.946284e-18   1.766570e-18   1.581823e-18   1.327920e-18   7.464762e-19   5.126129e-21   3.394258e-20   6.852688e-20   1.060591e-19   1.296055e-19   1.443629e-19   1.512226e-19   1.194070e-19   5.369866e-20   1.238665e-19   1.155658e-19
         6.0000   0.000000e+00   1.972027e-18   1.005703e-18   3.933403e-20   3.570619e-20   3.447976e-19   1.853988e-18   2.437587e-18   2.571975e-18   2.301842e-18   2.233973e-18   2.029372e-18   1.834578e-18   1.646164e-18   1.364642e-18   7.608630e-19   5.303245e-21   3.723066e-20   7.442581e-20   1.133258e-19   1.384518e-19   1.544618e-19   1.644603e-19   1.214974e-19   5.109269e-20   1.174980e-19   1.093698e-19
         6.0500   0.000000e+00   1.932226e-18   9.926025e-19   3.692069e-20   3.321221e-20   3.394219e-19   1.935654e-18   2.563242e-18   2.738775e-18   2.412063e-18   2.323975e-18   2.100547e-18   1.893276e-18   1.704627e-18   1.395648e-18   7.731084e-19   5.962512e-21   4.075164e-20   8.019319e-20   1.200052e-19   1.466344e-19   1.635400e-19   1.731338e-19   1.229448e-19   4.865008e-20   1.113063e-19   1.035352e-19
         6.1000   0.000000e+00   1.890701e-18   9.781610e-19   3.466591e-20   3.091083e-20   3.338081e-19   2.006729e-18   2.673266e-18   2.890136e-18   2.508197e-18   2.400700e-18   2.160437e-18   1.942410e-18   1.756963e-18   1.421117e-18   7.835265e-19   7.519915e-21   4.473342e-20   8.589644e-20   1.261095e-19   1.540832e-19   1.715304e-19   1.805805e-19   1.237712e-19   4.636205e-20   1.056984e-19   9.804250e-20
         6.1500   0.000000e+00   1.847748e-18   9.626115e-19   3.256018e-20   2.878871e-20   3.275816e-19   2.067206e-18   2.767602e-18   3.024743e-18   2.590100e-18   2.464191e-18   2.209731e-18   1.981896e-18   1.802884e-18   1.441235e-18   7.924021e-19   1.060177e-20   4.959317e-20   9.175889e-20   1.317745e-19   1.608172e-19   1.784870e-19   1.867715e-19   1.240225e-19   4.422030e-20   1.002137e-19   9.287300e-20
         6.2000   0.000000e+00   1.803640e-18   9.461507e-19   3.059393e-20   2.683246e-20   3.205388e-19   2.117325e-18   2.846652e-18   3.141791e-18   2.657956e-18   2.514996e-18   2.248558e-18   2.012020e-18   1.842050e-18   1.456173e-18   8.000172e-19   1.604674e-20   5.595662e-20   9.818803e-20   1.372787e-19   1.669660e-19   1.845684e-19   1.917467e-19   1.237674e-19   4.221697e-20   9.505635e-20   8.800908e-20
         6.2500   0.000000e+00   1.758628e-18   9.289419e-19   2.875777e-20   2.502895e-20   3.126123e-19   2.157516e-18   2.911115e-18   3.241017e-18   2.712199e-18   2.553883e-18   2.277129e-18   2.033257e-18   1.874180e-18   1.466087e-18   8.066586e-19   2.486365e-20   6.462863e-20   1.057754e-19   1.430514e-19   1.727857e-19   1.899704e-19   1.956170e-19   1.230943e-19   4.034461e-20   9.034047e-20   8.343340e-20
         6.3000   0.000000e+00   1.712945e-18   9.111196e-19   2.704262e-20   2.336563e-20   3.038343e-19   2.188340e-18   2.961856e-18   3.323094e-18   2.753447e-18   2.581705e-18   2.295852e-18   2.046171e-18   1.899130e-18   1.471145e-18   8.126042e-19   3.814120e-20   7.652052e-20   1.152507e-19   1.496554e-19   1.786599e-19   1.949383e-19   1.985655e-19   1.221150e-19   3.859617e-20   8.588111e-20   7.912959e-20
         6.3500   0.000000e+00   1.666802e-18   8.927950e-19   2.543985e-20   2.183063e-20   2.945416e-19   2.210441e-18   2.999834e-18   3.389127e-18   2.782524e-18   2.599291e-18   2.305358e-18   2.051377e-18   1.916866e-18   1.471534e-18   8.181139e-19   5.691737e-20   9.254493e-20   1.273820e-19   1.577356e-19   1.850719e-19   2.014628e-19   2.008441e-19   1.209648e-19   3.696500e-20   8.159853e-20   7.508673e-20
         6.4000   0.000000e+00   1.620391e-18   8.740607e-19   2.394132e-20   2.041291e-20   2.858019e-19   2.224505e-18   3.026042e-18   3.440261e-18   2.800631e-18   2.607301e-18   2.306634e-18   2.049519e-18   1.927483e-18   1.467499e-18   8.233858e-19   8.203787e-20   1.134898e-19   1.429069e-19   1.679320e-19   1.925607e-19   2.063927e-19   2.027605e-19   1.198003e-19   3.544475e-20   7.747241e-20   7.128696e-20
         6.4500   0.000000e+00   1.573887e-18   8.549946e-19   2.253946e-20   1.910227e-20   2.782431e-19   2.231122e-18   3.041468e-18   3.477599e-18   2.808947e-18   2.606388e-18   2.300653e-18   2.041231e-18   1.931245e-18   1.459432e-18   8.285450e-19   1.140313e-19   1.398999e-19   1.624385e-19   1.807938e-19   2.028136e-19   2.118702e-19   2.046539e-19   1.187901e-19   3.402943e-20   7.370359e-20   6.771717e-20
         6.5000   0.000000e+00   1.527447e-18   8.356639e-19   2.122720e-20   1.788935e-20   2.719852e-19   2.230574e-18   3.047073e-18   3.502163e-18   2.808509e-18   2.597239e-18   2.288266e-18   2.027125e-18   1.928525e-18   1.447755e-18   8.337080e-19   1.530244e-19   1.719956e-19   1.863697e-19   1.967068e-19   2.139782e-19   2.182631e-19   2.068648e-19   1.181032e-19   3.271335e-20   7.005215e-20   6.436533e-20
         6.5500   0.000000e+00   1.481211e-18   8.161275e-19   1.999803e-20   1.676564e-20   2.668625e-19   2.223196e-18   3.043767e-18   3.514885e-18   2.800215e-18   2.580700e-18   2.270218e-18   2.007859e-18   1.919826e-18   1.432867e-18   8.389393e-19   1.987056e-19   2.096581e-19   2.148078e-19   2.158365e-19   2.275657e-19   2.259008e-19   2.096996e-19   1.178955e-19   3.149121e-20   6.665414e-20   6.122053e-20
         6.6000   0.000000e+00   1.435306e-18   7.964385e-19   1.884594e-20   1.572338e-20   2.625773e-19   2.209429e-18   3.032388e-18   3.516626e-18   2.784843e-18   2.558045e-18   2.247178e-18   1.984301e-18   1.905751e-18   1.415137e-18   8.441182e-19   2.503418e-19   2.524389e-19   2.475469e-19   2.381195e-19   2.436966e-19   2.350473e-19   2.133942e-19   1.182922e-19   3.035795e-20   6.355351e-20   5.827296e-20
         6.6500   0.000000e+00   1.389842e-18   7.766454e-19   1.776542e-20   1.475558e-20   2.584784e-19   2.189782e-18   3.013711e-18   3.508155e-18   2.763081e-18   2.530376e-18   2.219735e-18   1.957211e-18   1.886895e-18   1.394909e-18   8.490838e-19   3.068434e-19   2.995748e-19   2.840816e-19   2.632779e-19   2.622933e-19   2.458475e-19   2.180909e-19   1.193737e-19   2.930895e-20   6.064794e-20   5.551324e-20
         6.7000   0.000000e+00   1.344918e-18   7.567933e-19   1.675140e-20   1.385591e-20   2.529603e-19   2.164805e-18   2.988464e-18   3.490035e-18   2.735544e-18   2.498492e-18   2.188412e-18   1.927186e-18   1.863826e-18   1.372488e-18   8.536580e-19   3.668592e-19   3.500490e-19   3.236572e-19   2.908493e-19   2.831015e-19   2.582327e-19   2.238300e-19   1.211693e-19   2.833989e-20   5.793010e-20   5.293222e-20
         6.7500   0.000000e+00   1.300620e-18   7.369243e-19   1.579922e-20   1.301868e-20   2.451819e-19   2.135178e-18   2.957320e-18   3.462854e-18   2.702812e-18   2.462775e-18   2.153722e-18   1.894654e-18   1.837083e-18   1.348148e-18   8.577867e-19   4.288889e-19   4.026683e-19   3.653439e-19   3.202392e-19   3.057116e-19   2.719788e-19   2.305570e-19   1.236578e-19   2.744656e-20   5.539246e-20   5.052091e-20
         6.8000   0.000000e+00   1.257023e-18   7.170786e-19   1.490464e-20   1.223874e-20   2.351021e-19   2.101931e-18   2.920909e-18   3.427303e-18   2.665467e-18   2.422897e-18   2.116256e-18   1.859819e-18   1.807156e-18   1.322147e-18   8.610749e-19   4.914056e-19   4.561558e-19   4.081204e-19   3.507591e-19   3.295943e-19   2.869139e-19   2.381407e-19   1.267744e-19   2.662517e-20   5.298613e-20   4.827080e-20
         6.8500   0.000000e+00   1.214190e-18   6.972939e-19   1.406373e-20   1.151147e-20   2.230889e-19   2.065954e-18   2.879845e-18   3.384152e-18   2.624043e-18   2.378824e-18   2.076506e-18   1.822868e-18   1.774496e-18   1.294722e-18   8.633300e-19   5.530323e-19   5.092740e-19   4.509561e-19   3.816656e-19   3.541516e-19   3.028863e-19   2.463888e-19   1.304218e-19   2.587366e-20   5.078402e-20   4.617390e-20
         6.9000   0.000000e+00   1.172177e-18   6.776062e-19   1.327291e-20   1.083268e-20   2.096773e-19   2.027925e-18   2.834832e-18   3.334214e-18   2.579023e-18   2.330920e-18   2.034850e-18   1.784005e-18   1.739520e-18   1.266095e-18   8.643967e-19   6.125880e-19   5.609340e-19   4.928986e-19   4.122314e-19   3.787662e-19   3.197133e-19   2.550661e-19   1.344839e-19   2.519318e-20   4.873640e-20   4.422265e-20
         6.9500   0.000000e+00   1.131030e-18   6.580493e-19   1.252887e-20   1.019861e-20   1.954267e-19   1.988359e-18   2.786509e-18   3.278480e-18   2.530855e-18   2.280333e-18   1.991591e-18   1.743517e-18   1.702636e-18   1.236469e-18   8.641610e-19   6.690891e-19   6.102303e-19   5.332194e-19   4.418180e-19   4.028460e-19   3.371782e-19   2.639193e-19   1.388424e-19   2.458900e-20   4.683832e-20   4.241015e-20
         7.0000   0.000000e+00   1.090786e-18   6.386552e-19   1.182859e-20   9.605863e-21   1.808446e-19   1.947646e-18   2.735412e-18   3.218732e-18   2.479961e-18   2.229756e-18   1.947001e-18   1.701900e-18   1.664207e-18   1.206031e-18   8.628916e-19   7.217646e-19   6.564629e-19   5.713612e-19   4.698992e-19   4.258857e-19   3.548390e-19   2.727009e-19   1.433943e-19   2.407255e-20   4.508784e-20   4.072971e-20
         7.0500   0.000000e+00   1.051476e-18   6.194537e-19   1.116927e-20   9.051354e-21   1.663529e-19   1.906084e-18   2.681992e-18   3.156385e-18   2.426807e-18   2.180729e-18   1.901323e-18   1.659576e-18   1.624553e-18   1.174952e-18   8.603674e-19   7.700544e-19   6.991273e-19   6.068877e-19   4.960735e-19   4.475448e-19   3.720418e-19   2.811919e-19   1.480698e-19   2.366550e-20   4.348804e-20   3.917525e-20
         7.1000   0.000000e+00   1.013126e-18   6.004724e-19   1.054833e-20   8.532295e-21   1.522776e-19   1.863902e-18   2.626642e-18   3.092220e-18   2.372030e-18   2.133585e-18   1.854773e-18   1.616856e-18   1.583958e-18   1.143402e-18   8.564840e-19   8.135942e-19   7.378795e-19   6.394760e-19   5.200678e-19   4.675833e-19   3.881558e-19   2.892411e-19   1.528433e-19   2.340505e-20   4.204922e-20   3.774142e-20
         7.1500   0.000000e+00   9.757530e-19   5.817369e-19   9.963385e-21   8.046155e-21   1.388540e-19   1.821280e-18   2.569702e-18   3.026644e-18   2.316115e-18   2.086910e-18   1.807587e-18   1.573982e-18   1.542680e-18   1.111576e-18   8.512648e-19   8.521936e-19   7.724811e-19   6.689077e-19   5.417092e-19   4.858379e-19   4.026812e-19   2.967721e-19   1.577332e-19   2.334388e-20   4.078875e-20   3.642333e-20
         7.2000   0.000000e+00   9.393706e-19   5.632707e-19   9.412233e-21   7.590631e-21   1.262381e-19   1.778360e-18   2.511476e-18   2.959859e-18   2.259393e-18   2.036255e-18   1.760063e-18   1.531155e-18   1.500947e-18   1.079645e-18   8.447604e-19   8.858119e-19   8.028024e-19   6.950574e-19   5.608784e-19   5.022109e-19   4.153160e-19   3.037531e-19   1.627821e-19   2.354557e-20   3.973006e-20   3.521657e-20
         7.2500   0.000000e+00   9.039871e-19   5.450948e-19   8.892829e-21   7.163625e-21   1.145204e-19   1.735262e-18   2.452235e-18   2.891903e-18   2.202103e-18   1.979479e-18   1.712427e-18   1.488502e-18   1.458972e-18   1.047748e-18   8.370342e-19   9.145474e-19   8.288270e-19   7.178806e-19   5.775217e-19   5.166588e-19   4.261054e-19   3.101832e-19   1.680243e-19   2.407490e-20   3.890019e-20   3.411721e-20
         7.3000   0.000000e+00   8.696066e-19   5.272284e-19   8.403300e-21   6.763221e-21   1.037404e-19   1.692084e-18   2.392222e-18   2.822436e-18   2.144432e-18   1.916679e-18   1.664835e-18   1.446097e-18   1.416940e-18   1.015996e-18   8.281615e-19   9.385871e-19   8.506496e-19   7.373929e-19   5.916569e-19   5.291821e-19   4.353324e-19   3.160825e-19   1.734810e-19   2.499290e-20   3.832629e-20   3.312184e-20
         7.3500   0.000000e+00   8.362297e-19   5.096884e-19   7.941930e-21   6.387667e-21   9.389890e-20   1.648915e-18   2.331659e-18   2.751304e-18   2.086537e-18   1.850390e-18   1.617398e-18   1.403977e-18   1.375012e-18   9.844849e-19   8.182285e-19   9.581697e-19   8.684501e-19   7.536266e-19   6.033678e-19   5.398130e-19   4.432447e-19   3.214752e-19   1.791443e-19   2.635283e-20   3.803111e-20   3.222763e-20
         7.4000   0.000000e+00   8.038531e-19   4.924896e-19   7.507010e-21   6.035358e-21   8.496932e-20   1.605832e-18   2.270750e-18   2.678649e-18   2.028563e-18   1.787045e-18   1.570211e-18   1.362137e-18   1.333326e-18   9.533014e-19   8.077035e-19   9.735653e-19   8.824549e-19   7.666649e-19   6.127786e-19   5.485827e-19   4.500442e-19   3.263750e-19   1.849589e-19   2.819614e-20   3.802854e-20   3.143186e-20
         7.4500   0.000000e+00   7.724709e-19   4.756448e-19   7.097012e-21   5.704818e-21   7.690648e-20   1.562906e-18   2.209678e-18   2.604776e-18   1.970648e-18   1.730169e-18   1.523369e-18   1.320599e-18   1.292000e-18   9.225496e-19   7.963444e-19   9.850606e-19   8.929160e-19   7.766450e-19   6.200307e-19   5.554960e-19   4.558709e-19   3.307874e-19   1.908565e-19   3.054496e-20   3.832179e-20   3.073223e-20
         7.5000   0.000000e+00   7.420746e-19   4.591649e-19   6.710511e-21   5.394691e-21   6.965364e-20   1.520204e-18   2.148614e-18   2.530061e-18   1.912921e-18   1.680427e-18   1.476966e-18   1.279415e-18   1.251130e-18   8.923071e-19   7.841993e-19   9.929480e-19   9.001216e-19   7.837436e-19   6.252686e-19   5.605901e-19   4.608115e-19   3.347338e-19   1.968311e-19   3.339824e-20   3.890169e-20   3.012681e-20
         7.5500   0.000000e+00   7.126532e-19   4.430591e-19   6.346175e-21   5.103770e-21   6.314790e-20   1.477788e-18   2.087712e-18   2.454895e-18   1.855509e-18   1.637029e-18   1.431088e-18   1.238650e-18   1.210799e-18   8.626242e-19   7.713370e-19   9.975222e-19   9.044027e-19   7.881576e-19   6.286514e-19   5.639228e-19   4.648781e-19   3.381864e-19   2.027128e-19   3.673135e-20   3.974676e-20   2.961340e-20
         7.6000   0.000000e+00   6.841937e-19   4.273346e-19   6.002759e-21   4.831032e-21   5.732408e-20   1.435717e-18   2.027115e-18   2.379652e-18   1.798534e-18   1.598585e-18   1.385817e-18   1.198376e-18   1.171077e-18   8.335335e-19   7.578248e-19   9.990659e-19   9.060726e-19   7.901249e-19   6.303750e-19   5.655752e-19   4.680582e-19   3.411187e-19   2.083985e-19   4.049860e-20   4.082622e-20   2.918962e-20
         7.6500   0.000000e+00   6.566817e-19   4.119972e-19   5.679099e-21   4.575240e-21   5.211760e-20   1.394046e-18   1.966951e-18   2.304746e-18   1.742109e-18   1.562647e-18   1.341233e-18   1.158678e-18   1.132021e-18   8.050571e-19   7.437288e-19   9.978451e-19   9.054264e-19   7.900234e-19   6.306132e-19   5.656427e-19   4.703201e-19   3.434950e-19   2.137866e-19   4.463678e-20   4.210460e-20   2.885393e-20
         7.7000   0.000000e+00   6.301009e-19   3.970509e-19   5.374105e-21   4.335412e-21   4.746650e-20   1.352826e-18   1.907337e-18   2.230886e-18   1.686341e-18   1.524389e-18   1.297428e-18   1.119681e-18   1.093678e-18   7.772061e-19   7.291165e-19   9.941093e-19   9.027235e-19   7.881830e-19   6.295251e-19   5.642619e-19   4.716833e-19   3.453538e-19   2.190145e-19   4.907251e-20   4.354297e-20   2.860530e-20
         7.7500   0.000000e+00   6.044340e-19   3.824987e-19   5.086754e-21   4.110638e-21   4.331232e-20   1.312106e-18   1.848380e-18   2.158532e-18   1.631327e-18   1.481403e-18   1.254459e-18   1.081469e-18   1.056090e-18   7.499724e-19   7.140582e-19   9.880920e-19   8.981847e-19   7.848266e-19   6.272248e-19   5.615802e-19   4.720991e-19   3.466011e-19   2.238147e-19   5.372958e-20   4.509853e-20   2.844124e-20
         7.8000   0.000000e+00   5.796626e-19   3.683418e-19   4.816088e-21   3.900076e-21   3.960077e-20   1.271931e-18   1.790175e-18   2.087846e-18   1.577157e-18   1.433486e-18   1.212359e-18   1.044086e-18   1.019289e-18   7.233530e-19   6.986389e-19   9.800241e-19   8.919999e-19   7.801158e-19   6.238151e-19   5.577426e-19   4.715609e-19   3.472308e-19   2.281010e-19   5.853404e-20   4.672959e-20   2.835741e-20
         7.8500   0.000000e+00   5.557673e-19   3.545806e-19   4.561210e-21   3.702944e-21   3.628244e-20   1.232343e-18   1.732806e-18   2.018835e-18   1.523909e-18   1.381505e-18   1.171145e-18   1.007558e-18   9.833041e-19   6.973530e-19   6.829392e-19   9.702008e-19   8.843345e-19   7.741719e-19   6.193841e-19   5.528733e-19   4.700712e-19   3.472528e-19   2.318197e-19   6.341300e-20   4.840047e-20   2.834995e-20
         7.9000   0.000000e+00   5.327283e-19   3.412141e-19   4.321275e-21   3.518519e-21   3.331267e-20   1.193381e-18   1.676350e-18   1.951445e-18   1.471652e-18   1.326730e-18   1.130831e-18   9.718975e-19   9.481582e-19   6.719815e-19   6.670259e-19   9.588895e-19   8.753345e-19   7.670926e-19   6.140098e-19   5.470809e-19   4.676433e-19   3.466697e-19   2.349270e-19   6.829140e-20   5.008132e-20   2.841545e-20
         7.9500   0.000000e+00   5.105248e-19   3.282404e-19   4.095493e-21   3.346131e-21   3.065140e-20   1.155083e-18   1.620873e-18   1.885516e-18   1.420447e-18   1.270469e-18   1.091427e-18   9.371125e-19   9.138704e-19   6.472492e-19   6.509586e-19   9.462946e-19   8.651311e-19   7.589685e-19   6.077788e-19   5.404821e-19   4.643540e-19   3.455579e-19   2.375947e-19   7.309916e-20   5.174583e-20   2.854992e-20
         8.0000   0.000000e+00   4.891359e-19   3.156569e-19   3.883122e-21   3.185155e-21   2.826296e-20   1.117480e-18   1.566432e-18   1.820515e-18   1.370345e-18   1.213892e-18   1.052941e-18   9.032083e-19   8.804559e-19   6.231662e-19   6.347906e-19   9.325778e-19   8.538439e-19   7.498744e-19   6.007535e-19   5.331648e-19   4.602358e-19   3.439103e-19   2.397987e-19   7.777592e-20   5.336680e-20   2.874648e-20
         8.0500   0.000000e+00   4.685403e-19   3.034598e-19   3.683465e-21   3.035014e-21   2.611574e-20   1.080599e-18   1.513077e-18   1.756170e-18   1.321387e-18   1.157951e-18   1.015383e-18   8.701887e-19   8.479263e-19   5.997415e-19   6.185703e-19   9.178732e-19   8.415835e-19   7.398836e-19   5.929928e-19   5.252117e-19   4.553051e-19   3.416892e-19   2.413518e-19   8.227294e-20   5.491805e-20   2.899457e-20
         8.1000   0.000000e+00   4.487165e-19   2.916448e-19   3.495868e-21   2.895174e-21   2.418185e-20   1.044475e-18   1.460851e-18   1.692517e-18   1.273609e-18   1.103372e-18   9.787606e-19   8.380563e-19   8.162899e-19   5.769871e-19   6.023980e-19   9.022971e-19   8.284534e-19   7.290713e-19   5.845614e-19   5.167039e-19   4.496229e-19   3.389241e-19   2.422691e-19   8.655325e-20   5.638326e-20   2.928438e-20
         8.1500   0.000000e+00   4.296428e-19   2.802069e-19   3.319719e-21   2.765139e-21   2.243677e-20   1.009123e-18   1.409788e-18   1.629734e-18   1.227035e-18   1.050668e-18   9.430813e-19   8.068131e-19   7.855520e-19   5.549258e-19   5.863203e-19   8.859539e-19   8.145509e-19   7.175128e-19   5.755235e-19   5.077126e-19   4.432569e-19   3.356529e-19   2.425739e-19   9.058684e-20   5.775455e-20   2.961013e-20
         8.2000   0.000000e+00   4.112977e-19   2.691405e-19   3.154441e-21   2.644449e-21   2.085898e-20   9.745536e-19   1.359917e-18   1.568044e-18   1.181688e-18   1.000174e-18   9.083510e-19   7.764595e-19   7.557150e-19   5.335702e-19   5.703244e-19   8.689429e-19   7.999681e-19   7.052835e-19   5.659425e-19   4.983028e-19   4.362793e-19   3.319153e-19   2.422983e-19   9.434461e-20   5.902666e-20   2.996732e-20
         8.2500   0.000000e+00   3.936593e-19   2.584396e-19   2.999496e-21   2.532681e-21   1.942965e-20   9.407762e-19   1.311260e-18   1.507660e-18   1.137580e-18   9.520813e-19   8.745739e-19   7.469948e-19   7.267786e-19   5.129219e-19   5.544474e-19   8.513708e-19   7.847930e-19   6.924590e-19   5.558813e-19   4.885346e-19   4.287638e-19   3.277522e-19   2.414775e-19   9.780836e-20   6.019445e-20   3.035056e-20
         8.3000   0.000000e+00   3.767064e-19   2.480976e-19   2.854379e-21   2.429443e-21   1.813233e-20   9.078030e-19   1.263835e-18   1.448763e-18   1.094719e-18   9.064690e-19   8.417549e-19   7.184167e-19   6.987399e-19   4.929762e-19   5.387183e-19   8.333374e-19   7.691097e-19   6.791142e-19   5.454021e-19   4.784654e-19   4.207849e-19   3.232059e-19   2.401525e-19   1.009712e-19   6.125817e-20   3.075628e-20
         8.3500   0.000000e+00   3.604176e-19   2.381076e-19   2.718618e-21   2.334375e-21   1.695264e-20   8.756435e-19   1.217653e-18   1.391493e-18   1.053107e-18   8.633332e-19   8.098924e-19   6.907239e-19   6.715939e-19   4.737244e-19   5.231613e-19   8.149314e-19   7.529986e-19   6.653320e-19   5.345847e-19   4.681728e-19   4.124760e-19   3.184030e-19   2.385885e-19   1.038346e-19   6.222387e-20   3.118446e-20
         8.4000   0.000000e+00   3.447717e-19   2.284625e-19   2.591771e-21   2.247146e-21   1.587804e-20   8.443041e-19   1.172722e-18   1.335950e-18   1.012742e-18   8.226142e-19   7.789836e-19   6.639100e-19   6.453380e-19   4.551557e-19   5.077981e-19   7.962333e-19   7.365363e-19   6.511798e-19   5.234731e-19   4.576916e-19   4.038679e-19   3.133296e-19   2.366945e-19   1.064068e-19   6.309739e-20   3.163747e-20
         8.4500   0.000000e+00   3.297479e-19   2.191548e-19   2.473425e-21   2.167453e-21   1.489758e-20   8.137891e-19   1.129045e-18   1.282195e-18   9.736184e-19   7.842141e-19   7.490241e-19   6.379654e-19   6.199594e-19   4.372608e-19   4.926489e-19   7.773169e-19   7.197951e-19   6.367280e-19   5.121212e-19   4.470653e-19   3.950078e-19   3.080022e-19   2.344148e-19   1.087021e-19   6.388483e-20   3.211726e-20
         8.5000   0.000000e+00   3.153258e-19   2.101767e-19   2.363196e-21   2.095021e-21   1.400170e-20   7.841003e-19   1.086620e-18   1.230262e-18   9.357271e-19   7.480121e-19   7.200077e-19   6.128813e-19   5.954462e-19   4.200175e-19   4.777380e-19   7.582537e-19   7.028436e-19   6.220446e-19   5.005836e-19   4.363422e-19   3.859615e-19   3.024738e-19   2.318019e-19   1.107403e-19   6.459943e-20   3.262918e-20
         8.5500   0.000000e+00   3.014851e-19   2.015205e-19   2.260724e-21   2.029598e-21   1.318206e-20   7.552369e-19   1.045443e-18   1.180155e-18   8.990558e-19   7.138753e-19   6.919261e-19   5.886471e-19   5.717861e-19   4.034101e-19   4.630775e-19   7.391222e-19   6.857463e-19   6.071943e-19   4.889118e-19   4.255675e-19   3.767897e-19   2.967964e-19   2.289098e-19   1.125467e-19   6.525875e-20   3.318299e-20
         8.6000   0.000000e+00   2.882059e-19   1.931781e-19   2.165676e-21   1.970960e-21   1.243137e-20   7.271968e-19   1.005507e-18   1.131864e-18   8.635894e-19   6.816671e-19   6.647694e-19   5.652508e-19   5.489656e-19   3.874236e-19   4.486804e-19   7.199765e-19   6.685634e-19   5.922378e-19   4.771546e-19   4.147842e-19   3.675472e-19   2.910132e-19   2.257882e-19   1.141534e-19   6.587878e-20   3.378945e-20
         8.6500   0.000000e+00   2.754690e-19   1.851414e-19   2.077745e-21   1.918902e-21   1.174326e-20   6.999754e-19   9.668017e-19   1.085361e-18   8.293107e-19   6.512523e-19   6.385257e-19   5.426793e-19   5.269698e-19   3.720431e-19   4.345611e-19   7.008692e-19   6.513514e-19   5.772310e-19   4.653576e-19   4.040318e-19   3.582829e-19   2.851604e-19   2.224792e-19   1.155913e-19   6.647247e-20   3.445735e-20
         8.7000   0.000000e+00   2.632552e-19   1.774024e-19   1.996643e-21   1.873247e-21   1.111215e-20   6.735667e-19   9.293135e-19   1.040610e-18   7.962004e-19   6.225013e-19   6.131819e-19   5.209183e-19   5.057833e-19   3.572541e-19   4.207328e-19   6.818464e-19   6.341627e-19   5.622254e-19   4.535640e-19   3.933496e-19   3.490415e-19   2.792709e-19   2.190226e-19   1.168896e-19   6.705300e-20   3.519553e-20
         8.7500   0.000000e+00   2.515459e-19   1.699529e-19   1.922108e-21   1.833836e-21   1.053314e-20   6.479632e-19   8.930278e-19   9.975667e-19   7.642379e-19   5.952919e-19   5.887234e-19   4.999526e-19   4.853895e-19   3.430428e-19   4.072084e-19   6.629501e-19   6.170465e-19   5.472684e-19   4.418124e-19   3.827758e-19   3.398626e-19   2.733737e-19   2.154538e-19   1.180761e-19   6.763500e-20   3.601344e-20
         8.8000   0.000000e+00   2.403231e-19   1.627846e-19   1.853896e-21   1.800535e-21   1.000194e-20   6.231559e-19   8.579276e-19   9.561836e-19   7.334009e-19   5.695108e-19   5.651348e-19   4.797662e-19   4.657716e-19   3.293951e-19   3.939994e-19   6.442192e-19   6.000471e-19   5.324037e-19   4.301392e-19   3.723427e-19   3.307811e-19   2.674961e-19   2.118033e-19   1.191781e-19   6.823251e-20   3.692076e-20
         8.8500   0.000000e+00   2.295689e-19   1.558896e-19   1.791787e-21   1.773227e-21   9.514790e-21   5.991349e-19   8.239942e-19   9.164096e-19   7.036661e-19   5.450544e-19   5.423993e-19   4.603427e-19   4.469120e-19   3.162978e-19   3.811162e-19   6.256901e-19   5.832057e-19   5.176713e-19   4.185782e-19   3.620781e-19   3.218290e-19   2.616635e-19   2.081058e-19   1.202218e-19   6.885925e-20   3.792622e-20
         8.9000   0.000000e+00   2.192661e-19   1.492595e-19   1.735578e-21   1.751818e-21   9.068369e-21   5.758888e-19   7.912076e-19   8.781927e-19   6.750093e-19   5.218280e-19   5.204999e-19   4.416648e-19   4.287930e-19   3.037375e-19   3.685682e-19   6.073971e-19   5.665601e-19   5.031082e-19   4.071607e-19   3.520064e-19   3.130356e-19   2.558993e-19   2.043954e-19   1.212328e-19   6.952884e-20   3.903892e-20
         8.9500   0.000000e+00   2.093980e-19   1.428865e-19   1.685086e-21   1.736235e-21   8.659764e-21   5.534056e-19   7.595463e-19   8.414810e-19   6.474057e-19   4.997461e-19   4.994184e-19   4.237152e-19   4.113966e-19   2.917012e-19   3.563637e-19   5.893717e-19   5.501619e-19   4.887536e-19   3.959156e-19   3.421498e-19   3.044273e-19   2.502253e-19   2.007042e-19   1.222360e-19   7.025408e-20   4.026795e-20
         9.0000   0.000000e+00   1.999482e-19   1.367626e-19   1.640149e-21   1.726422e-21   8.286404e-21   5.316723e-19   7.289881e-19   8.062225e-19   6.208299e-19   4.787318e-19   4.791366e-19   4.064762e-19   3.947048e-19   2.801762e-19   3.445096e-19   5.716435e-19   5.340260e-19   4.746474e-19   3.848847e-19   3.325284e-19   2.960283e-19   2.446624e-19   1.970619e-19   1.232551e-19   7.104675e-20   4.162106e-20
