# CIE bound-bound cooling efficiency for Si (Z=14)
# Source: CHIANTI v11.0.2 via ChiantiPy ion.boundBoundLoss
# Units: erg cm^3 / s, per ion per electron, low-density limit (n_e = 1 cm^-3)
# T grid: 121 log-spaced points, 10^3.00 K -> 10^9.00 K
# Generated by pyathena/photchem/data/build_cool_tables.py
#
# log_T_K        L_Si0          L_Si1          L_Si2          L_Si3          L_Si4          L_Si5          L_Si6          L_Si7          L_Si8          L_Si9          L_Si10         L_Si11         L_Si12         L_Si13         L_Si14       
         3.0000   7.687660e-25   3.097983e-23   2.196206e-22   5.564662e-22   1.409852e-21   2.776619e-21   5.491900e-22   1.070055e-21   1.629620e-21   2.498464e-21   1.823452e-20   8.766238e-20   9.059084e-20   2.787553e-19   0.000000e+00
         3.0500   1.031486e-24   2.925191e-23   2.074026e-22   5.254542e-22   1.331138e-21   2.621447e-21   5.184890e-22   1.010227e-21   1.538500e-21   2.414529e-21   1.721480e-20   8.276168e-20   8.552330e-20   2.633447e-19   0.000000e+00
         3.1000   9.727155e-25   2.762094e-23   1.958718e-22   4.961837e-22   1.256836e-21   2.474964e-21   4.895066e-22   9.537482e-22   1.452478e-21   2.279517e-21   1.625215e-20   7.813531e-20   8.073925e-20   2.488591e-19   0.000000e+00
         3.1500   9.171507e-25   2.608153e-23   1.849902e-22   4.685577e-22   1.186700e-21   2.336685e-21   4.621467e-22   9.004302e-22   1.371272e-21   2.152060e-21   1.534336e-20   7.376792e-20   7.622281e-20   2.349638e-19   0.000000e+00
         3.2000   8.646050e-25   2.462856e-23   1.747215e-22   4.424846e-22   1.120498e-21   2.206150e-21   4.363187e-22   8.500968e-22   1.294610e-21   2.385869e-21   1.448544e-20   7.251611e-20   8.536108e-20   2.225194e-19   0.000000e+00
         3.2500   1.907295e-24   2.325724e-23   1.650318e-22   4.178779e-22   1.058009e-21   2.082928e-21   4.119369e-22   8.025811e-22   1.222239e-21   2.252483e-21   1.367552e-20   6.846353e-20   8.058621e-20   2.101015e-19   0.000000e+00
         3.3000   1.794098e-24   2.196300e-23   1.558888e-22   3.946561e-22   9.990270e-22   1.966610e-21   3.889212e-22   7.577257e-22   1.153920e-21   2.126563e-21   1.291094e-20   6.463787e-20   7.607845e-20   1.979608e-19   0.000000e+00
         3.3500   1.686799e-24   2.074156e-23   1.472623e-22   3.727420e-22   9.433563e-22   1.856811e-21   3.671938e-22   7.153818e-22   1.089426e-21   2.007692e-21   1.218915e-20   6.102647e-20   7.182286e-20   1.868957e-19   0.000000e+00
         3.4000   1.585039e-24   1.958889e-23   1.391235e-22   3.520631e-22   8.908124e-22   1.753166e-21   3.466836e-22   6.754090e-22   1.028544e-21   3.161141e-21   1.150776e-20   5.761734e-20   6.780534e-20   1.764916e-19   0.000000e+00
         3.4500   1.488477e-24   1.953678e-23   1.314455e-22   3.325507e-22   8.412211e-22   1.655332e-21   3.273538e-22   6.376750e-22   9.710692e-22   2.984450e-21   1.086451e-20   5.439918e-20   6.401256e-20   1.667209e-19   0.000000e+00
         3.5000   3.611894e-24   1.845197e-23   1.242027e-22   3.141400e-22   7.944179e-22   1.562984e-21   3.090759e-22   6.020546e-22   9.168883e-22   2.817652e-21   1.025728e-20   5.136134e-20   8.603578e-20   1.573967e-19   0.000000e+00
         3.5500   3.391153e-24   1.742835e-23   1.173711e-22   2.967700e-22   9.005972e-22   1.475818e-21   2.925032e-22   5.684297e-22   8.656672e-22   2.660192e-21   9.684041e-21   4.849374e-20   8.122344e-20   1.485943e-19   0.000000e+00
         3.6000   3.181553e-24   1.646254e-23   1.109279e-22   2.803830e-22   8.505086e-22   1.393542e-21   2.761794e-22   5.366890e-22   8.173155e-22   2.511551e-21   9.142904e-21   4.578687e-20   7.668034e-20   1.407433e-19   0.000000e+00
         3.6500   2.982395e-24   1.555136e-23   1.048517e-22   2.649244e-22   8.032389e-22   1.717157e-21   2.607711e-22   5.067271e-22   7.732047e-22   2.371233e-21   8.632072e-21   4.323176e-20   7.239140e-20   1.327893e-19   0.000000e+00
         3.7000   2.793019e-24   1.469180e-23   9.912211e-23   2.503430e-22   7.586313e-22   1.621424e-21   2.537364e-22   4.784448e-22   7.300346e-22   4.656787e-21   8.149852e-21   4.081995e-20   6.834213e-20   1.249874e-19   0.000000e+00
         3.7500   2.612801e-24   1.388104e-23   9.372014e-23   2.365902e-22   7.165378e-22   1.531065e-21   2.395950e-22   4.517490e-22   6.892843e-22   4.396577e-21   7.694645e-21   3.854343e-20   6.451984e-20   1.179992e-19   0.000000e+00
         3.8000   2.441156e-24   1.311642e-23   8.862769e-23   2.236202e-22   6.768190e-22   1.445781e-21   2.262477e-22   4.265498e-22   6.677148e-22   4.150939e-21   7.264943e-21   3.639467e-20   6.091143e-20   1.115585e-19   0.000000e+00
         3.8500   2.277532e-24   1.239544e-23   8.382771e-23   2.113899e-22   6.393431e-22   1.365288e-21   2.136503e-22   4.027983e-22   6.304680e-22   3.919059e-21   6.859320e-21   3.436653e-20   8.398551e-20   1.050939e-19   0.000000e+00
         3.9000   4.283197e-24   1.171578e-23   7.930408e-23   1.998584e-22   6.039857e-22   1.289321e-21   2.467948e-22   3.803460e-22   5.953108e-22   3.700169e-21   6.476433e-21   3.245229e-20   7.929007e-20   9.932976e-20   0.000000e+00
         3.9500   4.003555e-24   1.107523e-23   7.504159e-23   1.889873e-22   5.706296e-22   1.217626e-21   2.330971e-22   3.591542e-22   6.693846e-22   3.493544e-21   6.115013e-21   3.149409e-20   7.485746e-20   9.377802e-20   0.000000e+00
         4.0000   3.737214e-24   1.047175e-23   7.102586e-23   1.787400e-22   5.391640e-22   1.149967e-21   2.201718e-22   3.398490e-22   6.321053e-22   3.298497e-21   5.773861e-21   2.974154e-20   7.065260e-20   8.853730e-20   0.000000e+00
         4.0500   3.483372e-24   9.903439e-24   6.724328e-23   1.690824e-22   5.094846e-22   1.086119e-21   2.079759e-22   3.209336e-22   5.969208e-22   3.114383e-21   5.451846e-21   2.808755e-20   6.671298e-20   8.348170e-20   0.000000e+00
         4.1000   3.241302e-24   9.368524e-24   6.368099e-23   1.599819e-22   4.814926e-22   1.025870e-21   3.573907e-22   3.030819e-22   5.637145e-22   5.301830e-21   5.147901e-21   2.652665e-20   6.298068e-20   7.875607e-20   0.000000e+00
         4.1500   3.010348e-24   8.865377e-24   6.032683e-23   1.514078e-22   4.550953e-22   9.690204e-22   3.376802e-22   2.939145e-22   9.156883e-22   5.005786e-21   4.861018e-21   2.505365e-20   5.948415e-20   7.435711e-20   0.000000e+00
         4.2000   2.789938e-24   8.392505e-24   5.716927e-23   1.433312e-22   4.302047e-22   9.153815e-22   3.190880e-22   2.775967e-22   8.648174e-22   4.726333e-21   4.590247e-21   2.366368e-20   5.615896e-20   7.030336e-20   0.000000e+00
         4.2500   2.579587e-24   7.948550e-24   5.419739e-23   1.357246e-22   4.067381e-22   8.647752e-22   3.015523e-22   2.621988e-22   8.168120e-22   4.462545e-21   4.334690e-21   2.235212e-20   5.299405e-20   6.637827e-20   0.000000e+00
         4.3000   2.378907e-24   7.532293e-24   5.140083e-23   1.285621e-22   3.846173e-22   8.170336e-22   2.850148e-22   2.964010e-22   7.715125e-22   4.213547e-21   4.093498e-21   2.111462e-20   5.002818e-20   6.273236e-20   0.000000e+00
         4.3500   2.187614e-24   7.142656e-24   4.876979e-23   1.218191e-22   3.637686e-22   7.719982e-22   5.949344e-22   2.800308e-22   7.287688e-22   3.978513e-21   3.865874e-21   1.994707e-20   4.728023e-20   5.931182e-20   0.000000e+00
         4.4000   2.005535e-24   6.778703e-24   4.629491e-23   1.154723e-22   3.441224e-22   7.295192e-22   5.623057e-22   2.645876e-22   6.884387e-22   3.756664e-21   3.651061e-21   1.884559e-20   4.468096e-20   5.589204e-20   0.000000e+00
         4.4500   1.832626e-24   6.439643e-24   4.396733e-23   1.094998e-22   3.256129e-22   6.894556e-22   5.315377e-22   2.500202e-22   1.382836e-21   3.547265e-21   3.448347e-21   1.780654e-20   4.220409e-20   5.279503e-20   0.000000e+00
         4.5000   1.668971e-24   6.124836e-24   4.177862e-23   1.038805e-22   3.081782e-22   6.516739e-22   5.025281e-22   2.362800e-22   1.306262e-21   3.349620e-21   3.257061e-21   1.682645e-20   3.966983e-20   4.987686e-20   0.000000e+00
         4.5500   1.514795e-24   5.833787e-24   3.972072e-23   9.859457e-23   2.917596e-22   6.160484e-22   4.751798e-22   3.879272e-22   1.234013e-21   3.163074e-21   3.076566e-21   1.590207e-20   3.756839e-20   4.709741e-20   0.000000e+00
         4.6000   1.370464e-24   5.566160e-24   3.778598e-23   9.362319e-23   2.763017e-22   5.824603e-22   4.494016e-22   3.667360e-22   1.165850e-21   2.987008e-21   2.906266e-21   1.503032e-20   4.338919e-20   4.440646e-20   0.000000e+00
         4.6500   1.873775e-24   5.321775e-24   3.596710e-23   8.894838e-23   2.617523e-22   5.507974e-22   4.251072e-22   3.467558e-22   1.101545e-21   2.820838e-21   2.745594e-21   1.420830e-20   4.105305e-20   4.193398e-20   0.000000e+00
         4.7000   1.712145e-24   5.100595e-24   3.425711e-23   8.455305e-23   2.480619e-22   5.209538e-22   4.022149e-22   3.279197e-22   1.040885e-21   2.664012e-21   2.594017e-21   1.343327e-20   3.880601e-20   3.960038e-20   0.000000e+00
         4.7500   1.564310e-24   4.902718e-24   3.264936e-23   8.042093e-23   2.351835e-22   4.928296e-22   6.985554e-22   3.101643e-22   9.836670e-22   2.516009e-21   2.451031e-21   1.270264e-20   3.657471e-20   3.736391e-20   0.000000e+00
         4.8000   1.431072e-24   4.728381e-24   3.113748e-23   7.653650e-23   2.230729e-22   4.663303e-22   6.607381e-22   6.263182e-22   9.297000e-22   3.115471e-21   2.316162e-21   1.201397e-20   3.456880e-20   3.526767e-20   0.000000e+00
         4.8500   1.313347e-24   4.577944e-24   2.971542e-23   7.288498e-23   2.116879e-22   4.413664e-22   6.250989e-22   5.923837e-22   1.594090e-21   2.942346e-21   2.188961e-21   1.136495e-20   3.267578e-20   3.330857e-20   0.000000e+00
         4.9000   1.212137e-24   4.451852e-24   2.837736e-23   6.945226e-23   2.009887e-22   4.178536e-22   5.915178e-22   5.603990e-22   1.506374e-21   2.778962e-21   2.069004e-21   1.075341e-20   3.073804e-20   3.145967e-20   0.000000e+00
         4.9500   1.128499e-24   4.350597e-24   2.711781e-23   6.622489e-23   1.909373e-22   3.957120e-22   5.598810e-22   5.302557e-22   1.423635e-21   2.624776e-21   1.955893e-21   1.017728e-20   2.911035e-20   2.971496e-20   0.000000e+00
         5.0000   1.063506e-24   4.274697e-24   2.593153e-23   6.319003e-23   1.814977e-22   3.748659e-22   5.300810e-22   5.018513e-22   1.345597e-21   2.479275e-21   1.849251e-21   9.634626e-21   2.758930e-20   2.806881e-20   0.000000e+00
         5.0500   1.018195e-24   4.224685e-24   2.481353e-23   6.033546e-23   1.726355e-22   3.552437e-22   5.020160e-22   4.750886e-22   1.271996e-21   2.341974e-21   1.748720e-21   9.123599e-21   2.616087e-20   2.651573e-20   0.000000e+00
         5.1000   9.935165e-25   4.201062e-24   2.375907e-23   5.764958e-23   1.643181e-22   3.367772e-22   4.755894e-22   4.498754e-22   1.202586e-21   2.212414e-21   1.653966e-21   8.642461e-21   2.471035e-20   2.505040e-20   0.000000e+00
         5.1500   9.902774e-25   4.204201e-24   2.276375e-23   5.512129e-23   1.565142e-22   3.194020e-22   4.507096e-22   4.261242e-22   1.137132e-21   2.090162e-21   1.564671e-21   8.189564e-21   2.327537e-20   2.366782e-20   0.000000e+00
         5.2000   1.009084e-24   4.234249e-24   2.182344e-23   5.274004e-23   1.491938e-22   3.030567e-22   4.272896e-22   7.288848e-22   1.075413e-21   1.974811e-21   1.480535e-21   7.763350e-21   2.204870e-20   2.236336e-20   0.000000e+00
         5.2500   1.050286e-24   4.291107e-24   2.093412e-23   5.049596e-23   1.423281e-22   2.876829e-22   4.052468e-22   6.900781e-22   1.017219e-21   1.865972e-21   1.401274e-21   7.362338e-21   2.087172e-20   2.113269e-20   0.000000e+00
         5.3000   1.113928e-24   4.374440e-24   2.009199e-23   4.837979e-23   1.358894e-22   2.732248e-22   3.845022e-22   6.535106e-22   9.623509e-22   1.763280e-21   1.326622e-21   6.985130e-21   1.974998e-20   1.997171e-20   0.000000e+00
         5.3500   1.199701e-24   4.483622e-24   1.929359e-23   4.638268e-23   1.298513e-22   2.596293e-22   3.649808e-22   6.190544e-22   9.106203e-22   1.666389e-21   1.256325e-21   6.630395e-21   1.866862e-20   1.887660e-20   0.000000e+00
         5.4000   1.306901e-24   4.617608e-24   1.853596e-23   4.449614e-23   1.241887e-22   2.468454e-22   3.466108e-22   5.865875e-22   8.618482e-22   1.574971e-21   1.190144e-21   6.296873e-21   1.766257e-20   1.784390e-20   0.000000e+00
         5.4500   1.434407e-24   4.774879e-24   1.781646e-23   4.271225e-23   1.188769e-22   2.348244e-22   3.293234e-22   5.559939e-22   8.158643e-22   1.488716e-21   1.127852e-21   5.983362e-21   1.672603e-20   1.687023e-20   0.000000e+00
         5.5000   1.580663e-24   4.953452e-24   1.713242e-23   4.102413e-23   1.138920e-22   2.235194e-22   4.070478e-22   5.271630e-22   7.725071e-22   1.407330e-21   1.069235e-21   5.688721e-21   1.578943e-20   1.595230e-20   0.000000e+00
         5.5500   1.743686e-24   5.150887e-24   1.648125e-23   3.942573e-23   1.092106e-22   2.128857e-22   3.865612e-22   4.999890e-22   9.554897e-22   1.330535e-21   1.014091e-21   5.411866e-21   1.494645e-20   1.508702e-20   0.000000e+00
         5.6000   1.921081e-24   5.364280e-24   1.586072e-23   3.791128e-23   1.048105e-22   2.028796e-22   3.672618e-22   4.743711e-22   9.044958e-22   1.258067e-21   9.622258e-22   5.151766e-21   1.411045e-20   1.427148e-20   0.000000e+00
         5.6500   2.110083e-24   5.590288e-24   1.526929e-23   3.647493e-23   1.006704e-22   1.934596e-22   3.490750e-22   4.502126e-22   8.563887e-22   1.189675e-21   9.134582e-22   4.907437e-21   1.338860e-20   1.350290e-20   0.000000e+00
         5.7000   2.307598e-24   5.825209e-24   1.470566e-23   3.511140e-23   9.676831e-23   1.845860e-22   3.319290e-22   4.274216e-22   8.109962e-22   1.125120e-21   8.676146e-22   4.677939e-21   1.268787e-20   1.277857e-20   0.000000e+00
         5.7500   2.510272e-24   6.065004e-24   1.416848e-23   3.381676e-23   9.308230e-23   1.762204e-22   3.157555e-22   4.059093e-22   7.681546e-22   1.064178e-21   8.245298e-22   4.462379e-21   1.206430e-20   1.209583e-20   0.000000e+00
         5.8000   2.714557e-24   6.305334e-24   1.365651e-23   3.258802e-23   8.959410e-23   1.683239e-22   3.004896e-22   3.855909e-22   7.277074e-22   1.006633e-21   7.840462e-22   4.259898e-21   1.145305e-20   1.145227e-20   0.000000e+00
         5.8500   2.916803e-24   6.541643e-24   1.316874e-23   3.142241e-23   8.628850e-23   1.608594e-22   2.860678e-22   3.663862e-22   6.895052e-22   9.522824e-22   7.460162e-22   4.069673e-21   1.086579e-20   1.084564e-20   0.000000e+00
         5.9000   3.113343e-24   6.769288e-24   1.270443e-23   3.031727e-23   8.314669e-23   1.537959e-22   2.724274e-22   4.499322e-22   6.534073e-22   9.009305e-22   7.102990e-22   3.890913e-21   1.030442e-20   1.027381e-20   0.000000e+00
         5.9500   3.300587e-24   6.983694e-24   1.226299e-23   2.927047e-23   8.014560e-23   1.471050e-22   2.595114e-22   4.271716e-22   6.192805e-22   8.523950e-22   6.767543e-22   3.722868e-21   9.792564e-21   9.734835e-21   0.000000e+00
         6.0000   3.475120e-24   7.180474e-24   1.184406e-23   2.828047e-23   7.726433e-23   1.407519e-22   2.472707e-22   4.056165e-22   5.869936e-22   8.065036e-22   6.452521e-22   3.564814e-21   9.306658e-21   9.226916e-21   0.000000e+00
         6.0500   3.633792e-24   7.355499e-24   1.144759e-23   2.734633e-23   7.449417e-23   1.346972e-22   2.356558e-22   3.851866e-22   5.564205e-22   7.630865e-22   6.156781e-22   3.416072e-21   8.846348e-21   8.748422e-21   0.000000e+00
         6.1000   3.773797e-24   7.504990e-24   1.107347e-23   2.646763e-23   7.183266e-23   1.289091e-22   2.246093e-22   3.658124e-22   5.274500e-22   7.219812e-22   5.879196e-22   3.275995e-21   8.413308e-21   8.297800e-21   0.000000e+00
         6.1500   3.892750e-24   7.625608e-24   1.072140e-23   2.564492e-23   6.927227e-23   1.233729e-22   2.140740e-22   3.474158e-22   4.999861e-22   6.830445e-22   5.618287e-22   3.143937e-21   8.009721e-21   7.873521e-21   0.000000e+00
         6.2000   3.988746e-24   7.714557e-24   1.039095e-23   2.487905e-23   6.678968e-23   1.180803e-22   2.040099e-22   3.299096e-22   4.739246e-22   6.461534e-22   5.372809e-22   3.019245e-21   7.613163e-21   7.474071e-21   0.000000e+00
         6.2500   4.060404e-24   7.769666e-24   1.008181e-23   2.417080e-23   6.435977e-23   1.130098e-22   1.943947e-22   3.132140e-22   4.491481e-22   6.111742e-22   5.142233e-22   2.901339e-21   7.252416e-21   7.097997e-21   0.000000e+00
         6.3000   4.106896e-24   7.789436e-24   9.793982e-24   2.352085e-23   6.197177e-23   1.081222e-22   1.852073e-22   2.972857e-22   4.255449e-22   5.779552e-22   4.926371e-22   2.789759e-21   6.913180e-21   6.743908e-21   0.000000e+00
         6.3500   4.127951e-24   7.773092e-24   9.527474e-24   2.293019e-23   5.962849e-23   1.033815e-22   1.764027e-22   2.820999e-22   4.030512e-22   5.463506e-22   4.723652e-22   2.684057e-21   6.594238e-21   6.410475e-21   0.000000e+00
         6.4000   4.123852e-24   7.720591e-24   9.282205e-24   2.240057e-23   5.733314e-23   9.877677e-23   1.679262e-22   2.676187e-22   3.816308e-22   5.162783e-22   4.531498e-22   2.583622e-21   6.294300e-21   6.096447e-21   0.000000e+00
         6.4500   4.095397e-24   7.632621e-24   9.057871e-24   2.193450e-23   5.508347e-23   9.430924e-23   1.597385e-22   2.537632e-22   3.612375e-22   4.876941e-22   4.348199e-22   2.487770e-21   6.012004e-21   5.800609e-21   0.000000e+00
         6.5000   4.043856e-24   7.510551e-24   8.853980e-24   2.153467e-23   5.287701e-23   8.997859e-23   1.518306e-22   2.404518e-22   3.417672e-22   4.605411e-22   4.174925e-22   2.396062e-21   5.741905e-21   5.521799e-21   0.000000e+00
         6.5500   3.970904e-24   7.356364e-24   8.669926e-24   2.120386e-23   5.070795e-23   8.577802e-23   1.441997e-22   2.276432e-22   3.231072e-22   4.346831e-22   4.013571e-22   2.308397e-21   5.491360e-21   5.258961e-21   0.000000e+00
         6.6000   3.878550e-24   7.172583e-24   8.504985e-24   2.094478e-23   4.856404e-23   8.170157e-23   1.368373e-22   2.153336e-22   3.051899e-22   4.099681e-22   3.863658e-22   2.224745e-21   5.254943e-21   5.011093e-21   0.000000e+00
         6.6500   3.769049e-24   6.962188e-24   8.358307e-24   2.076029e-23   4.643507e-23   7.773497e-23   1.297319e-22   2.035221e-22   2.880057e-22   3.863006e-22   3.721221e-22   2.144638e-21   5.031709e-21   4.777248e-21   0.000000e+00
         6.7000   3.644816e-24   6.728520e-24   8.228955e-24   2.065344e-23   4.432569e-23   7.385841e-23   1.228713e-22   1.921949e-22   2.715537e-22   3.636664e-22   3.582399e-22   2.067284e-21   4.820759e-21   4.556527e-21   0.000000e+00
         6.7500   3.508343e-24   6.475160e-24   8.115943e-24   2.062746e-23   4.224878e-23   7.005829e-23   1.162310e-22   1.813350e-22   2.558190e-22   3.420663e-22   3.447204e-22   1.992012e-21   4.621294e-21   4.348093e-21   0.000000e+00
         6.8000   3.362114e-24   6.205806e-24   8.018194e-24   2.068587e-23   4.021447e-23   6.634405e-23   1.097859e-22   1.709135e-22   2.407762e-22   3.214841e-22   3.317529e-22   1.918748e-21   4.432577e-21   4.151180e-21   0.000000e+00
         6.8500   3.208533e-24   5.924158e-24   7.934464e-24   2.083254e-23   3.822280e-23   6.273130e-23   1.035282e-22   1.608851e-22   2.263867e-22   3.018833e-22   3.194996e-22   1.847628e-21   4.253830e-21   3.965024e-21   0.000000e+00
         6.9000   3.049864e-24   5.633812e-24   7.863326e-24   2.107172e-23   3.627152e-23   5.922924e-23   9.747293e-23   1.512101e-22   2.125855e-22   2.832075e-22   3.079610e-22   1.778754e-21   4.084348e-21   3.788899e-21   0.000000e+00
         6.9500   2.888184e-24   5.338183e-24   7.803231e-24   2.140788e-23   3.435959e-23   5.583483e-23   9.163558e-23   1.418895e-22   1.993143e-22   2.653625e-22   2.971042e-22   1.712003e-21   3.923393e-21   3.622132e-21   0.000000e+00
         7.0000   2.725353e-24   5.040429e-24   7.752613e-24   2.184559e-23   3.249004e-23   5.254419e-23   8.601809e-23   1.329470e-22   1.865632e-22   2.482635e-22   2.867351e-22   1.647198e-21   3.770127e-21   3.464021e-21   0.000000e+00
         7.0500   2.562993e-24   4.743394e-24   7.709904e-24   2.238961e-23   3.066699e-23   4.935604e-23   8.061366e-23   1.244002e-22   1.743611e-22   2.318880e-22   2.765479e-22   1.583898e-21   3.623799e-21   3.313825e-21   0.000000e+00
         7.1000   2.402486e-24   4.449579e-24   7.673478e-24   2.304508e-23   2.889439e-23   4.627389e-23   7.541625e-23   1.162394e-22   1.627329e-22   2.162704e-22   2.663152e-22   1.521654e-21   3.483962e-21   3.170922e-21   0.000000e+00
         7.1500   2.244982e-24   4.161119e-24   7.641663e-24   2.381763e-23   2.717571e-23   4.330161e-23   7.042499e-23   1.084473e-22   1.516684e-22   2.014419e-22   2.561824e-22   1.460243e-21   3.350144e-21   3.034870e-21   0.000000e+00
         7.2000   2.091414e-24   3.879789e-24   7.612750e-24   2.471328e-23   2.551476e-23   4.044266e-23   6.564232e-23   1.010089e-22   1.411410e-22   1.873872e-22   2.463878e-22   1.399937e-21   3.221499e-21   2.905145e-21   0.000000e+00
         7.2500   1.942519e-24   3.607015e-24   7.585064e-24   2.573842e-23   2.391486e-23   3.770044e-23   6.107028e-23   9.391915e-23   1.311259e-22   1.740647e-22   2.370678e-22   1.341078e-21   3.097308e-21   2.781027e-21   0.000000e+00
         7.3000   1.798868e-24   3.343912e-24   7.556994e-24   2.689980e-23   2.237569e-23   3.507885e-23   5.671016e-23   8.717589e-23   1.216108e-22   1.614340e-22   2.281098e-22   1.283795e-21   2.977361e-21   2.661981e-21   0.000000e+00
         7.3500   1.660888e-24   3.091313e-24   7.527009e-24   2.820460e-23   2.089490e-23   3.258002e-23   5.256356e-23   8.077624e-23   1.125899e-22   1.494709e-22   2.193754e-22   1.227907e-21   2.861745e-21   2.547773e-21   0.000000e+00
         7.4000   1.528889e-24   2.849813e-24   7.493686e-24   2.966054e-23   1.947205e-23   3.020046e-23   4.863200e-23   7.471708e-23   1.040566e-22   1.381629e-22   2.107701e-22   1.173220e-21   2.750426e-21   2.438339e-21   0.000000e+00
         7.4500   1.403090e-24   2.619808e-24   7.455708e-24   3.127591e-23   1.811074e-23   2.793510e-23   4.491227e-23   6.899615e-23   9.600437e-23   1.274971e-22   2.022955e-22   1.119631e-21   2.642649e-21   2.333447e-21   0.000000e+00
         7.5000   1.283633e-24   2.401530e-24   7.411868e-24   3.305958e-23   1.681459e-23   2.578312e-23   4.139569e-23   6.360947e-23   8.842741e-23   1.174616e-22   1.939699e-22   1.067193e-21   2.537434e-21   2.232411e-21   0.000000e+00
         7.5500   1.170602e-24   2.195082e-24   7.361078e-24   3.502106e-23   1.558447e-23   2.374783e-23   3.807392e-23   5.854289e-23   8.131802e-23   1.080453e-22   1.858067e-22   1.015988e-21   2.434702e-21   2.134580e-21   0.000000e+00
         7.6000   1.064035e-24   2.000466e-24   7.302393e-24   3.717046e-23   1.441877e-23   2.183166e-23   3.494575e-23   5.377731e-23   7.465566e-23   9.923516e-23   1.778285e-22   9.660942e-22   2.334835e-21   2.039930e-21   0.000000e+00
         7.6500   9.639276e-25   1.817606e-24   7.235019e-24   3.951851e-23   1.331550e-23   2.003242e-23   3.201178e-23   4.929906e-23   6.841205e-23   9.100089e-23   1.700689e-22   9.175881e-22   2.237850e-21   1.948585e-21   0.000000e+00
         7.7000   8.702423e-25   1.646361e-24   7.158324e-24   4.207657e-23   1.227330e-23   1.834560e-23   2.926980e-23   4.510593e-23   6.256395e-23   8.330216e-23   1.625444e-22   8.705400e-22   2.143325e-21   1.860380e-21   0.000000e+00
         7.7500   7.829083e-25   1.486540e-24   7.071845e-24   4.485672e-23   1.129138e-23   1.676649e-23   2.671217e-23   4.119639e-23   5.710476e-23   7.610484e-23   1.551876e-22   8.249593e-22   2.051124e-21   1.774983e-21   0.000000e+00
         7.8000   7.018242e-25   1.337904e-24   6.975283e-24   4.787174e-23   1.036878e-23   1.529145e-23   2.433015e-23   3.756231e-23   5.203042e-23   6.939838e-23   1.479137e-22   7.807575e-22   1.961390e-21   1.692299e-21   0.000000e+00
         7.8500   6.268576e-25   1.200174e-24   6.868502e-24   5.113514e-23   9.504173e-24   1.391726e-23   2.211537e-23   3.418889e-23   4.733004e-23   6.317692e-23   1.407180e-22   7.378451e-22   1.873706e-21   1.612314e-21   0.000000e+00
         7.9000   5.578463e-25   1.073033e-24   6.751523e-24   5.466120e-23   8.695819e-24   1.264046e-23   2.006095e-23   3.106087e-23   4.298224e-23   5.742689e-23   1.336805e-22   6.962739e-22   1.787533e-21   1.534634e-21   0.000000e+00
         7.9500   4.945991e-25   9.561241e-25   6.624525e-24   5.846495e-23   7.941762e-24   1.145723e-23   1.816007e-23   2.816490e-23   3.896452e-23   5.211965e-23   1.268790e-22   6.561710e-22   1.703154e-21   1.458952e-21   0.000000e+00
         8.0000   4.368969e-25   8.490573e-25   6.487831e-24   6.256221e-23   7.239954e-24   1.036335e-23   1.640570e-23   2.548993e-23   3.525638e-23   4.722480e-23   1.203233e-22   6.176478e-22   1.621131e-21   1.385494e-21   0.000000e+00
         8.0500   3.844957e-25   7.514086e-25   6.341895e-24   6.696954e-23   6.588267e-24   9.354471e-24   1.479045e-23   2.302509e-23   3.184133e-23   4.271431e-23   1.139803e-22   5.807006e-22   1.541607e-21   1.314539e-21   0.000000e+00
         8.1000   3.371296e-25   6.627249e-25   6.187287e-24   7.170431e-23   5.984559e-24   8.426197e-24   1.330673e-23   2.075938e-23   2.870355e-23   3.856622e-23   1.078225e-22   5.452771e-22   1.464350e-21   1.246058e-21   0.000000e+00
         8.1500   2.945144e-25   5.825272e-25   6.024672e-24   7.678462e-23   5.426638e-24   7.574140e-24   1.194699e-23   1.868135e-23   2.582745e-23   3.476000e-23   1.018459e-22   5.113269e-22   1.389184e-21   1.179867e-21   0.000000e+00
         8.2000   2.563522e-25   5.103158e-25   5.854798e-24   8.222930e-23   4.912252e-24   6.793972e-24   1.070376e-23   1.677956e-23   2.319700e-23   3.127561e-23   9.606314e-23   4.788369e-22   1.316146e-21   1.115847e-21   0.000000e+00
         8.2500   2.223361e-25   4.455763e-25   5.678473e-24   8.805786e-23   4.439100e-24   6.081409e-24   9.569788e-24   1.504282e-23   2.079626e-23   2.809266e-23   9.048603e-23   4.478139e-22   1.245344e-21   1.054015e-21   0.000000e+00
         8.3000   1.921547e-25   3.877853e-25   5.496555e-24   9.429045e-23   4.004869e-24   5.432224e-24   8.538002e-24   1.346025e-23   1.860974e-23   2.519078e-23   8.512171e-23   4.182571e-22   1.176864e-21   9.944102e-22   0.000000e+00
         8.3500   1.654968e-25   3.364172e-25   5.309937e-24   1.009478e-22   3.607246e-24   4.842274e-24   7.601515e-24   1.202139e-23   1.662250e-23   2.255030e-23   7.997079e-23   3.901522e-22   1.110731e-21   9.370525e-22   0.000000e+00
         8.4000   1.420556e-25   2.909505e-25   5.119532e-24   1.080510e-22   3.243939e-24   4.307513e-24   6.753648e-24   1.071619e-23   1.482034e-23   2.015238e-23   7.503219e-23   3.634699e-22   1.046937e-21   8.819265e-22   0.000000e+00
         8.4500   1.215328e-25   2.508738e-25   4.926258e-24   1.156217e-22   2.912705e-24   3.824000e-24   5.987949e-24   9.534973e-24   1.318968e-23   1.797917e-23   7.030410e-23   3.381771e-22   9.855056e-22   8.290028e-22   0.000000e+00
         8.5000   1.036411e-25   2.156914e-25   4.731026e-24   1.236818e-22   2.611350e-24   3.387932e-24   5.298203e-24   8.468425e-24   1.171758e-23   1.601377e-23   6.578463e-23   3.142395e-22   9.265411e-22   7.782857e-22   0.000000e+00
         8.5500   8.810790e-26   1.849273e-25   4.534725e-24   1.322533e-22   2.337744e-24   2.995648e-24   4.678446e-24   7.507656e-24   1.039166e-23   1.424012e-23   6.147240e-23   2.916218e-22   8.700307e-22   7.298151e-22   0.000000e+00
         8.6000   7.467631e-26   1.581297e-25   4.338218e-24   1.413582e-22   2.089833e-24   2.643651e-24   4.122988e-24   6.644170e-24   9.200156e-24   1.264297e-23   5.736561e-23   2.702901e-22   8.157790e-22   6.835245e-22   0.000000e+00
         8.6500   6.310717e-26   1.348734e-25   4.142328e-24   1.510183e-22   1.865652e-24   2.328603e-24   3.626422e-24   5.869896e-24   8.131906e-24   1.120787e-23   5.346171e-23   2.502084e-22   7.637259e-22   6.392677e-22   0.000000e+00
         8.7000   5.317972e-26   1.147623e-25   3.947832e-24   1.612552e-22   1.663328e-24   2.047332e-24   3.183634e-24   5.177201e-24   7.176326e-24   9.921164e-24   4.975755e-23   2.313372e-22   7.140250e-22   5.970246e-22   0.000000e+00
         8.7500   4.469189e-26   9.743047e-26   3.755457e-24   1.720896e-22   1.481088e-24   1.796841e-24   2.789794e-24   4.558898e-24   6.323453e-24   8.769930e-24   4.624935e-23   2.136337e-22   6.667755e-22   5.568710e-22   0.000000e+00
         8.8000   3.746030e-26   8.254254e-26   3.565877e-24   1.835417e-22   1.317252e-24   1.574305e-24   2.440363e-24   4.008245e-24   5.563942e-24   7.742056e-24   4.293259e-23   1.970532e-22   6.218975e-22   5.188208e-22   0.000000e+00
         8.8500   3.131973e-26   6.979363e-26   3.379703e-24   1.956302e-22   1.170237e-24   1.377079e-24   2.131094e-24   3.518923e-24   4.889062e-24   6.826208e-24   3.980224e-23   1.815492e-22   5.792768e-22   4.827876e-22   0.000000e+00
         8.9000   2.612240e-26   5.890854e-26   3.197491e-24   2.083727e-22   1.038553e-24   1.202697e-24   1.858028e-24   3.085043e-24   4.290663e-24   6.011831e-24   3.685293e-23   1.670744e-22   5.388372e-22   4.486783e-22   0.000000e+00
         8.9500   2.173705e-26   4.964059e-26   3.019731e-24   2.217847e-22   9.208033e-25   1.048869e-24   1.617494e-24   2.701132e-24   3.761172e-24   5.289098e-24   3.407902e-23   1.535812e-22   5.005484e-22   4.164305e-22   0.000000e+00
         9.0000   1.804780e-26   4.177013e-26   2.846855e-24   2.358799e-22   8.156819e-25   9.134767e-25   1.406103e-24   2.362128e-24   3.293584e-24   4.648891e-24   3.147463e-23   1.410220e-22   4.643744e-22   3.860026e-22   0.000000e+00
