# CIE bound-bound cooling efficiency for Ar (Z=18)
# Source: CHIANTI v11.0.2 via ChiantiPy ion.boundBoundLoss
# Units: erg cm^3 / s, per ion per electron, low-density limit (n_e = 1 cm^-3)
# T grid: 121 log-spaced points, 10^3.00 K -> 10^9.00 K
# Generated by pyathena/photchem/data/build_cool_tables.py
#
# log_T_K        L_Ar0          L_Ar1          L_Ar2          L_Ar3          L_Ar4          L_Ar5          L_Ar6          L_Ar7          L_Ar8          L_Ar9          L_Ar10         L_Ar11         L_Ar12         L_Ar13         L_Ar14         L_Ar15         L_Ar16         L_Ar17         L_Ar18       
         3.0000   0.000000e+00   0.000000e+00   1.027012e-20   3.348710e-32   6.819573e-20   1.443578e-20   3.540773e-89  3.184826e-105   0.000000e+00   1.647488e-30   8.127375e-29   8.305429e-79   3.925447e-26   4.945577e-33  4.868099e-166  6.420264e-179   0.000000e+00   0.000000e+00   0.000000e+00
         3.0500   0.000000e+00   0.000000e+00   1.151048e-20   8.657816e-31   7.450900e-20   1.929955e-20   1.776457e-81   1.016281e-95   0.000000e+00   2.622424e-29   7.369315e-28   2.193385e-72   1.730630e-25   1.616393e-31  4.886398e-150  1.769980e-161   0.000000e+00   0.000000e+00   0.000000e+00
         3.1000   0.000000e+00   0.000000e+00   1.264909e-20   1.561506e-29   8.049107e-20   2.485722e-20   1.296209e-74   3.008858e-87   0.000000e+00   3.069062e-28   5.227786e-27   1.157714e-66   6.451793e-25   3.592761e-30  8.853053e-136  6.152167e-146   0.000000e+00   0.000000e+00   0.000000e+00
         3.1500   0.000000e+00   0.000000e+00   1.365892e-20   2.043041e-28   8.604848e-20   3.096991e-20   1.696197e-68   1.071267e-79   0.000000e+00   2.730476e-27   2.980625e-26   1.456434e-61   2.071266e-24   5.663236e-29  4.473077e-123  4.337948e-132   0.000000e+00   0.000000e+00   0.000000e+00
         3.2000   0.000000e+00   0.000000e+00   1.452241e-20   2.007970e-27   9.110014e-20   3.746284e-20   4.796996e-63   5.777006e-73   0.000000e+00   1.902518e-26   1.398991e-25   5.108346e-57   5.820126e-24   6.571726e-28  9.278211e-112  9.480397e-120   0.000000e+00   0.000000e+00   0.000000e+00
         3.2500   0.000000e+00   0.000000e+00   1.523181e-20   1.529289e-26   9.557997e-20   4.414222e-20   3.461639e-58   5.793227e-67   0.000000e+00   1.066096e-25   5.522346e-25   5.743333e-53   1.452360e-23   5.804047e-27  1.113839e-101  9.369680e-109   0.000000e+00   0.000000e+00   0.000000e+00
         3.3000   0.000000e+00   0.000000e+00   1.578956e-20   9.279382e-26   9.943790e-20   5.081195e-20   7.390175e-54   1.296552e-61   0.000000e+00   4.919315e-25   1.868506e-24   2.343275e-49   3.260653e-23   4.018870e-26   1.050050e-92   5.864167e-99   0.000000e+00   0.000000e+00   0.000000e+00
         3.3500   0.000000e+00   0.000000e+00   1.620905e-20   4.598289e-25   1.026389e-19   5.728811e-20   5.325067e-50   7.617375e-57   0.000000e+00   1.908969e-24   5.511519e-24   3.873913e-46   6.663405e-23   2.240169e-25   1.020257e-84   3.137591e-90   0.000000e+00   0.000000e+00   0.000000e+00
         3.4000   0.000000e+00   0.000000e+00   1.651596e-20   1.902511e-24   1.051607e-19   6.340974e-20   1.456486e-46   1.357437e-52   0.000000e+00   6.347832e-24   1.438718e-23   2.862252e-43   1.252681e-22   1.029187e-24   1.303493e-77   1.875198e-82   0.000000e+00   0.000000e+00   0.000000e+00
         3.4500   0.000000e+00   0.000000e+00   1.674963e-20   6.703646e-24   1.069907e-19   6.904563e-20   1.679103e-43   8.345168e-49   0.000000e+00   1.839253e-23   3.368176e-23   1.031190e-40   2.187394e-22   3.979806e-24   2.727649e-71   1.588840e-75   0.000000e+00   0.000000e+00   0.000000e+00
         3.5000   0.000000e+00   0.000000e+00   1.696334e-20   2.047667e-23   1.081225e-19   7.409727e-20   8.957597e-41   1.985106e-45   0.000000e+00   4.713146e-23   7.155854e-23   1.957511e-38   3.579369e-22   1.319802e-23   1.140418e-65   2.360266e-69   0.000000e+00   0.000000e+00   0.000000e+00
         3.5500   0.000000e+00   0.000000e+00   1.722214e-20   5.509336e-23   1.085525e-19   7.849864e-20   2.403336e-38   2.024012e-42   0.000000e+00   1.082404e-22   1.394215e-22   2.097841e-36   5.533896e-22   3.816577e-23   1.139984e-60   7.428954e-64   0.000000e+00   0.000000e+00   0.000000e+00
         3.6000   0.000000e+00   0.000000e+00   1.759765e-20   1.324516e-22   1.082979e-19   8.221358e-20   3.493016e-36   9.691332e-40   0.000000e+00   2.254249e-22   2.514441e-22   1.349728e-34   8.144499e-22   9.768033e-23   3.200727e-56   5.865297e-59   0.000000e+00   0.000000e+00   0.000000e+00
         3.6500   0.000000e+00   0.000000e+00   1.816499e-20   2.882213e-22   1.074238e-19   8.523162e-20   2.938434e-34   2.364250e-37  1.459430e-301   4.302400e-22   4.232403e-22   5.507245e-33   1.148854e-21   2.242092e-22   2.913324e-52   1.350254e-54   0.000000e+00   0.000000e+00   0.000000e+00
         3.7000   0.000000e+00   0.000000e+00   1.899319e-20   5.742772e-22   1.060182e-19   8.756308e-20   1.517797e-32   3.160398e-35  9.560567e-271   7.595835e-22   6.698237e-22   1.496520e-31   1.562600e-21   4.670146e-22   9.759417e-49   1.036609e-50   0.000000e+00   0.000000e+00   0.000000e+00
         3.7500   0.000000e+00   0.000000e+00   2.013268e-20   1.058601e-21   1.041787e-19   8.923396e-20   5.074217e-31   2.470225e-33  2.790422e-243   1.250857e-21   1.003244e-21   2.829149e-30   2.059922e-21   8.920627e-22   1.345792e-45   2.991836e-47   0.000000e+00   0.000000e+00   0.000000e+00
         3.8000   0.000000e+00   0.000000e+00   2.160867e-20   1.822082e-21   1.020045e-19   9.028104e-20   1.150746e-29   1.196349e-31  8.401443e-219   1.935611e-21   1.430418e-21   3.868936e-29   2.643075e-21   1.577269e-21   8.432394e-43   3.613060e-44   0.000000e+00   0.000000e+00   0.000000e+00
         3.8500   0.000000e+00   0.000000e+00   2.341908e-20   2.952593e-21   9.959202e-20   9.074760e-20   1.846028e-28   3.780786e-30  5.514691e-197   2.833096e-21   1.951641e-21   3.962962e-28   3.311837e-21   2.602989e-21   2.619640e-40   2.009000e-41   0.000000e+00   0.000000e+00   0.000000e+00
         3.9000   0.000000e+00   0.000000e+00   2.553854e-20   4.537461e-21   9.703775e-20   9.067982e-20   2.174656e-27   8.165229e-29  1.537559e-177   3.945230e-21   2.560089e-21   3.136618e-27   4.062805e-21   4.039321e-21   4.358973e-38   5.602678e-39   0.000000e+00   0.000000e+00   0.000000e+00
         3.9500   0.000000e+00   0.000000e+00   2.792172e-20   6.655518e-21   9.443768e-20   9.012394e-20   1.945296e-26   1.255794e-27  3.299449e-160   5.254133e-21   3.242437e-21   1.972453e-26   4.888753e-21   5.932939e-21   4.159941e-36   8.458712e-37   0.000000e+00   0.000000e+00   0.000000e+00
         4.0000   0.000000e+00   0.000000e+00   3.050677e-20   9.369138e-21   9.188128e-20   8.912442e-20   1.361859e-25   1.426940e-26  9.255499e-145   6.722693e-21   3.980497e-21   1.010364e-25   5.778410e-21   8.296500e-21   2.419311e-34   7.401146e-35   0.000000e+00   0.000000e+00   0.000000e+00
         4.0500   0.000000e+00   0.000000e+00   3.322163e-20   1.271625e-20   8.945002e-20   8.772328e-20   7.669403e-25   1.237891e-25  5.441012e-131   8.297882e-21   4.753658e-21   4.311024e-25   6.716896e-21   1.110289e-20   9.048252e-33   3.987524e-33   0.000000e+00   0.000000e+00   0.000000e+00
         4.1000   0.000000e+00   0.000000e+00   3.598824e-20   1.670733e-20   8.721376e-20   8.596141e-20   3.563547e-24   8.442358e-25  1.020667e-118   9.916045e-21   5.541764e-21   1.563282e-24   7.686963e-21   1.428530e-20   2.282675e-31   1.395904e-31   0.000000e+00   0.000000e+00   0.000000e+00
         4.1500   0.000000e+00   0.000000e+00   3.872758e-20   2.132475e-20   8.524424e-20   8.388328e-20   1.398915e-23   4.646140e-24  8.885311e-108   1.150910e-20   6.327955e-21   4.905784e-24   8.670953e-21   1.774278e-20   4.052717e-30   3.329523e-30   0.000000e+00   0.000000e+00   0.000000e+00
         4.2000   0.000000e+00   0.000000e+00   4.137071e-20   2.652520e-20   8.362955e-20   8.154740e-20   4.744444e-23   2.111964e-23   5.011092e-98   1.301066e-20   7.100919e-21   1.354215e-23   9.653202e-21   2.134971e-20   5.258247e-29   5.642459e-29   0.000000e+00   0.000000e+00   0.000000e+00
         4.2500   0.000000e+00   0.000000e+00   4.385913e-20   3.224964e-20   8.249211e-20   7.904547e-20   1.419471e-22   8.096036e-23   2.464481e-89   1.436127e-20   7.856001e-21   3.337155e-23   1.062243e-20   2.496732e-20   5.155798e-28   7.049154e-28   0.000000e+00   0.000000e+00   0.000000e+00
         4.3000   0.000000e+00   0.000000e+00   4.614497e-20   3.844459e-20   8.202311e-20   7.653294e-20   3.818029e-22   2.666256e-22   1.377294e-81   1.551228e-20   8.594849e-21   7.439354e-23   1.157365e-20   2.845528e-20   3.936353e-27   6.706822e-27   0.000000e+00   0.000000e+00   0.000000e+00
         4.3500   0.000000e+00   0.000000e+00   4.818728e-20   4.510393e-20   8.250257e-20   7.427286e-20   9.384601e-22   7.669344e-22   1.107315e-74   1.642825e-20   9.323611e-21   1.518144e-22   1.250911e-20   3.168188e-20   2.403410e-26   5.001480e-26   0.000000e+00   0.000000e+00   0.000000e+00
         4.4000   0.000000e+00   0.000000e+00   4.993772e-20   5.232783e-20   8.430796e-20   7.269299e-20   2.135890e-21   1.955471e-21   1.580266e-68   1.708785e-20   1.005006e-20   2.865952e-22   1.343821e-20   3.453195e-20   1.201929e-25   2.998902e-25   0.000000e+00   0.000000e+00   0.000000e+00
         4.4500   0.000000e+00   0.000000e+00   5.135392e-20   6.040426e-20   8.795660e-20   7.245343e-20   4.544282e-21   4.478203e-21   4.827516e-63   1.748358e-20   1.078037e-20   5.051156e-22   1.437640e-20   3.691208e-20   5.030345e-25   1.479017e-24   0.000000e+00   0.000000e+00   0.000000e+00
         4.5000   0.000000e+00   0.000000e+00   5.240674e-20   6.990964e-20   9.415371e-20   7.451741e-20   9.089764e-21   9.320243e-21   3.729838e-58   1.762056e-20   1.151621e-20   8.377698e-22   1.534342e-20   3.875365e-20   1.796858e-24   6.122704e-24   0.000000e+00   0.000000e+00   0.000000e+00
         4.5500   0.000000e+00   0.000000e+00   5.308123e-20   8.179939e-20   1.038308e-19   8.021051e-20   1.715403e-20   1.781521e-20   8.455102e-54   1.751467e-20   1.225295e-20   1.316489e-21   1.636105e-20   4.001402e-20   5.579411e-24   2.166532e-23   0.000000e+00   0.000000e+00   0.000000e+00
         4.6000   0.000000e+00   0.000000e+00   5.336403e-20   9.747848e-20   1.182394e-19   9.123281e-20   3.061740e-20   3.156932e-20   6.417485e-50   1.719045e-20   1.297916e-20   1.971403e-21   1.745070e-20   4.067683e-20   1.532911e-23   6.660707e-23   0.000000e+00   0.000000e+00   0.000000e+00
         4.6500   0.000000e+00   0.000000e+00   5.323051e-20   1.188196e-19   1.390146e-19   1.095672e-19   5.179186e-20   5.229735e-20   1.834111e-46   1.667873e-20   1.367769e-20   2.827134e-21   1.863077e-20   4.075202e-20   3.793310e-23   1.805384e-22   0.000000e+00   0.000000e+00   0.000000e+00
         4.7000   0.000000e+00   0.000000e+00   5.267565e-20   1.480570e-19   1.681375e-19   1.374280e-19   8.320009e-20   8.159693e-20   2.193070e-43   1.601438e-20   1.432823e-20   3.899595e-21   1.991403e-20   4.027638e-20   8.609306e-23   4.371485e-22   0.000000e+00   0.000000e+00   0.000000e+00
         4.7500   0.000000e+00   0.000000e+00   5.172028e-20   1.875641e-19   2.078092e-19   1.771260e-19   1.272394e-19   1.207074e-19   1.205718e-40   1.523414e-20   1.491142e-20   5.194636e-21   2.130586e-20   3.931573e-20   1.824619e-22   9.568332e-22  2.761023e-297   0.000000e+00   0.000000e+00
         4.8000   0.000000e+00   0.000000e+00   5.040509e-20   2.395714e-19   2.603323e-19   2.308508e-19   1.859081e-19   1.703025e-19   3.316481e-38   1.437480e-20   1.541471e-20   6.710164e-21   2.280483e-20   3.796984e-20   3.669907e-22   1.913410e-21  4.854823e-267  5.748117e-284   0.000000e+00
         4.8500   0.000000e+00   0.000000e+00   4.878406e-20   3.058522e-19   3.278544e-19   3.004252e-19   2.605021e-19   2.303579e-19   4.922826e-36   1.347187e-20   1.583882e-20   8.442999e-21   2.440754e-20   3.638169e-20   7.090209e-22   3.529327e-21  4.409980e-240  3.703320e-255   0.000000e+00
         4.9000   0.000000e+00   0.000000e+00   4.691810e-20   3.875202e-19   4.120833e-19   3.870779e-19   3.514225e-19   3.001561e-19   4.220860e-34   1.255925e-20   1.620031e-20   1.040144e-20   2.611851e-20   3.475173e-20   1.324110e-21   6.056388e-21  4.717502e-216  1.749196e-229   0.000000e+00
         4.9500   0.000000e+00   0.000000e+00   4.486974e-20   4.849223e-19   5.140409e-19   4.912791e-19   4.581399e-19   3.783726e-19   2.222284e-32   1.167046e-20   1.653677e-20   1.262941e-20   2.796578e-20   3.335588e-20   2.392157e-21   9.743597e-21  1.237885e-194  1.327390e-206   0.000000e+00
         5.0000   0.000000e+00   0.000000e+00   4.269888e-20   5.975406e-19   6.338863e-19   6.126393e-19   5.793067e-19   4.632178e-19   7.580781e-31   1.084165e-20   1.691423e-20   1.522533e-20   3.005731e-20   3.256343e-20   4.169389e-21   1.479838e-20  1.531258e-175  3.256690e-186   0.000000e+00
         5.0500   0.000000e+00   0.000000e+00   4.045995e-20   7.240404e-19   7.708328e-19   7.499152e-19   7.129060e-19   5.526243e-19   1.756683e-29   1.011617e-20   1.743267e-20   1.835046e-20   3.261010e-20   3.280746e-20   6.984643e-21   2.135005e-20  1.597072e-158  4.818099e-168   0.000000e+00
         5.1000   0.000000e+00   0.000000e+00   3.820009e-20   8.624505e-19   9.231640e-19   9.011101e-19   8.563159e-19   6.444459e-19   2.884393e-28   9.549092e-21   1.822545e-20   2.222467e-20   3.590811e-20   3.448907e-20   1.121409e-20   2.942394e-20  2.356148e-143  7.491756e-152   0.000000e+00
         5.1500   0.000000e+00   0.000000e+00   3.595846e-20   1.010254e-18   1.088325e-18   1.063634e-18   1.006571e-18   7.366367e-19   3.484616e-27   9.209757e-21   1.946111e-20   2.710542e-20   4.027332e-20   3.798912e-20   1.724130e-20   3.893148e-20  7.791003e-130  2.008944e-137   0.000000e+00
         5.2000   0.000000e+00   0.000000e+00   3.376618e-20   1.164503e-18   1.263052e-18   1.234497e-18   1.160582e-18   8.273213e-19   3.203650e-26   9.188409e-21   2.134258e-20   3.324859e-20   4.602444e-20   4.362647e-20   2.540139e-20   4.967533e-20  8.698645e-118  1.444525e-124   0.000000e+00
         5.2500   0.000000e+00   0.000000e+00   3.164686e-20   1.322028e-18   1.443609e-18   1.410499e-18   1.315317e-18   9.148830e-19   2.310264e-25   9.597146e-21   2.407496e-20   4.084484e-20   5.342918e-20   5.159666e-20   3.592441e-20   6.136968e-20  4.731991e-107  4.127830e-113   0.000000e+00
         5.3000   0.000000e+00   0.000000e+00   2.961735e-20   1.479659e-18   1.626035e-18   1.588403e-18   1.467945e-18   9.980232e-19   1.342156e-24   1.054645e-20   2.783538e-20   4.998443e-20   6.263963e-20   6.191247e-20   4.889366e-20   7.367053e-20   1.740861e-97  6.656656e-103   0.000000e+00
         5.3500   0.000000e+00   0.000000e+00   2.768877e-20   1.634452e-18   1.806400e-18   1.765065e-18   1.615948e-18   1.075765e-18   6.431975e-24   1.212949e-20   3.274600e-20   6.064104e-20   7.366554e-20   7.443284e-20   6.422951e-20   8.620915e-20   5.804349e-89   8.280896e-94   0.000000e+00
         5.4000   0.000000e+00   0.000000e+00   2.586748e-20   1.783849e-18   1.981028e-18   1.937568e-18   1.757208e-18   1.147425e-18   2.596904e-23   1.440930e-20   3.885566e-20   7.266948e-20   8.639575e-20   8.900093e-20   8.169590e-20   9.862390e-20   2.278581e-81   1.049988e-85   0.000000e+00
         5.4500   0.000000e+00   0.000000e+00   2.415606e-20   1.925777e-18   2.146710e-18   2.103321e-18   1.890015e-18   1.212565e-18   9.001697e-23   1.741350e-20   4.612763e-20   8.582241e-20   1.006093e-19   1.053447e-19   1.008962e-19   1.105862e-19   1.331225e-74   1.739521e-78   0.000000e+00
         5.5000   0.000000e+00   0.000000e+00   2.255417e-20   2.058671e-18   2.300912e-18   2.260129e-18   2.012972e-18   1.270935e-18   2.724280e-22   2.114264e-20   5.444116e-20   9.978151e-20   1.159994e-19   1.230805e-19   1.213163e-19   1.218167e-19   1.427635e-68   4.698376e-72   0.000000e+00
         5.5500   0.000000e+00   0.000000e+00   2.105930e-20   2.181447e-18   2.441743e-18   2.406217e-18   2.124988e-18   1.322439e-18   7.306917e-22   2.559976e-20   6.362492e-20   1.141940e-19   1.322056e-19   1.417539e-19   1.423801e-19   1.320945e-19   3.381686e-63   2.520176e-66   0.000000e+00
         5.6000   0.000000e+00   0.000000e+00   1.966745e-20   2.293461e-18   2.567916e-18   2.540257e-18   2.225248e-18   1.367184e-18   1.760050e-21   3.083932e-20   7.350285e-20   1.287124e-19   1.488334e-19   1.608855e-19   1.634983e-19   1.412600e-19   2.084036e-58   3.200831e-61   0.000000e+00
         5.6500   0.000000e+00   0.000000e+00   1.837356e-20   2.394434e-18   2.678702e-18   2.661437e-18   2.313179e-18   1.405432e-18   3.852045e-21   3.703039e-20   8.395622e-20   1.430421e-19   1.654829e-19   1.800022e-19   1.841109e-19   1.492122e-19   3.866097e-54   1.125980e-56   0.000000e+00
         5.7000   0.000000e+00   0.000000e+00   1.717202e-20   2.484382e-18   2.773858e-18   2.769377e-18   2.388430e-18   1.437566e-18   7.739673e-21   4.452241e-20   9.499628e-20   1.569954e-19   1.818112e-19   1.986505e-19   2.037224e-19   1.559030e-19   2.458316e-50   1.261615e-52   0.000000e+00
         5.7500   0.000000e+00   0.000000e+00   1.605689e-20   2.563539e-18   2.853564e-18   2.864019e-18   2.450904e-18   1.464064e-18   1.440774e-20   5.388554e-20   1.068334e-19   1.705484e-19   1.975814e-19   2.164573e-19   2.219347e-19   1.613315e-19   6.014399e-47   5.099765e-49   0.000000e+00
         5.8000   0.000000e+00   0.000000e+00   1.502219e-20   2.632291e-18   2.918394e-18   2.945537e-18   2.500849e-18   1.485463e-18   2.505085e-20   6.590620e-20   1.199206e-19   1.838918e-19   2.127091e-19   2.331692e-19   2.384651e-19   1.655441e-19   6.274866e-44   8.310365e-46   0.000000e+00
         5.8500   0.000000e+00   0.000000e+00   1.406203e-20   2.691117e-18   2.969151e-18   3.014256e-18   2.538714e-18   1.502303e-18   4.097337e-20   8.152594e-20   1.349451e-19   1.974592e-19   2.272987e-19   2.486810e-19   2.531587e-19   1.686294e-19   3.061475e-41   6.027168e-43   0.000000e+00
         5.9000   0.000000e+00   0.000000e+00   1.317076e-20   2.740547e-18   3.006761e-18   3.070581e-18   2.565091e-18   1.515020e-18   6.344140e-20   1.017289e-19   1.527708e-19   2.119111e-19   2.416586e-19   2.630546e-19   2.659979e-19   1.707152e-19   7.586320e-39   2.124855e-40   0.000000e+00
         5.9500   0.000000e+00   0.000000e+00   1.234301e-20   2.781121e-18   3.032209e-18   3.114917e-18   2.580675e-18   1.523907e-18   9.351245e-20   1.273990e-19   1.743400e-19   2.280607e-19   2.562787e-19   2.765202e-19   2.771049e-19   1.719692e-19   1.027737e-36   3.939082e-38   0.000000e+00
         6.0000   0.000000e+00   0.000000e+00   1.157375e-20   2.813373e-18   3.046493e-18   3.147679e-18   2.586225e-18   1.529202e-18   1.318897e-19   1.591796e-19   2.005352e-19   2.467827e-19   2.717905e-19   2.894508e-19   2.867347e-19   1.725989e-19   8.128156e-35   4.118271e-36   0.000000e+00
         6.0500   0.000000e+00   0.000000e+00   1.085831e-20   2.837813e-18   3.050593e-18   3.169301e-18   2.582569e-18   1.531165e-18   1.788113e-19   1.973622e-19   2.320358e-19   2.688936e-19   2.888943e-19   3.023322e-19   2.952524e-19   1.728462e-19   3.979037e-33   2.584469e-34   0.000000e+00
         6.1000   0.000000e+00   0.000000e+00   1.019237e-20   2.854918e-18   3.045453e-18   3.180247e-18   2.570612e-18   1.529917e-18   2.339921e-19   2.418217e-19   2.691987e-19   2.950250e-19   3.082380e-19   3.157301e-19   3.030982e-19   1.729755e-19   1.270260e-31   1.029156e-32   0.000000e+00
         6.1500   0.000000e+00   0.000000e+00   9.571982e-21   2.865135e-18   3.032064e-18   3.181015e-18   2.551246e-18   1.525449e-18   2.966306e-19   2.919933e-19   3.119954e-19   3.255228e-19   3.303144e-19   3.301664e-19   3.107474e-19   1.732547e-19   2.770244e-30   2.732193e-31   0.000000e+00
         6.2000   0.000000e+00   0.000000e+00   8.993510e-21   2.868880e-18   3.011586e-18   3.172150e-18   2.525314e-18   1.517912e-18   3.654733e-19   3.469158e-19   3.600126e-19   3.603970e-19   3.553859e-19   3.460338e-19   3.186443e-19   1.739313e-19   4.301604e-29   5.053846e-30   0.000000e+00
         6.2500   0.000000e+00   0.000000e+00   8.453651e-21   2.866541e-18   2.984986e-18   3.154248e-18   2.493606e-18   1.507690e-18   4.389412e-19   4.053565e-19   4.124792e-19   3.993602e-19   3.834477e-19   3.635428e-19   3.271464e-19   1.752093e-19   4.935150e-28   6.776100e-29   0.000000e+00
         6.3000   0.000000e+00   0.000000e+00   7.949392e-21   2.858485e-18   2.953019e-18   3.127879e-18   2.456854e-18   1.495093e-18   5.153993e-19   4.659147e-19   4.683372e-19   4.418275e-19   4.142538e-19   3.826982e-19   3.364854e-19   1.772312e-19   4.324020e-27   6.821824e-28   0.000000e+00
         6.3500   0.000000e+00   0.000000e+00   7.477989e-21   2.845063e-18   2.916294e-18   3.093360e-18   2.415728e-18   1.479976e-18   5.932502e-19   5.271935e-19   5.263355e-19   4.869563e-19   4.473475e-19   4.033195e-19   3.467475e-19   1.800682e-19   2.979922e-26   5.321436e-27   0.000000e+00
         6.4000   0.000000e+00   0.000000e+00   7.036947e-21   2.826612e-18   2.875318e-18   3.051154e-18   2.370844e-18   1.462464e-18   6.709718e-19   5.878889e-19   5.851315e-19   5.337273e-19   4.820815e-19   4.250928e-19   3.578822e-19   1.837216e-19   1.658381e-25   3.307608e-26   0.000000e+00
         6.4500   0.000000e+00   0.000000e+00   6.623995e-21   2.803462e-18   2.830596e-18   3.001952e-18   2.322753e-18   1.442698e-18   7.471782e-19   6.468340e-19   6.434620e-19   5.810321e-19   5.176818e-19   4.475906e-19   3.697429e-19   1.881346e-19   7.630088e-25   1.679496e-25   0.000000e+00
         6.5000   0.000000e+00   0.000000e+00   6.237066e-21   2.775940e-18   2.782751e-18   2.946590e-18   2.271932e-18   1.420849e-18   8.206577e-19   7.030507e-19   7.002791e-19   6.277690e-19   5.533169e-19   4.703137e-19   3.820975e-19   1.932173e-19   2.963788e-24   7.121985e-25   0.000000e+00
         6.5500   0.000000e+00   0.000000e+00   5.874275e-21   2.744366e-18   2.732313e-18   2.885966e-18   2.218825e-18   1.398044e-18   8.903952e-19   7.557459e-19   7.546943e-19   6.729971e-19   5.881629e-19   4.927364e-19   3.946521e-19   1.988478e-19   9.901901e-24   2.572009e-24   0.000000e+00
         6.6000   0.000000e+00   0.000000e+00   5.533902e-21   2.709058e-18   2.679713e-18   2.820995e-18   2.163844e-18   1.373641e-18   9.555789e-19   8.042945e-19   8.059810e-19   7.159474e-19   6.215142e-19   5.143454e-19   4.070811e-19   2.048921e-19   2.892804e-23   8.048844e-24   0.000000e+00
         6.6500   0.000000e+00   0.000000e+00   5.214375e-21   2.670334e-18   2.625306e-18   2.752597e-18   2.107372e-18   1.347829e-18   1.015599e-18   8.482912e-19   8.535735e-19   7.560043e-19   6.528365e-19   5.346862e-19   4.190546e-19   2.112360e-19   7.499704e-23   2.216600e-23   0.000000e+00
         6.7000   0.000000e+00   0.000000e+00   4.914258e-21   2.628506e-18   2.569400e-18   2.681625e-18   2.049762e-18   1.320789e-18   1.070038e-18   8.875491e-19   8.970571e-19   7.927045e-19   6.817131e-19   5.534098e-19   4.302689e-19   2.178107e-19   1.748267e-22   5.447101e-23   0.000000e+00
         6.7500   0.000000e+00   0.000000e+00   4.632233e-21   2.583884e-18   2.512261e-18   2.608827e-18   1.991406e-18   1.292687e-18   1.118650e-18   9.220709e-19   9.361539e-19   8.257260e-19   7.078375e-19   5.702507e-19   4.404936e-19   2.245968e-19   3.707913e-22   1.209540e-22   0.000000e+00
         6.8000   0.000000e+00   0.000000e+00   4.367088e-21   2.536769e-18   2.454132e-18   2.534849e-18   1.932773e-18   1.263686e-18   1.161340e-18   9.520052e-19   9.707057e-19   8.548726e-19   7.310042e-19   5.850192e-19   4.495531e-19   2.315956e-19   7.231120e-22   2.454287e-22   0.000000e+00
         6.8500   0.000000e+00   0.000000e+00   4.117711e-21   2.487458e-18   2.395234e-18   2.460245e-18   1.874242e-18   1.233957e-18   1.198134e-18   9.775694e-19   1.000657e-18   8.800560e-19   7.510967e-19   5.975963e-19   4.573147e-19   2.388056e-19   1.309026e-21   4.596526e-22   0.000000e+00
         6.9000   0.000000e+00   0.000000e+00   3.883076e-21   2.436238e-18   2.335769e-18   2.385476e-18   1.816107e-18   1.203798e-18   1.229162e-18   9.989736e-19   1.026040e-18   9.012822e-19   7.680751e-19   6.079243e-19   4.636861e-19   2.461903e-19   2.218361e-21   8.016495e-22   0.000000e+00
         6.9500   0.000000e+00   0.000000e+00   3.662236e-21   2.383387e-18   2.275926e-18   2.310928e-18   1.758594e-18   1.173912e-18   1.254616e-18   1.016378e-18   1.046956e-18   9.186539e-19   7.819632e-19   6.159984e-19   4.686118e-19   2.536854e-19   3.545978e-21   1.311695e-21   0.000000e+00
         7.0000   0.000000e+00   0.000000e+00   3.454317e-21   2.329170e-18   2.215879e-18   2.236920e-18   1.701876e-18   1.143710e-18   1.274675e-18   1.029922e-18   1.063563e-18   9.323279e-19   7.928426e-19   6.218574e-19   4.720696e-19   2.612445e-19   5.382385e-21   2.026663e-21   0.000000e+00
         7.0500   0.000000e+00   0.000000e+00   3.258507e-21   2.273839e-18   2.155791e-18   2.163712e-18   1.646061e-18   1.113259e-18   1.289571e-18   1.039754e-18   1.076061e-18   9.424897e-19   8.008381e-19   6.255994e-19   4.740662e-19   2.687599e-19   7.804240e-21   2.973880e-21   0.000000e+00
         7.1000   0.000000e+00   0.000000e+00   3.074055e-21   2.217634e-18   2.095811e-18   2.091514e-18   1.591168e-18   1.082633e-18   1.299601e-18   1.046055e-18   1.084682e-18   9.493443e-19   8.060975e-19   6.273919e-19   4.746482e-19   2.761467e-19   1.086640e-20   4.165872e-21   0.000000e+00
         7.1500   0.000000e+00   0.000000e+00   2.900262e-21   2.160781e-18   2.036080e-18   2.020495e-18   1.537211e-18   1.051918e-18   1.305105e-18   1.049028e-18   1.089671e-18   9.531087e-19   8.087828e-19   6.273986e-19   4.739253e-19   2.834106e-19   1.459665e-20   5.596965e-21   0.000000e+00
         7.2000   0.000000e+00   0.000000e+00   2.736479e-21   2.103490e-18   1.976723e-18   1.950791e-18   1.484207e-18   1.021269e-18   1.306441e-18   1.048929e-18   1.091282e-18   9.540084e-19   8.090645e-19   6.257683e-19   4.720094e-19   2.904536e-19   1.899328e-20   7.242508e-21   0.000000e+00
         7.2500   0.000000e+00   0.000000e+00   2.582102e-21   2.045958e-18   1.917858e-18   1.882508e-18   1.432179e-18   9.908411e-19   1.303989e-18   1.046059e-18   1.089772e-18   9.522821e-19   8.071179e-19   6.226373e-19   4.690002e-19   2.971515e-19   2.402395e-20   9.063935e-21   0.000000e+00
         7.3000   0.000000e+00   0.000000e+00   2.436564e-21   1.988364e-18   1.859590e-18   1.815727e-18   1.381158e-18   9.607521e-19   1.298205e-18   1.040731e-18   1.085400e-18   9.481604e-19   8.031291e-19   6.181320e-19   4.649876e-19   3.034178e-19   2.962922e-20   1.101344e-20   0.000000e+00
         7.3500   0.000000e+00   0.000000e+00   2.299341e-21   1.930877e-18   1.802015e-18   1.750513e-18   1.331173e-18   9.310891e-19   1.289509e-18   1.033239e-18   1.078419e-18   9.418586e-19   7.972902e-19   6.123717e-19   4.600548e-19   3.093474e-19   3.572856e-20   1.303960e-20   0.000000e+00
         7.4000   0.000000e+00   0.000000e+00   2.169940e-21   1.873647e-18   1.745218e-18   1.686909e-18   1.282259e-18   9.019014e-19   1.278250e-18   1.023851e-18   1.069076e-18   9.335790e-19   7.897848e-19   6.054709e-19   4.542819e-19   3.148722e-19   4.222657e-20   1.509128e-20   0.000000e+00
         7.4500   0.000000e+00   0.000000e+00   2.047900e-21   1.816812e-18   1.689277e-18   1.624950e-18   1.234470e-18   8.732203e-19   1.264726e-18   1.012791e-18   1.057637e-18   9.235125e-19   7.807870e-19   5.975364e-19   4.477476e-19   3.197561e-19   4.901926e-20   1.712370e-20   0.000000e+00
         7.5000   0.000000e+00   0.000000e+00   1.932791e-21   1.760498e-18   1.634259e-18   1.564656e-18   1.187900e-18   8.450695e-19   1.249190e-18   1.000249e-18   1.044379e-18   9.118464e-19   7.704610e-19   5.886700e-19   4.405272e-19   3.239219e-19   5.599943e-20   1.910843e-20   0.000000e+00
         7.5500   0.000000e+00   0.000000e+00   1.824207e-21   1.704815e-18   1.580222e-18   1.506038e-18   1.142622e-18   8.174595e-19   1.231869e-18   9.863876e-19   1.029547e-18   8.987948e-19   7.589620e-19   5.789691e-19   4.326925e-19   3.273050e-19   6.305908e-20   2.102654e-20   0.000000e+00
         7.6000   0.000000e+00   0.000000e+00   1.721772e-21   1.649864e-18   1.527217e-18   1.449100e-18   1.098683e-18   7.903589e-19   1.212964e-18   9.713501e-19   1.013349e-18   8.845547e-19   7.464544e-19   5.685280e-19   4.243139e-19   3.299189e-19   7.009498e-20   2.286472e-20   0.000000e+00
         7.6500   0.000000e+00   0.000000e+00   1.625128e-21   1.595731e-18   1.475289e-18   1.393839e-18   1.056113e-18   7.639309e-19   1.192663e-18   9.552671e-19   9.959720e-19   8.692919e-19   7.330985e-19   5.574598e-19   4.154602e-19   3.321513e-19   7.701300e-20   2.461372e-20   0.000000e+00
         7.7000   0.000000e+00   0.000000e+00   1.533942e-21   1.542493e-18   1.424474e-18   1.340246e-18   1.014924e-18   7.380470e-19   1.171142e-18   9.382581e-19   9.775787e-19   8.531495e-19   7.190237e-19   5.459104e-19   4.062093e-19   3.335247e-19   8.373015e-20   2.626702e-20   0.000000e+00
         7.7500   0.000000e+00   0.000000e+00   1.447901e-21   1.490218e-18   1.374801e-18   1.288307e-18   9.751096e-19   7.126370e-19   1.148575e-18   9.204353e-19   9.583167e-19   8.362539e-19   7.043373e-19   5.339937e-19   3.966761e-19   3.340444e-19   9.017550e-20   2.781993e-20   0.000000e+00
         7.8000   0.000000e+00   0.000000e+00   1.366711e-21   1.438961e-18   1.326296e-18   1.238005e-18   9.366440e-19   6.877030e-19   1.125120e-18   9.019045e-19   9.383199e-19   8.187189e-19   6.891326e-19   5.217943e-19   3.869544e-19   3.337267e-19   9.628929e-20   2.926897e-20   0.000000e+00
         7.8500   0.000000e+00   0.000000e+00   1.290093e-21   1.388772e-18   1.278976e-18   1.189317e-18   8.994926e-19   6.632555e-19   1.100924e-18   8.827662e-19   9.177180e-19   8.006481e-19   6.734934e-19   5.093777e-19   3.771098e-19   3.326009e-19   1.020150e-19   3.061161e-20   0.000000e+00
         7.9000   0.000000e+00   0.000000e+00   1.217787e-21   1.339691e-18   1.232855e-18   1.142221e-18   8.636200e-19   6.393224e-19   1.076123e-18   8.631157e-19   8.966384e-19   7.821430e-19   6.574969e-19   4.967980e-19   3.671901e-19   3.307012e-19   1.073066e-19   3.184605e-20   0.000000e+00
         7.9500   0.000000e+00   0.000000e+00   1.149548e-21   1.291750e-18   1.187943e-18   1.096689e-18   8.289903e-19   6.159332e-19   1.050840e-18   8.430434e-19   8.751931e-19   7.633250e-19   6.412156e-19   4.841013e-19   3.572325e-19   3.280686e-19   1.121332e-19   3.297118e-20   0.000000e+00
         8.0000   0.000000e+00   0.000000e+00   1.085144e-21   1.244975e-18   1.144243e-18   1.052693e-18   7.955686e-19   5.931121e-19   1.025200e-18   8.226350e-19   8.534806e-19   7.443019e-19   6.247306e-19   4.713288e-19   3.472677e-19   3.248785e-19   1.164765e-19   3.398650e-20   0.000000e+00
         8.0500   0.000000e+00   0.000000e+00   1.024359e-21   1.199385e-18   1.101757e-18   1.010202e-18   7.633210e-19   5.708769e-19   9.993103e-19   8.019716e-19   8.315882e-19   7.251597e-19   6.081284e-19   4.585188e-19   3.373219e-19   3.213655e-19   1.203296e-19   3.489214e-20   0.000000e+00
         8.1000   0.000000e+00   0.000000e+00   9.669879e-22   1.154995e-18   1.060481e-18   9.691851e-19   7.322148e-19   5.492373e-19   9.732665e-19   7.811292e-19   8.095934e-19   7.059689e-19   5.914828e-19   4.457068e-19   3.274187e-19   3.172628e-19   1.236943e-19   3.568878e-20   0.000000e+00
         8.1500   0.000000e+00   0.000000e+00   9.128366e-22   1.111813e-18   1.020410e-18   9.296091e-19   7.022182e-19   5.281964e-19   9.471509e-19   7.601788e-19   7.875657e-19   6.867885e-19   5.748561e-19   4.329251e-19   3.175775e-19   3.126304e-19   1.265800e-19   3.637765e-20   0.000000e+00
         8.2000   0.000000e+00   0.000000e+00   8.617239e-22   1.069843e-18   9.815362e-19   8.914402e-19   6.733004e-19   5.077554e-19   9.210376e-19   7.391866e-19   7.655667e-19   6.676688e-19   5.583011e-19   4.202029e-19   3.078170e-19   3.075361e-19   1.290020e-19   3.696049e-20   0.000000e+00
         8.2500   0.000000e+00   0.000000e+00   8.134782e-22   1.029085e-18   9.438470e-19   8.546441e-19   6.454314e-19   4.879140e-19   8.949933e-19   7.182132e-19   7.436509e-19   6.486494e-19   5.418627e-19   4.075677e-19   2.981550e-19   3.020447e-19   1.309811e-19   3.743947e-20   0.000000e+00
         8.3000   0.000000e+00   0.000000e+00   7.679379e-22   9.895346e-19   9.073296e-19   8.191856e-19   6.185819e-19   4.686705e-19   8.690784e-19   6.973146e-19   7.218672e-19   6.297631e-19   5.255796e-19   3.950445e-19   2.886083e-19   2.962102e-19   1.325425e-19   3.781721e-20   0.000000e+00
         8.3500   0.000000e+00   0.000000e+00   7.249507e-22   9.511853e-19   8.719684e-19   7.850296e-19   5.927230e-19   4.500216e-19   8.433477e-19   6.765418e-19   7.002594e-19   6.110391e-19   5.094824e-19   3.826593e-19   2.791925e-19   2.900812e-19   1.337147e-19   3.809671e-20   0.000000e+00
         8.4000   0.000000e+00   0.000000e+00   6.843728e-22   9.140264e-19   8.377463e-19   7.521406e-19   5.678263e-19   4.319631e-19   8.178510e-19   6.559407e-19   6.788672e-19   5.925046e-19   4.935944e-19   3.704393e-19   2.699237e-19   2.837026e-19   1.345283e-19   3.828134e-20   0.000000e+00
         8.4500   0.000000e+00   0.000000e+00   6.460687e-22   8.780453e-19   8.046446e-19   7.204831e-19   5.438639e-19   4.144894e-19   7.926331e-19   6.355529e-19   6.577264e-19   5.741850e-19   4.779349e-19   3.584050e-19   2.608221e-19   2.771119e-19   1.350157e-19   3.837478e-20   0.000000e+00
         8.5000   0.000000e+00   0.000000e+00   6.099106e-22   8.432266e-19   7.726434e-19   6.900214e-19   5.208083e-19   3.975941e-19   7.677344e-19   6.154155e-19   6.368689e-19   5.561043e-19   4.625203e-19   3.465716e-19   2.519014e-19   2.703472e-19   1.352105e-19   3.838103e-20   0.000000e+00
         8.5500   0.000000e+00   0.000000e+00   5.757780e-22   8.095532e-19   7.417216e-19   6.607205e-19   4.986323e-19   3.812695e-19   7.431910e-19   5.955613e-19   6.163235e-19   5.382846e-19   4.473653e-19   3.349516e-19   2.431697e-19   2.634457e-19   1.351500e-19   3.830436e-20   0.000000e+00
         8.6000   0.000000e+00   0.000000e+00   5.435570e-22   7.770062e-19   7.118571e-19   6.325450e-19   4.773090e-19   3.655068e-19   7.190349e-19   5.760192e-19   5.961155e-19   5.207466e-19   4.324830e-19   3.235551e-19   2.346318e-19   2.564422e-19   1.348707e-19   3.814924e-20   0.000000e+00
         8.6500   0.000000e+00   0.000000e+00   5.131405e-22   7.455653e-19   6.830271e-19   6.054604e-19   4.568121e-19   3.502962e-19   6.952944e-19   5.568145e-19   5.762673e-19   5.035089e-19   4.178853e-19   3.123908e-19   2.262912e-19   2.493690e-19   1.344064e-19   3.792035e-20   0.000000e+00
         8.7000   0.000000e+00   0.000000e+00   4.844270e-22   7.152087e-19   6.552080e-19   5.794323e-19   4.371155e-19   3.356275e-19   6.719938e-19   5.379689e-19   5.567982e-19   4.865886e-19   4.035829e-19   3.014663e-19   2.181501e-19   2.422560e-19   1.337886e-19   3.762252e-20   0.000000e+00
         8.7500   0.000000e+00   0.000000e+00   4.573212e-22   6.859137e-19   6.283760e-19   5.544268e-19   4.181936e-19   3.214894e-19   6.491545e-19   5.195009e-19   5.377251e-19   4.700006e-19   3.895850e-19   2.907880e-19   2.102106e-19   2.352313e-19   1.330465e-19   3.726067e-20   0.000000e+00
         8.8000   0.000000e+00   0.000000e+00   4.317328e-22   6.576567e-19   6.025066e-19   5.304105e-19   4.000210e-19   3.078703e-19   6.267943e-19   5.014260e-19   5.190619e-19   4.537578e-19   3.758999e-19   2.803615e-19   2.024741e-19   2.282347e-19   1.322074e-19   3.683979e-20   0.000000e+00
         8.8500   0.000000e+00   0.000000e+00   4.075768e-22   6.304135e-19   5.775751e-19   5.073507e-19   3.825731e-19   2.947580e-19   6.049281e-19   4.837571e-19   5.008202e-19   4.378715e-19   3.625343e-19   2.701911e-19   1.949418e-19   2.212708e-19   1.312969e-19   3.636487e-20   0.000000e+00
         8.9000   0.000000e+00   0.000000e+00   3.847729e-22   6.041592e-19   5.535568e-19   4.852151e-19   3.658256e-19   2.821399e-19   5.835682e-19   4.665044e-19   4.830094e-19   4.223509e-19   3.494937e-19   2.602804e-19   1.876145e-19   2.143611e-19   1.303385e-19   3.584088e-20   0.000000e+00
         8.9500   0.000000e+00   0.000000e+00   3.632453e-22   5.788685e-19   5.304268e-19   4.639722e-19   3.497545e-19   2.700029e-19   5.627240e-19   4.496759e-19   4.656369e-19   4.072034e-19   3.367825e-19   2.506318e-19   1.804924e-19   2.075240e-19   1.293547e-19   3.527270e-20   0.000000e+00
         9.0000   0.000000e+00   0.000000e+00   3.429226e-22   5.545159e-19   5.081600e-19   4.435911e-19   3.343366e-19   2.583341e-19   5.424027e-19   4.332775e-19   4.487078e-19   3.924348e-19   3.244037e-19   2.412470e-19   1.735756e-19   2.007746e-19   1.283661e-19   3.466512e-20   0.000000e+00
