# CIE bound-bound cooling efficiency for Ca (Z=20)
# Source: CHIANTI v11.0.2 via ChiantiPy ion.boundBoundLoss
# Units: erg cm^3 / s, per ion per electron, low-density limit (n_e = 1 cm^-3)
# T grid: 121 log-spaced points, 10^3.00 K -> 10^9.00 K
# Generated by pyathena/photchem/data/build_cool_tables.py
#
# log_T_K        L_Ca0          L_Ca1          L_Ca2          L_Ca3          L_Ca4          L_Ca5          L_Ca6          L_Ca7          L_Ca8          L_Ca9          L_Ca10         L_Ca11         L_Ca12         L_Ca13         L_Ca14         L_Ca15         L_Ca16         L_Ca17         L_Ca18         L_Ca19         L_Ca20       
         3.0000   0.000000e+00   0.000000e+00   0.000000e+00   0.000000e+00   0.000000e+00   0.000000e+00   0.000000e+00   0.000000e+00   0.000000e+00   0.000000e+00   0.000000e+00   0.000000e+00   0.000000e+00   0.000000e+00   0.000000e+00   0.000000e+00   0.000000e+00   0.000000e+00   0.000000e+00   0.000000e+00   0.000000e+00
         3.0500   0.000000e+00   0.000000e+00   0.000000e+00   0.000000e+00   0.000000e+00   0.000000e+00   0.000000e+00   0.000000e+00   0.000000e+00   0.000000e+00   0.000000e+00   0.000000e+00   0.000000e+00   0.000000e+00   0.000000e+00   0.000000e+00   0.000000e+00   0.000000e+00   0.000000e+00   0.000000e+00   0.000000e+00
         3.1000   0.000000e+00   0.000000e+00   0.000000e+00   0.000000e+00   0.000000e+00   0.000000e+00   0.000000e+00   0.000000e+00   0.000000e+00   0.000000e+00   0.000000e+00   0.000000e+00   0.000000e+00   0.000000e+00   0.000000e+00   0.000000e+00   0.000000e+00   0.000000e+00   0.000000e+00   0.000000e+00   0.000000e+00
         3.1500   0.000000e+00   0.000000e+00   0.000000e+00   0.000000e+00   0.000000e+00   0.000000e+00   0.000000e+00   0.000000e+00   0.000000e+00   0.000000e+00   0.000000e+00   0.000000e+00   0.000000e+00   0.000000e+00   0.000000e+00   0.000000e+00   0.000000e+00   0.000000e+00   0.000000e+00   0.000000e+00   0.000000e+00
         3.2000   0.000000e+00   0.000000e+00   0.000000e+00   0.000000e+00   0.000000e+00   0.000000e+00   0.000000e+00   0.000000e+00   0.000000e+00   0.000000e+00   0.000000e+00   0.000000e+00   0.000000e+00   0.000000e+00   0.000000e+00   0.000000e+00   0.000000e+00   0.000000e+00   0.000000e+00   0.000000e+00   0.000000e+00
         3.2500   0.000000e+00   0.000000e+00   0.000000e+00   0.000000e+00   0.000000e+00   0.000000e+00   0.000000e+00   0.000000e+00   0.000000e+00   0.000000e+00   0.000000e+00   0.000000e+00   0.000000e+00   0.000000e+00   0.000000e+00   0.000000e+00   0.000000e+00   0.000000e+00   0.000000e+00   0.000000e+00   0.000000e+00
         3.3000   0.000000e+00   0.000000e+00   0.000000e+00   0.000000e+00   0.000000e+00   0.000000e+00   0.000000e+00   0.000000e+00   0.000000e+00   0.000000e+00   0.000000e+00   0.000000e+00   0.000000e+00   0.000000e+00   0.000000e+00   0.000000e+00   0.000000e+00   0.000000e+00   0.000000e+00   0.000000e+00   0.000000e+00
         3.3500   0.000000e+00   0.000000e+00   0.000000e+00   0.000000e+00   0.000000e+00   0.000000e+00   0.000000e+00   0.000000e+00   0.000000e+00   0.000000e+00   0.000000e+00   0.000000e+00   0.000000e+00   0.000000e+00   0.000000e+00   0.000000e+00   0.000000e+00   0.000000e+00   0.000000e+00   0.000000e+00   0.000000e+00
         3.4000   0.000000e+00   0.000000e+00   0.000000e+00   0.000000e+00   0.000000e+00   0.000000e+00   0.000000e+00   0.000000e+00   0.000000e+00   0.000000e+00   0.000000e+00   0.000000e+00   0.000000e+00   0.000000e+00   0.000000e+00   0.000000e+00   0.000000e+00   0.000000e+00   0.000000e+00   0.000000e+00   0.000000e+00
         3.4500   0.000000e+00   0.000000e+00   0.000000e+00   0.000000e+00   0.000000e+00   0.000000e+00   0.000000e+00   0.000000e+00   0.000000e+00   0.000000e+00   0.000000e+00   0.000000e+00   0.000000e+00   0.000000e+00   0.000000e+00   0.000000e+00   0.000000e+00   0.000000e+00   0.000000e+00   0.000000e+00   0.000000e+00
         3.5000   0.000000e+00   0.000000e+00   0.000000e+00   0.000000e+00   0.000000e+00   0.000000e+00   0.000000e+00   0.000000e+00   0.000000e+00   0.000000e+00   0.000000e+00   0.000000e+00   0.000000e+00   0.000000e+00   0.000000e+00   0.000000e+00   0.000000e+00   0.000000e+00   0.000000e+00   0.000000e+00   0.000000e+00
         3.5500   0.000000e+00   0.000000e+00   0.000000e+00   0.000000e+00   0.000000e+00   0.000000e+00   0.000000e+00   0.000000e+00   0.000000e+00   0.000000e+00   0.000000e+00   0.000000e+00   0.000000e+00   0.000000e+00   0.000000e+00   0.000000e+00   0.000000e+00   0.000000e+00   0.000000e+00   0.000000e+00   0.000000e+00
         3.6000   0.000000e+00   0.000000e+00   0.000000e+00   0.000000e+00   0.000000e+00   0.000000e+00   0.000000e+00   0.000000e+00   0.000000e+00   0.000000e+00   0.000000e+00   0.000000e+00   0.000000e+00   0.000000e+00   0.000000e+00   0.000000e+00   0.000000e+00   0.000000e+00   0.000000e+00   0.000000e+00   0.000000e+00
         3.6500   0.000000e+00   0.000000e+00   0.000000e+00   0.000000e+00   0.000000e+00   0.000000e+00   0.000000e+00   0.000000e+00   0.000000e+00   0.000000e+00   0.000000e+00   0.000000e+00   0.000000e+00   0.000000e+00   0.000000e+00   0.000000e+00   0.000000e+00   0.000000e+00   0.000000e+00   0.000000e+00   0.000000e+00
         3.7000   0.000000e+00   0.000000e+00   0.000000e+00   0.000000e+00   0.000000e+00   0.000000e+00   0.000000e+00   0.000000e+00   0.000000e+00   0.000000e+00   0.000000e+00   0.000000e+00   0.000000e+00   0.000000e+00   0.000000e+00   0.000000e+00   0.000000e+00   0.000000e+00   0.000000e+00   0.000000e+00   0.000000e+00
         3.7500   0.000000e+00   0.000000e+00   0.000000e+00   0.000000e+00   0.000000e+00   0.000000e+00   0.000000e+00   0.000000e+00   0.000000e+00   0.000000e+00   0.000000e+00   0.000000e+00   0.000000e+00   0.000000e+00   0.000000e+00   0.000000e+00   0.000000e+00   0.000000e+00   0.000000e+00   0.000000e+00   0.000000e+00
         3.8000   0.000000e+00   0.000000e+00   0.000000e+00   0.000000e+00   0.000000e+00   0.000000e+00   0.000000e+00   0.000000e+00   0.000000e+00   0.000000e+00   0.000000e+00   0.000000e+00   0.000000e+00   0.000000e+00   0.000000e+00   0.000000e+00   0.000000e+00   0.000000e+00   0.000000e+00   0.000000e+00   0.000000e+00
         3.8500   0.000000e+00   0.000000e+00   0.000000e+00   0.000000e+00   0.000000e+00   0.000000e+00   0.000000e+00   0.000000e+00   0.000000e+00   0.000000e+00   0.000000e+00   0.000000e+00   0.000000e+00   0.000000e+00   0.000000e+00   0.000000e+00   0.000000e+00   0.000000e+00   0.000000e+00   0.000000e+00   0.000000e+00
         3.9000   0.000000e+00   0.000000e+00   0.000000e+00   0.000000e+00   0.000000e+00   0.000000e+00   0.000000e+00   0.000000e+00   0.000000e+00   0.000000e+00   0.000000e+00   0.000000e+00   0.000000e+00   0.000000e+00   0.000000e+00   0.000000e+00   0.000000e+00   0.000000e+00   0.000000e+00   0.000000e+00   0.000000e+00
         3.9500   0.000000e+00   0.000000e+00   0.000000e+00   0.000000e+00   0.000000e+00   0.000000e+00   0.000000e+00   0.000000e+00   0.000000e+00   0.000000e+00   0.000000e+00   0.000000e+00   0.000000e+00   0.000000e+00   0.000000e+00   0.000000e+00   0.000000e+00   0.000000e+00   0.000000e+00   0.000000e+00   0.000000e+00
         4.0000   0.000000e+00   0.000000e+00   0.000000e+00   0.000000e+00   0.000000e+00   0.000000e+00   0.000000e+00   0.000000e+00   0.000000e+00   0.000000e+00   0.000000e+00   0.000000e+00   0.000000e+00   0.000000e+00   0.000000e+00   0.000000e+00   0.000000e+00   0.000000e+00   0.000000e+00   0.000000e+00   0.000000e+00
         4.0500   0.000000e+00   0.000000e+00   0.000000e+00   0.000000e+00   0.000000e+00   0.000000e+00   0.000000e+00   0.000000e+00   0.000000e+00   0.000000e+00   0.000000e+00   0.000000e+00   0.000000e+00   0.000000e+00   0.000000e+00   0.000000e+00   0.000000e+00   0.000000e+00   0.000000e+00   0.000000e+00   0.000000e+00
         4.1000   0.000000e+00   0.000000e+00   0.000000e+00   0.000000e+00   0.000000e+00   0.000000e+00   0.000000e+00   0.000000e+00   0.000000e+00   0.000000e+00   0.000000e+00   0.000000e+00   0.000000e+00   0.000000e+00   0.000000e+00   0.000000e+00   0.000000e+00   0.000000e+00   0.000000e+00   0.000000e+00   0.000000e+00
         4.1500   0.000000e+00   0.000000e+00   0.000000e+00   0.000000e+00   0.000000e+00   0.000000e+00   0.000000e+00   0.000000e+00   0.000000e+00   0.000000e+00   0.000000e+00   0.000000e+00   0.000000e+00   0.000000e+00   0.000000e+00   0.000000e+00   0.000000e+00   0.000000e+00   0.000000e+00   0.000000e+00   0.000000e+00
         4.2000   0.000000e+00   0.000000e+00   0.000000e+00   0.000000e+00   0.000000e+00   0.000000e+00   0.000000e+00   0.000000e+00   0.000000e+00   0.000000e+00   0.000000e+00   0.000000e+00   0.000000e+00   0.000000e+00   0.000000e+00   0.000000e+00   0.000000e+00   0.000000e+00   0.000000e+00   0.000000e+00   0.000000e+00
         4.2500   0.000000e+00   0.000000e+00   0.000000e+00   0.000000e+00   0.000000e+00   0.000000e+00   0.000000e+00   0.000000e+00   0.000000e+00   0.000000e+00   0.000000e+00   0.000000e+00   0.000000e+00   0.000000e+00   0.000000e+00   0.000000e+00   0.000000e+00   0.000000e+00   0.000000e+00   0.000000e+00   0.000000e+00
         4.3000   0.000000e+00   0.000000e+00   0.000000e+00   0.000000e+00   0.000000e+00   0.000000e+00   0.000000e+00   0.000000e+00   0.000000e+00   0.000000e+00   0.000000e+00   0.000000e+00   0.000000e+00   0.000000e+00   0.000000e+00   0.000000e+00   0.000000e+00   0.000000e+00   0.000000e+00   0.000000e+00   0.000000e+00
         4.3500   0.000000e+00   0.000000e+00   0.000000e+00   0.000000e+00   0.000000e+00   0.000000e+00   0.000000e+00   0.000000e+00   0.000000e+00   0.000000e+00   0.000000e+00   0.000000e+00   0.000000e+00   0.000000e+00   0.000000e+00   0.000000e+00   0.000000e+00   0.000000e+00   0.000000e+00   0.000000e+00   0.000000e+00
         4.4000   0.000000e+00   0.000000e+00   0.000000e+00   0.000000e+00   0.000000e+00   0.000000e+00   0.000000e+00   0.000000e+00   0.000000e+00   0.000000e+00   0.000000e+00   0.000000e+00   0.000000e+00   0.000000e+00   0.000000e+00   0.000000e+00   0.000000e+00   0.000000e+00   0.000000e+00   0.000000e+00   0.000000e+00
         4.4500   0.000000e+00   0.000000e+00   0.000000e+00   0.000000e+00   0.000000e+00   0.000000e+00   0.000000e+00   0.000000e+00   0.000000e+00   0.000000e+00   0.000000e+00   0.000000e+00   0.000000e+00   0.000000e+00   0.000000e+00   0.000000e+00   0.000000e+00   0.000000e+00   0.000000e+00   0.000000e+00   0.000000e+00
         4.5000   0.000000e+00   0.000000e+00   0.000000e+00   0.000000e+00   0.000000e+00   0.000000e+00   0.000000e+00   0.000000e+00   0.000000e+00   0.000000e+00   0.000000e+00   0.000000e+00   0.000000e+00   0.000000e+00   0.000000e+00   0.000000e+00   0.000000e+00   0.000000e+00   0.000000e+00   0.000000e+00   0.000000e+00
         4.5500   0.000000e+00   0.000000e+00   0.000000e+00   0.000000e+00   0.000000e+00   0.000000e+00   0.000000e+00   0.000000e+00   0.000000e+00   0.000000e+00   0.000000e+00   0.000000e+00   0.000000e+00   0.000000e+00   0.000000e+00   0.000000e+00   0.000000e+00   0.000000e+00   0.000000e+00   0.000000e+00   0.000000e+00
         4.6000   0.000000e+00   0.000000e+00   0.000000e+00   0.000000e+00   0.000000e+00   0.000000e+00   0.000000e+00   0.000000e+00   0.000000e+00   0.000000e+00   0.000000e+00   0.000000e+00   0.000000e+00   0.000000e+00   0.000000e+00   0.000000e+00   0.000000e+00   0.000000e+00   0.000000e+00   0.000000e+00   0.000000e+00
         4.6500   0.000000e+00   0.000000e+00   0.000000e+00   0.000000e+00   0.000000e+00   0.000000e+00   0.000000e+00   0.000000e+00   0.000000e+00   0.000000e+00   0.000000e+00   0.000000e+00   0.000000e+00   0.000000e+00   0.000000e+00   0.000000e+00   0.000000e+00   0.000000e+00   0.000000e+00   0.000000e+00   0.000000e+00
         4.7000   0.000000e+00   0.000000e+00   0.000000e+00   0.000000e+00   0.000000e+00   0.000000e+00   0.000000e+00   0.000000e+00   0.000000e+00   0.000000e+00   0.000000e+00   0.000000e+00   0.000000e+00   0.000000e+00   0.000000e+00   0.000000e+00   0.000000e+00   0.000000e+00   0.000000e+00   0.000000e+00   0.000000e+00
         4.7500   0.000000e+00   0.000000e+00   0.000000e+00   0.000000e+00   0.000000e+00   0.000000e+00   0.000000e+00   0.000000e+00   0.000000e+00   0.000000e+00   0.000000e+00   0.000000e+00   0.000000e+00   0.000000e+00   0.000000e+00   0.000000e+00   0.000000e+00   0.000000e+00   0.000000e+00   0.000000e+00   0.000000e+00
         4.8000   0.000000e+00   0.000000e+00   0.000000e+00   0.000000e+00   0.000000e+00   0.000000e+00   0.000000e+00   0.000000e+00   0.000000e+00   0.000000e+00   0.000000e+00   0.000000e+00   0.000000e+00   0.000000e+00   0.000000e+00   0.000000e+00   0.000000e+00   0.000000e+00   0.000000e+00   0.000000e+00   0.000000e+00
         4.8500   0.000000e+00   0.000000e+00   0.000000e+00   0.000000e+00   0.000000e+00   0.000000e+00   0.000000e+00   0.000000e+00   0.000000e+00   0.000000e+00   0.000000e+00   0.000000e+00   0.000000e+00   0.000000e+00   0.000000e+00   0.000000e+00   0.000000e+00   0.000000e+00  8.641909e-296  2.117977e-311   0.000000e+00
         4.9000   0.000000e+00   0.000000e+00   0.000000e+00   0.000000e+00   0.000000e+00   0.000000e+00   0.000000e+00   0.000000e+00   0.000000e+00   0.000000e+00   0.000000e+00   0.000000e+00   0.000000e+00   0.000000e+00   0.000000e+00   0.000000e+00   0.000000e+00   0.000000e+00  9.510708e-266  1.109377e-279   0.000000e+00
         4.9500   0.000000e+00   0.000000e+00   0.000000e+00   0.000000e+00   0.000000e+00   0.000000e+00   0.000000e+00   0.000000e+00   0.000000e+00   0.000000e+00   0.000000e+00   0.000000e+00   0.000000e+00   0.000000e+00   0.000000e+00   0.000000e+00   0.000000e+00   0.000000e+00  5.612236e-239  2.051898e-251   0.000000e+00
         5.0000   0.000000e+00   0.000000e+00   0.000000e+00   0.000000e+00   0.000000e+00   0.000000e+00   0.000000e+00   0.000000e+00   0.000000e+00   0.000000e+00   0.000000e+00   0.000000e+00   0.000000e+00   0.000000e+00   0.000000e+00   0.000000e+00   0.000000e+00   0.000000e+00  4.026909e-215  3.181037e-226   0.000000e+00
         5.0500   0.000000e+00   0.000000e+00   0.000000e+00   0.000000e+00   0.000000e+00   0.000000e+00   0.000000e+00   0.000000e+00   0.000000e+00   0.000000e+00   0.000000e+00   0.000000e+00   0.000000e+00   0.000000e+00   0.000000e+00   0.000000e+00   0.000000e+00   0.000000e+00  7.288891e-194  8.931218e-204   0.000000e+00
         5.1000   0.000000e+00   0.000000e+00   0.000000e+00   0.000000e+00   0.000000e+00   0.000000e+00   0.000000e+00   0.000000e+00   0.000000e+00   0.000000e+00   0.000000e+00   0.000000e+00   0.000000e+00   0.000000e+00   0.000000e+00   0.000000e+00   0.000000e+00   0.000000e+00  6.378481e-175  9.023780e-184   0.000000e+00
         5.1500   0.000000e+00   0.000000e+00   0.000000e+00   0.000000e+00   0.000000e+00   0.000000e+00   0.000000e+00   0.000000e+00   0.000000e+00   0.000000e+00   0.000000e+00   0.000000e+00   0.000000e+00   0.000000e+00   0.000000e+00   0.000000e+00   0.000000e+00   0.000000e+00  4.819436e-158  6.050345e-166   0.000000e+00
         5.2000   0.000000e+00   0.000000e+00   0.000000e+00   0.000000e+00   0.000000e+00   0.000000e+00   0.000000e+00   0.000000e+00   0.000000e+00   0.000000e+00   0.000000e+00   0.000000e+00   0.000000e+00   0.000000e+00   0.000000e+00   0.000000e+00   0.000000e+00   0.000000e+00  5.273245e-143  4.644739e-150   0.000000e+00
         5.2500   0.000000e+00   0.000000e+00   0.000000e+00   0.000000e+00   0.000000e+00   0.000000e+00   0.000000e+00   0.000000e+00   0.000000e+00   0.000000e+00   0.000000e+00   0.000000e+00   0.000000e+00   0.000000e+00   0.000000e+00   0.000000e+00   0.000000e+00   0.000000e+00  1.325239e-129  6.638178e-136   0.000000e+00
         5.3000   0.000000e+00   0.000000e+00   0.000000e+00   0.000000e+00   0.000000e+00   0.000000e+00   0.000000e+00   0.000000e+00   0.000000e+00   0.000000e+00   0.000000e+00   0.000000e+00   0.000000e+00   0.000000e+00   0.000000e+00   0.000000e+00   0.000000e+00   0.000000e+00  1.154476e-117  2.723968e-123   0.000000e+00
         5.3500   0.000000e+00   0.000000e+00   0.000000e+00   0.000000e+00   0.000000e+00   0.000000e+00   0.000000e+00   0.000000e+00   0.000000e+00   0.000000e+00   0.000000e+00   0.000000e+00   0.000000e+00   0.000000e+00   0.000000e+00   0.000000e+00   0.000000e+00   0.000000e+00  5.029491e-107  4.721919e-112   0.000000e+00
         5.4000   0.000000e+00   0.000000e+00   0.000000e+00   0.000000e+00   0.000000e+00   0.000000e+00   0.000000e+00   0.000000e+00   0.000000e+00   0.000000e+00   0.000000e+00   0.000000e+00   0.000000e+00   0.000000e+00   0.000000e+00   0.000000e+00   0.000000e+00   0.000000e+00   1.518707e-97  4.878213e-102   0.000000e+00
         5.4500   0.000000e+00   0.000000e+00   0.000000e+00   0.000000e+00   0.000000e+00   0.000000e+00   0.000000e+00   0.000000e+00   0.000000e+00   0.000000e+00   0.000000e+00   0.000000e+00   0.000000e+00   0.000000e+00   0.000000e+00   0.000000e+00   0.000000e+00   0.000000e+00   4.251137e-89   4.081670e-93   0.000000e+00
         5.5000   0.000000e+00   0.000000e+00   0.000000e+00   0.000000e+00   0.000000e+00   0.000000e+00   0.000000e+00   0.000000e+00   0.000000e+00   0.000000e+00   0.000000e+00   0.000000e+00   0.000000e+00   0.000000e+00   0.000000e+00   0.000000e+00   0.000000e+00   0.000000e+00   1.428887e-81   3.635580e-85   0.000000e+00
         5.5500   0.000000e+00   0.000000e+00   0.000000e+00   0.000000e+00   0.000000e+00   0.000000e+00   0.000000e+00   0.000000e+00   0.000000e+00   0.000000e+00   0.000000e+00   0.000000e+00   0.000000e+00   0.000000e+00   0.000000e+00   0.000000e+00   0.000000e+00   0.000000e+00   7.258486e-75   4.398271e-78   0.000000e+00
         5.6000   0.000000e+00   0.000000e+00   0.000000e+00   0.000000e+00   0.000000e+00   0.000000e+00   0.000000e+00   0.000000e+00   0.000000e+00   0.000000e+00   0.000000e+00   0.000000e+00   0.000000e+00   0.000000e+00   0.000000e+00   0.000000e+00   0.000000e+00   0.000000e+00   6.835832e-69   8.979867e-72   0.000000e+00
         5.6500   0.000000e+00   0.000000e+00   0.000000e+00   0.000000e+00   0.000000e+00   0.000000e+00   0.000000e+00   0.000000e+00   0.000000e+00   0.000000e+00   0.000000e+00   0.000000e+00   0.000000e+00   0.000000e+00   0.000000e+00   0.000000e+00   0.000000e+00   0.000000e+00   1.433067e-63   3.754821e-66   0.000000e+00
         5.7000   0.000000e+00   0.000000e+00   0.000000e+00   0.000000e+00   0.000000e+00   0.000000e+00   0.000000e+00   0.000000e+00   0.000000e+00   0.000000e+00   0.000000e+00   0.000000e+00   0.000000e+00   0.000000e+00   0.000000e+00   0.000000e+00   0.000000e+00   0.000000e+00   7.875703e-59   3.820775e-61   0.000000e+00
         5.7500   0.000000e+00   0.000000e+00   0.000000e+00   0.000000e+00   0.000000e+00   0.000000e+00   0.000000e+00   0.000000e+00   0.000000e+00   0.000000e+00   0.000000e+00   0.000000e+00   0.000000e+00   0.000000e+00   0.000000e+00   0.000000e+00   0.000000e+00   0.000000e+00   1.312766e-54   1.103370e-56   0.000000e+00
         5.8000   0.000000e+00   0.000000e+00   0.000000e+00   0.000000e+00   0.000000e+00   0.000000e+00   0.000000e+00   0.000000e+00   0.000000e+00   0.000000e+00   0.000000e+00   0.000000e+00   0.000000e+00   0.000000e+00   0.000000e+00   0.000000e+00   0.000000e+00   0.000000e+00   7.558631e-51   1.037053e-52   0.000000e+00
         5.8500   0.000000e+00   0.000000e+00   0.000000e+00   0.000000e+00   0.000000e+00   0.000000e+00   0.000000e+00   0.000000e+00   0.000000e+00   0.000000e+00   0.000000e+00   0.000000e+00   0.000000e+00   0.000000e+00   0.000000e+00   0.000000e+00   0.000000e+00   0.000000e+00   1.688298e-47   3.584449e-49   0.000000e+00
         5.9000   0.000000e+00   0.000000e+00   0.000000e+00   0.000000e+00   0.000000e+00   0.000000e+00   0.000000e+00   0.000000e+00   0.000000e+00   0.000000e+00   0.000000e+00   0.000000e+00   0.000000e+00   0.000000e+00   0.000000e+00   0.000000e+00   0.000000e+00   0.000000e+00   1.622404e-44   5.079799e-46   0.000000e+00
         5.9500   0.000000e+00   0.000000e+00   0.000000e+00   0.000000e+00   0.000000e+00   0.000000e+00   0.000000e+00   0.000000e+00   0.000000e+00   0.000000e+00   0.000000e+00   0.000000e+00   0.000000e+00   0.000000e+00   0.000000e+00   0.000000e+00   0.000000e+00   0.000000e+00   7.354411e-42   3.252314e-43   0.000000e+00
         6.0000   0.000000e+00   0.000000e+00   0.000000e+00   0.000000e+00   0.000000e+00   0.000000e+00   0.000000e+00   0.000000e+00   0.000000e+00   0.000000e+00   0.000000e+00   0.000000e+00   0.000000e+00   0.000000e+00   0.000000e+00   0.000000e+00   0.000000e+00   0.000000e+00   1.706756e-39   1.025643e-40   0.000000e+00
         6.0500   0.000000e+00   0.000000e+00   0.000000e+00   0.000000e+00   0.000000e+00   0.000000e+00   0.000000e+00   0.000000e+00   0.000000e+00   0.000000e+00   0.000000e+00   0.000000e+00   0.000000e+00   0.000000e+00   0.000000e+00   0.000000e+00   0.000000e+00   0.000000e+00   2.181110e-37   1.720712e-38   0.000000e+00
         6.1000   0.000000e+00   0.000000e+00   0.000000e+00   0.000000e+00   0.000000e+00   0.000000e+00   0.000000e+00   0.000000e+00   0.000000e+00   0.000000e+00   0.000000e+00   0.000000e+00   0.000000e+00   0.000000e+00   0.000000e+00   0.000000e+00   0.000000e+00   0.000000e+00   1.637661e-35   1.644897e-36   0.000000e+00
         6.1500   0.000000e+00   0.000000e+00   0.000000e+00   0.000000e+00   0.000000e+00   0.000000e+00   0.000000e+00   0.000000e+00   0.000000e+00   0.000000e+00   0.000000e+00   0.000000e+00   0.000000e+00   0.000000e+00   0.000000e+00   0.000000e+00   0.000000e+00   0.000000e+00   7.653333e-34   9.524785e-35   0.000000e+00
         6.2000   0.000000e+00   0.000000e+00   0.000000e+00   0.000000e+00   0.000000e+00   0.000000e+00   0.000000e+00   0.000000e+00   0.000000e+00   0.000000e+00   0.000000e+00   0.000000e+00   0.000000e+00   0.000000e+00   0.000000e+00   0.000000e+00   0.000000e+00   0.000000e+00   2.343221e-32   3.528046e-33   0.000000e+00
         6.2500   0.000000e+00   0.000000e+00   0.000000e+00   0.000000e+00   0.000000e+00   0.000000e+00   0.000000e+00   0.000000e+00   0.000000e+00   0.000000e+00   0.000000e+00   0.000000e+00   0.000000e+00   0.000000e+00   0.000000e+00   0.000000e+00   0.000000e+00   0.000000e+00   4.919085e-31   8.775612e-32   0.000000e+00
         6.3000   0.000000e+00   0.000000e+00   0.000000e+00   0.000000e+00   0.000000e+00   0.000000e+00   0.000000e+00   0.000000e+00   0.000000e+00   0.000000e+00   0.000000e+00   0.000000e+00   0.000000e+00   0.000000e+00   0.000000e+00   0.000000e+00   0.000000e+00   0.000000e+00   7.373270e-30   1.530703e-30   0.000000e+00
         6.3500   0.000000e+00   0.000000e+00   0.000000e+00   0.000000e+00   0.000000e+00   0.000000e+00   0.000000e+00   0.000000e+00   0.000000e+00   0.000000e+00   0.000000e+00   0.000000e+00   0.000000e+00   0.000000e+00   0.000000e+00   0.000000e+00   0.000000e+00   0.000000e+00   8.184536e-29   1.945955e-29   0.000000e+00
         6.4000   0.000000e+00   0.000000e+00   0.000000e+00   0.000000e+00   0.000000e+00   0.000000e+00   0.000000e+00   0.000000e+00   0.000000e+00   0.000000e+00   0.000000e+00   0.000000e+00   0.000000e+00   0.000000e+00   0.000000e+00   0.000000e+00   0.000000e+00   0.000000e+00   6.951745e-28   1.866099e-28   0.000000e+00
         6.4500   0.000000e+00   0.000000e+00   0.000000e+00   0.000000e+00   0.000000e+00   0.000000e+00   0.000000e+00   0.000000e+00   0.000000e+00   0.000000e+00   0.000000e+00   0.000000e+00   0.000000e+00   0.000000e+00   0.000000e+00   0.000000e+00   0.000000e+00   0.000000e+00   4.651982e-27   1.391863e-27   0.000000e+00
         6.5000   0.000000e+00   0.000000e+00   0.000000e+00   0.000000e+00   0.000000e+00   0.000000e+00   0.000000e+00   0.000000e+00   0.000000e+00   0.000000e+00   0.000000e+00   0.000000e+00   0.000000e+00   0.000000e+00   0.000000e+00   0.000000e+00   0.000000e+00   0.000000e+00   2.517338e-26   8.297792e-27   0.000000e+00
         6.5500   0.000000e+00   0.000000e+00   0.000000e+00   0.000000e+00   0.000000e+00   0.000000e+00   0.000000e+00   0.000000e+00   0.000000e+00   0.000000e+00   0.000000e+00   0.000000e+00   0.000000e+00   0.000000e+00   0.000000e+00   0.000000e+00   0.000000e+00   0.000000e+00   1.127464e-25   4.051146e-26   0.000000e+00
         6.6000   0.000000e+00   0.000000e+00   0.000000e+00   0.000000e+00   0.000000e+00   0.000000e+00   0.000000e+00   0.000000e+00   0.000000e+00   0.000000e+00   0.000000e+00   0.000000e+00   0.000000e+00   0.000000e+00   0.000000e+00   0.000000e+00   0.000000e+00   0.000000e+00   4.267062e-25   1.655122e-25   0.000000e+00
         6.6500   0.000000e+00   0.000000e+00   0.000000e+00   0.000000e+00   0.000000e+00   0.000000e+00   0.000000e+00   0.000000e+00   0.000000e+00   0.000000e+00   0.000000e+00   0.000000e+00   0.000000e+00   0.000000e+00   0.000000e+00   0.000000e+00   0.000000e+00   0.000000e+00   1.390047e-24   5.768685e-25   0.000000e+00
         6.7000   0.000000e+00   0.000000e+00   0.000000e+00   0.000000e+00   0.000000e+00   0.000000e+00   0.000000e+00   0.000000e+00   0.000000e+00   0.000000e+00   0.000000e+00   0.000000e+00   0.000000e+00   0.000000e+00   0.000000e+00   0.000000e+00   0.000000e+00   0.000000e+00   3.962208e-24   1.744866e-24   0.000000e+00
         6.7500   0.000000e+00   0.000000e+00   0.000000e+00   0.000000e+00   0.000000e+00   0.000000e+00   0.000000e+00   0.000000e+00   0.000000e+00   0.000000e+00   0.000000e+00   0.000000e+00   0.000000e+00   0.000000e+00   0.000000e+00   0.000000e+00   0.000000e+00   0.000000e+00   1.002805e-23   4.651087e-24   0.000000e+00
         6.8000   0.000000e+00   0.000000e+00   0.000000e+00   0.000000e+00   0.000000e+00   0.000000e+00   0.000000e+00   0.000000e+00   0.000000e+00   0.000000e+00   0.000000e+00   0.000000e+00   0.000000e+00   0.000000e+00   0.000000e+00   0.000000e+00   0.000000e+00   0.000000e+00   2.283214e-23   1.107739e-23   0.000000e+00
         6.8500   0.000000e+00   0.000000e+00   0.000000e+00   0.000000e+00   0.000000e+00   0.000000e+00   0.000000e+00   0.000000e+00   0.000000e+00   0.000000e+00   0.000000e+00   0.000000e+00   0.000000e+00   0.000000e+00   0.000000e+00   0.000000e+00   0.000000e+00   0.000000e+00   4.731476e-23   2.386437e-23   0.000000e+00
         6.9000   0.000000e+00   0.000000e+00   0.000000e+00   0.000000e+00   0.000000e+00   0.000000e+00   0.000000e+00   0.000000e+00   0.000000e+00   0.000000e+00   0.000000e+00   0.000000e+00   0.000000e+00   0.000000e+00   0.000000e+00   0.000000e+00   0.000000e+00   0.000000e+00   9.017709e-23   4.701686e-23   0.000000e+00
         6.9500   0.000000e+00   0.000000e+00   0.000000e+00   0.000000e+00   0.000000e+00   0.000000e+00   0.000000e+00   0.000000e+00   0.000000e+00   0.000000e+00   0.000000e+00   0.000000e+00   0.000000e+00   0.000000e+00   0.000000e+00   0.000000e+00   0.000000e+00   0.000000e+00   1.595580e-22   8.554499e-23   0.000000e+00
         7.0000   0.000000e+00   0.000000e+00   0.000000e+00   0.000000e+00   0.000000e+00   0.000000e+00   0.000000e+00   0.000000e+00   0.000000e+00   0.000000e+00   0.000000e+00   0.000000e+00   0.000000e+00   0.000000e+00   0.000000e+00   0.000000e+00   0.000000e+00   0.000000e+00   2.643053e-22   1.449964e-22   0.000000e+00
         7.0500   0.000000e+00   0.000000e+00   0.000000e+00   0.000000e+00   0.000000e+00   0.000000e+00   0.000000e+00   0.000000e+00   0.000000e+00   0.000000e+00   0.000000e+00   0.000000e+00   0.000000e+00   0.000000e+00   0.000000e+00   0.000000e+00   0.000000e+00   0.000000e+00   4.129493e-22   2.307350e-22   0.000000e+00
         7.1000   0.000000e+00   0.000000e+00   0.000000e+00   0.000000e+00   0.000000e+00   0.000000e+00   0.000000e+00   0.000000e+00   0.000000e+00   0.000000e+00   0.000000e+00   0.000000e+00   0.000000e+00   0.000000e+00   0.000000e+00   0.000000e+00   0.000000e+00   0.000000e+00   6.125880e-22   3.471093e-22   0.000000e+00
         7.1500   0.000000e+00   0.000000e+00   0.000000e+00   0.000000e+00   0.000000e+00   0.000000e+00   0.000000e+00   0.000000e+00   0.000000e+00   0.000000e+00   0.000000e+00   0.000000e+00   0.000000e+00   0.000000e+00   0.000000e+00   0.000000e+00   0.000000e+00   0.000000e+00   8.679085e-22   4.966944e-22   0.000000e+00
         7.2000   0.000000e+00   0.000000e+00   0.000000e+00   0.000000e+00   0.000000e+00   0.000000e+00   0.000000e+00   0.000000e+00   0.000000e+00   0.000000e+00   0.000000e+00   0.000000e+00   0.000000e+00   0.000000e+00   0.000000e+00   0.000000e+00   0.000000e+00   0.000000e+00   1.180531e-21   6.797702e-22   0.000000e+00
         7.2500   0.000000e+00   0.000000e+00   0.000000e+00   0.000000e+00   0.000000e+00   0.000000e+00   0.000000e+00   0.000000e+00   0.000000e+00   0.000000e+00   0.000000e+00   0.000000e+00   0.000000e+00   0.000000e+00   0.000000e+00   0.000000e+00   0.000000e+00   0.000000e+00   1.548771e-21   8.941338e-22   0.000000e+00
         7.3000   0.000000e+00   0.000000e+00   0.000000e+00   0.000000e+00   0.000000e+00   0.000000e+00   0.000000e+00   0.000000e+00   0.000000e+00   0.000000e+00   0.000000e+00   0.000000e+00   0.000000e+00   0.000000e+00   0.000000e+00   0.000000e+00   0.000000e+00   0.000000e+00   1.967784e-21   1.135260e-21   0.000000e+00
         7.3500   0.000000e+00   0.000000e+00   0.000000e+00   0.000000e+00   0.000000e+00   0.000000e+00   0.000000e+00   0.000000e+00   0.000000e+00   0.000000e+00   0.000000e+00   0.000000e+00   0.000000e+00   0.000000e+00   0.000000e+00   0.000000e+00   0.000000e+00   0.000000e+00   2.429907e-21   1.396748e-21   0.000000e+00
         7.4000   0.000000e+00   0.000000e+00   0.000000e+00   0.000000e+00   0.000000e+00   0.000000e+00   0.000000e+00   0.000000e+00   0.000000e+00   0.000000e+00   0.000000e+00   0.000000e+00   0.000000e+00   0.000000e+00   0.000000e+00   0.000000e+00   0.000000e+00   0.000000e+00   2.925396e-21   1.670955e-21   0.000000e+00
         7.4500   0.000000e+00   0.000000e+00   0.000000e+00   0.000000e+00   0.000000e+00   0.000000e+00   0.000000e+00   0.000000e+00   0.000000e+00   0.000000e+00   0.000000e+00   0.000000e+00   0.000000e+00   0.000000e+00   0.000000e+00   0.000000e+00   0.000000e+00   0.000000e+00   3.443304e-21   1.949693e-21   0.000000e+00
         7.5000   0.000000e+00   0.000000e+00   0.000000e+00   0.000000e+00   0.000000e+00   0.000000e+00   0.000000e+00   0.000000e+00   0.000000e+00   0.000000e+00   0.000000e+00   0.000000e+00   0.000000e+00   0.000000e+00   0.000000e+00   0.000000e+00   0.000000e+00   0.000000e+00   3.972294e-21   2.224892e-21   0.000000e+00
         7.5500   0.000000e+00   0.000000e+00   0.000000e+00   0.000000e+00   0.000000e+00   0.000000e+00   0.000000e+00   0.000000e+00   0.000000e+00   0.000000e+00   0.000000e+00   0.000000e+00   0.000000e+00   0.000000e+00   0.000000e+00   0.000000e+00   0.000000e+00   0.000000e+00   4.501351e-21   2.489148e-21   0.000000e+00
         7.6000   0.000000e+00   0.000000e+00   0.000000e+00   0.000000e+00   0.000000e+00   0.000000e+00   0.000000e+00   0.000000e+00   0.000000e+00   0.000000e+00   0.000000e+00   0.000000e+00   0.000000e+00   0.000000e+00   0.000000e+00   0.000000e+00   0.000000e+00   0.000000e+00   5.020214e-21   2.736122e-21   0.000000e+00
         7.6500   0.000000e+00   0.000000e+00   0.000000e+00   0.000000e+00   0.000000e+00   0.000000e+00   0.000000e+00   0.000000e+00   0.000000e+00   0.000000e+00   0.000000e+00   0.000000e+00   0.000000e+00   0.000000e+00   0.000000e+00   0.000000e+00   0.000000e+00   0.000000e+00   5.519053e-21   2.960776e-21   0.000000e+00
         7.7000   0.000000e+00   0.000000e+00   0.000000e+00   0.000000e+00   0.000000e+00   0.000000e+00   0.000000e+00   0.000000e+00   0.000000e+00   0.000000e+00   0.000000e+00   0.000000e+00   0.000000e+00   0.000000e+00   0.000000e+00   0.000000e+00   0.000000e+00   0.000000e+00   5.989268e-21   3.159466e-21   0.000000e+00
         7.7500   0.000000e+00   0.000000e+00   0.000000e+00   0.000000e+00   0.000000e+00   0.000000e+00   0.000000e+00   0.000000e+00   0.000000e+00   0.000000e+00   0.000000e+00   0.000000e+00   0.000000e+00   0.000000e+00   0.000000e+00   0.000000e+00   0.000000e+00   0.000000e+00   6.424039e-21   3.329904e-21   0.000000e+00
         7.8000   0.000000e+00   0.000000e+00   0.000000e+00   0.000000e+00   0.000000e+00   0.000000e+00   0.000000e+00   0.000000e+00   0.000000e+00   0.000000e+00   0.000000e+00   0.000000e+00   0.000000e+00   0.000000e+00   0.000000e+00   0.000000e+00   0.000000e+00   0.000000e+00   6.818381e-21   3.471043e-21   0.000000e+00
         7.8500   0.000000e+00   0.000000e+00   0.000000e+00   0.000000e+00   0.000000e+00   0.000000e+00   0.000000e+00   0.000000e+00   0.000000e+00   0.000000e+00   0.000000e+00   0.000000e+00   0.000000e+00   0.000000e+00   0.000000e+00   0.000000e+00   0.000000e+00   0.000000e+00   7.169084e-21   3.582899e-21   0.000000e+00
         7.9000   0.000000e+00   0.000000e+00   0.000000e+00   0.000000e+00   0.000000e+00   0.000000e+00   0.000000e+00   0.000000e+00   0.000000e+00   0.000000e+00   0.000000e+00   0.000000e+00   0.000000e+00   0.000000e+00   0.000000e+00   0.000000e+00   0.000000e+00   0.000000e+00   7.474401e-21   3.666352e-21   0.000000e+00
         7.9500   0.000000e+00   0.000000e+00   0.000000e+00   0.000000e+00   0.000000e+00   0.000000e+00   0.000000e+00   0.000000e+00   0.000000e+00   0.000000e+00   0.000000e+00   0.000000e+00   0.000000e+00   0.000000e+00   0.000000e+00   0.000000e+00   0.000000e+00   0.000000e+00   7.733096e-21   3.722939e-21   0.000000e+00
         8.0000   0.000000e+00   0.000000e+00   0.000000e+00   0.000000e+00   0.000000e+00   0.000000e+00   0.000000e+00   0.000000e+00   0.000000e+00   0.000000e+00   0.000000e+00   0.000000e+00   0.000000e+00   0.000000e+00   0.000000e+00   0.000000e+00   0.000000e+00   0.000000e+00   7.944992e-21   3.754660e-21   0.000000e+00
         8.0500   0.000000e+00   0.000000e+00   0.000000e+00   0.000000e+00   0.000000e+00   0.000000e+00   0.000000e+00   0.000000e+00   0.000000e+00   0.000000e+00   0.000000e+00   0.000000e+00   0.000000e+00   0.000000e+00   0.000000e+00   0.000000e+00   0.000000e+00   0.000000e+00   8.111173e-21   3.763809e-21   0.000000e+00
         8.1000   0.000000e+00   0.000000e+00   0.000000e+00   0.000000e+00   0.000000e+00   0.000000e+00   0.000000e+00   0.000000e+00   0.000000e+00   0.000000e+00   0.000000e+00   0.000000e+00   0.000000e+00   0.000000e+00   0.000000e+00   0.000000e+00   0.000000e+00   0.000000e+00   8.233703e-21   3.752828e-21   0.000000e+00
         8.1500   0.000000e+00   0.000000e+00   0.000000e+00   0.000000e+00   0.000000e+00   0.000000e+00   0.000000e+00   0.000000e+00   0.000000e+00   0.000000e+00   0.000000e+00   0.000000e+00   0.000000e+00   0.000000e+00   0.000000e+00   0.000000e+00   0.000000e+00   0.000000e+00   8.315360e-21   3.724190e-21   0.000000e+00
         8.2000   0.000000e+00   0.000000e+00   0.000000e+00   0.000000e+00   0.000000e+00   0.000000e+00   0.000000e+00   0.000000e+00   0.000000e+00   0.000000e+00   0.000000e+00   0.000000e+00   0.000000e+00   0.000000e+00   0.000000e+00   0.000000e+00   0.000000e+00   0.000000e+00   8.359396e-21   3.680317e-21   0.000000e+00
         8.2500   0.000000e+00   0.000000e+00   0.000000e+00   0.000000e+00   0.000000e+00   0.000000e+00   0.000000e+00   0.000000e+00   0.000000e+00   0.000000e+00   0.000000e+00   0.000000e+00   0.000000e+00   0.000000e+00   0.000000e+00   0.000000e+00   0.000000e+00   0.000000e+00   8.369332e-21   3.623511e-21   0.000000e+00
         8.3000   0.000000e+00   0.000000e+00   0.000000e+00   0.000000e+00   0.000000e+00   0.000000e+00   0.000000e+00   0.000000e+00   0.000000e+00   0.000000e+00   0.000000e+00   0.000000e+00   0.000000e+00   0.000000e+00   0.000000e+00   0.000000e+00   0.000000e+00   0.000000e+00   8.348747e-21   3.555912e-21   0.000000e+00
         8.3500   0.000000e+00   0.000000e+00   0.000000e+00   0.000000e+00   0.000000e+00   0.000000e+00   0.000000e+00   0.000000e+00   0.000000e+00   0.000000e+00   0.000000e+00   0.000000e+00   0.000000e+00   0.000000e+00   0.000000e+00   0.000000e+00   0.000000e+00   0.000000e+00   8.300996e-21   3.479478e-21   0.000000e+00
         8.4000   0.000000e+00   0.000000e+00   0.000000e+00   0.000000e+00   0.000000e+00   0.000000e+00   0.000000e+00   0.000000e+00   0.000000e+00   0.000000e+00   0.000000e+00   0.000000e+00   0.000000e+00   0.000000e+00   0.000000e+00   0.000000e+00   0.000000e+00   0.000000e+00   8.229444e-21   3.395968e-21   0.000000e+00
         8.4500   0.000000e+00   0.000000e+00   0.000000e+00   0.000000e+00   0.000000e+00   0.000000e+00   0.000000e+00   0.000000e+00   0.000000e+00   0.000000e+00   0.000000e+00   0.000000e+00   0.000000e+00   0.000000e+00   0.000000e+00   0.000000e+00   0.000000e+00   0.000000e+00   8.137484e-21   3.306945e-21   0.000000e+00
         8.5000   0.000000e+00   0.000000e+00   0.000000e+00   0.000000e+00   0.000000e+00   0.000000e+00   0.000000e+00   0.000000e+00   0.000000e+00   0.000000e+00   0.000000e+00   0.000000e+00   0.000000e+00   0.000000e+00   0.000000e+00   0.000000e+00   0.000000e+00   0.000000e+00   8.028445e-21   3.213779e-21   0.000000e+00
         8.5500   0.000000e+00   0.000000e+00   0.000000e+00   0.000000e+00   0.000000e+00   0.000000e+00   0.000000e+00   0.000000e+00   0.000000e+00   0.000000e+00   0.000000e+00   0.000000e+00   0.000000e+00   0.000000e+00   0.000000e+00   0.000000e+00   0.000000e+00   0.000000e+00   7.905531e-21   3.117661e-21   0.000000e+00
         8.6000   0.000000e+00   0.000000e+00   0.000000e+00   0.000000e+00   0.000000e+00   0.000000e+00   0.000000e+00   0.000000e+00   0.000000e+00   0.000000e+00   0.000000e+00   0.000000e+00   0.000000e+00   0.000000e+00   0.000000e+00   0.000000e+00   0.000000e+00   0.000000e+00   7.771794e-21   3.019615e-21   0.000000e+00
         8.6500   0.000000e+00   0.000000e+00   0.000000e+00   0.000000e+00   0.000000e+00   0.000000e+00   0.000000e+00   0.000000e+00   0.000000e+00   0.000000e+00   0.000000e+00   0.000000e+00   0.000000e+00   0.000000e+00   0.000000e+00   0.000000e+00   0.000000e+00   0.000000e+00   7.630196e-21   2.920515e-21   0.000000e+00
         8.7000   0.000000e+00   0.000000e+00   0.000000e+00   0.000000e+00   0.000000e+00   0.000000e+00   0.000000e+00   0.000000e+00   0.000000e+00   0.000000e+00   0.000000e+00   0.000000e+00   0.000000e+00   0.000000e+00   0.000000e+00   0.000000e+00   0.000000e+00   0.000000e+00   7.483421e-21   2.821098e-21   0.000000e+00
         8.7500   0.000000e+00   0.000000e+00   0.000000e+00   0.000000e+00   0.000000e+00   0.000000e+00   0.000000e+00   0.000000e+00   0.000000e+00   0.000000e+00   0.000000e+00   0.000000e+00   0.000000e+00   0.000000e+00   0.000000e+00   0.000000e+00   0.000000e+00   0.000000e+00   7.333814e-21   2.721985e-21   0.000000e+00
         8.8000   0.000000e+00   0.000000e+00   0.000000e+00   0.000000e+00   0.000000e+00   0.000000e+00   0.000000e+00   0.000000e+00   0.000000e+00   0.000000e+00   0.000000e+00   0.000000e+00   0.000000e+00   0.000000e+00   0.000000e+00   0.000000e+00   0.000000e+00   0.000000e+00   7.183427e-21   2.623688e-21   0.000000e+00
         8.8500   0.000000e+00   0.000000e+00   0.000000e+00   0.000000e+00   0.000000e+00   0.000000e+00   0.000000e+00   0.000000e+00   0.000000e+00   0.000000e+00   0.000000e+00   0.000000e+00   0.000000e+00   0.000000e+00   0.000000e+00   0.000000e+00   0.000000e+00   0.000000e+00   7.034046e-21   2.526633e-21   0.000000e+00
         8.9000   0.000000e+00   0.000000e+00   0.000000e+00   0.000000e+00   0.000000e+00   0.000000e+00   0.000000e+00   0.000000e+00   0.000000e+00   0.000000e+00   0.000000e+00   0.000000e+00   0.000000e+00   0.000000e+00   0.000000e+00   0.000000e+00   0.000000e+00   0.000000e+00   6.887227e-21   2.431163e-21   0.000000e+00
         8.9500   0.000000e+00   0.000000e+00   0.000000e+00   0.000000e+00   0.000000e+00   0.000000e+00   0.000000e+00   0.000000e+00   0.000000e+00   0.000000e+00   0.000000e+00   0.000000e+00   0.000000e+00   0.000000e+00   0.000000e+00   0.000000e+00   0.000000e+00   0.000000e+00   6.744322e-21   2.337558e-21   0.000000e+00
         9.0000   0.000000e+00   0.000000e+00   0.000000e+00   0.000000e+00   0.000000e+00   0.000000e+00   0.000000e+00   0.000000e+00   0.000000e+00   0.000000e+00   0.000000e+00   0.000000e+00   0.000000e+00   0.000000e+00   0.000000e+00   0.000000e+00   0.000000e+00   0.000000e+00   6.606506e-21   2.246036e-21   0.000000e+00
