# CIE bound-bound cooling efficiency for C (Z=6)
# Source: CHIANTI v11.0.2 via ChiantiPy ion.boundBoundLoss
# Units: erg cm^3 / s, per ion per electron, low-density limit (n_e = 1 cm^-3)
# T grid: 121 log-spaced points, 10^3.00 K -> 10^9.00 K
# Generated by pyathena/photchem/data/build_cool_tables.py
#
# log_T_K        L_C0           L_C1           L_C2           L_C3           L_C4           L_C5           L_C6         
         3.0000   0.000000e+00   4.700216e-26   1.880087e-25   4.230195e-25   7.520346e-25   1.175054e-24   1.692078e-24
         3.0500   0.000000e+00   4.978722e-26   1.991489e-25   4.480849e-25   7.965955e-25   1.244680e-24   1.792340e-24
         3.1000   0.000000e+00   5.273729e-26   2.109492e-25   4.746356e-25   8.437967e-25   1.318432e-24   1.898543e-24
         3.1500   0.000000e+00   5.586217e-26   2.234487e-25   5.027596e-25   8.937948e-25   1.396554e-24   2.011038e-24
         3.2000   0.000000e+00   5.917222e-26   2.366889e-25   5.325500e-25   9.467555e-25   1.479305e-24   2.130200e-24
         3.2500   0.000000e+00   6.267839e-26   2.507136e-25   5.641055e-25   1.002854e-24   1.566960e-24   2.256422e-24
         3.3000   0.000000e+00   6.639232e-26   2.655693e-25   5.975309e-25   1.062277e-24   1.659808e-24   2.390123e-24
         3.3500   0.000000e+00   7.032631e-26   2.813052e-25   6.329368e-25   1.125221e-24   1.758158e-24   2.531747e-24
         3.4000   0.000000e+00   7.459819e-26   2.979736e-25   6.704407e-25   1.191895e-24   1.862335e-24   2.681763e-24
         3.4500   0.000000e+00   7.929849e-26   3.156297e-25   7.101668e-25   1.262519e-24   1.972685e-24   2.840667e-24
         3.5000   0.000000e+00   8.431874e-26   3.343319e-25   7.522468e-25   1.337328e-24   2.089574e-24   3.008987e-24
         3.5500   0.000000e+00   8.968334e-26   3.541423e-25   7.968202e-25   1.416569e-24   2.213390e-24   3.187281e-24
         3.6000   0.000000e+00   9.541883e-26   3.751266e-25   8.440348e-25   1.500506e-24   2.344541e-24   3.376139e-24
         3.6500   0.000000e+00   1.015542e-25   3.973542e-25   8.940470e-25   1.589417e-24   2.483464e-24   3.576188e-24
         3.7000   0.000000e+00   1.081212e-25   4.208989e-25   9.470226e-25   1.683596e-24   2.630618e-24   3.788090e-24
         3.7500   0.000000e+00   1.151543e-25   4.469103e-25   1.003137e-24   1.783355e-24   2.786492e-24   4.012549e-24
         3.8000   0.000000e+00   1.226914e-25   4.751074e-25   1.062577e-24   1.889026e-24   2.951602e-24   4.250307e-24
         3.8500   0.000000e+00   1.307736e-25   5.052281e-25   1.125538e-24   2.000957e-24   3.126496e-24   4.502154e-24
         3.9000   0.000000e+00   1.394461e-25   5.374195e-25   1.192231e-24   2.119521e-24   3.311752e-24   4.768923e-24
         3.9500   0.000000e+00   1.487580e-25   5.718419e-25   1.262875e-24   2.245111e-24   3.507986e-24   5.051500e-24
         4.0000   0.000000e+00   1.587630e-25   6.086703e-25   1.337705e-24   2.378142e-24   3.715847e-24   5.350820e-24
         4.0500   0.000000e+00   1.695195e-25   6.480961e-25   1.421057e-24   2.519056e-24   3.936025e-24   5.667876e-24
         4.1000   0.000000e+00   1.810916e-25   6.903283e-25   1.510775e-24   2.668319e-24   4.169249e-24   6.003719e-24
         4.1500   0.000000e+00   1.935487e-25   7.355947e-25   1.606619e-24   2.828878e-24   4.416293e-24   6.359461e-24
         4.2000   0.000000e+00   2.069665e-25   7.841440e-25   1.709060e-24   3.006990e-24   4.677974e-24   6.736283e-24
         4.2500   0.000000e+00   2.214269e-25   8.362487e-25   1.818608e-24   3.197210e-24   4.955162e-24   7.135433e-24
         4.3000   0.000000e+00   2.370191e-25   8.922060e-25   1.935823e-24   3.400462e-24   5.248774e-24   7.558234e-24
         4.3500   0.000000e+00   2.538386e-25   9.523392e-25   2.061314e-24   3.617749e-24   5.559783e-24   8.006088e-24
         4.4000   0.000000e+00   2.719887e-25   1.017002e-24   2.195750e-24   3.850164e-24   5.889221e-24   8.480478e-24
         4.4500   0.000000e+00   2.915794e-25   1.086579e-24   2.339857e-24   4.098904e-24   6.238179e-24   8.982978e-24
         4.5000   0.000000e+00   3.127272e-25   1.161491e-24   2.494429e-24   4.365277e-24   6.607815e-24   9.515253e-24
         4.5500   0.000000e+00   3.355540e-25   1.242194e-24   2.660336e-24   4.650707e-24   6.999352e-24   1.007907e-23
         4.6000   0.000000e+00   3.601849e-25   1.329181e-24   2.838525e-24   4.956751e-24   7.414090e-24   1.067629e-23
         4.6500   0.000000e+00   3.867462e-25   1.422987e-24   3.030029e-24   5.285109e-24   7.853402e-24   1.130890e-23
         4.7000   0.000000e+00   4.153580e-25   1.524190e-24   3.235976e-24   5.637642e-24   8.318746e-24   1.197899e-23
         4.7500   0.000000e+00   4.461284e-25   1.633407e-24   3.457597e-24   6.016375e-24   8.811662e-24   1.268879e-23
         4.8000   0.000000e+00   4.791431e-25   1.751300e-24   3.696228e-24   6.423516e-24   9.333786e-24   1.344065e-23
         4.8500   0.000000e+00   5.144494e-25   1.878561e-24   3.953323e-24   6.861479e-24   9.886848e-24   1.423706e-23
         4.9000   0.000000e+00   5.520490e-25   2.015918e-24   4.230460e-24   7.332895e-24   1.047268e-23   1.508066e-23
         4.9500   0.000000e+00   5.918755e-25   2.164109e-24   4.529342e-24   7.840617e-24   1.111504e-23   1.597424e-23
         5.0000   0.000000e+00   6.337976e-25   2.323871e-24   4.851805e-24   8.387748e-24   1.181592e-23   1.692078e-23
         5.0500   0.000000e+00   6.776069e-25   2.495900e-24   5.199817e-24   8.977652e-24   1.256456e-23   1.796261e-23
         5.1000   0.000000e+00   7.230389e-25   2.680791e-24   5.575479e-24   9.613953e-24   1.336461e-23   1.909560e-23
         5.1500   0.000000e+00   7.697798e-25   2.879007e-24   5.980993e-24   1.030055e-23   1.422006e-23   2.030585e-23
         5.2000   0.000000e+00   8.175132e-25   3.090740e-24   6.418655e-24   1.104163e-23   1.513523e-23   2.159926e-23
         5.2500   0.000000e+00   8.659269e-25   3.315906e-24   6.890807e-24   1.184160e-23   1.611487e-23   2.298226e-23
         5.3000   0.000000e+00   9.147847e-25   3.553996e-24   7.399748e-24   1.270512e-23   1.716417e-23   2.446188e-23
         5.3500   0.000000e+00   9.639147e-25   3.804112e-24   7.947658e-24   1.363694e-23   1.828876e-23   2.604579e-23
         5.4000   0.000000e+00   1.013268e-24   4.064913e-24   8.536351e-24   1.464192e-23   1.949482e-23   2.774238e-23
         5.4500   0.000000e+00   1.062901e-24   4.334762e-24   9.167197e-24   1.572470e-23   2.078909e-23   2.956079e-23
         5.5000   0.000000e+00   1.112992e-24   4.611761e-24   9.840694e-24   1.688954e-23   2.217894e-23   3.151101e-23
         5.5500   0.000000e+00   1.163819e-24   4.894062e-24   1.055640e-23   1.813985e-23   2.367239e-23   3.360396e-23
         5.6000   0.000000e+00   1.215754e-24   5.179917e-24   1.131255e-23   1.947776e-23   2.527820e-23   3.585157e-23
         5.6500   0.000000e+00   1.269226e-24   5.468033e-24   1.210611e-23   2.090361e-23   2.700594e-23   3.826681e-23
         5.7000   0.000000e+00   1.324718e-24   5.757614e-24   1.293271e-23   2.241531e-23   2.886600e-23   4.086387e-23
         5.7500   0.000000e+00   1.382723e-24   6.048516e-24   1.378705e-23   2.400825e-23   3.086969e-23   4.365823e-23
         5.8000   0.000000e+00   1.443756e-24   6.341312e-24   1.466312e-23   2.567490e-23   3.302927e-23   4.666672e-23
         5.8500   0.000000e+00   1.508338e-24   6.637211e-24   1.555509e-23   2.740542e-23   3.535803e-23   4.990762e-23
         5.9000   0.000000e+00   1.576931e-24   6.938032e-24   1.645766e-23   2.918806e-23   3.787028e-23   5.340081e-23
         5.9500   0.000000e+00   1.649980e-24   7.246063e-24   1.736685e-23   3.101061e-23   4.058138e-23   5.716775e-23
         6.0000   0.000000e+00   1.727957e-24   7.563959e-24   1.828052e-23   3.286098e-23   4.350778e-23   6.123160e-23
         6.0500   0.000000e+00   1.811322e-24   7.894555e-24   1.919844e-23   3.472967e-23   4.666674e-23   6.561719e-23
         6.1000   0.000000e+00   1.900472e-24   8.240831e-24   2.012276e-23   3.660949e-23   5.007640e-23   7.035110e-23
         6.1500   0.000000e+00   1.995807e-24   8.605801e-24   2.105753e-23   3.849797e-23   5.375526e-23   7.546122e-23
         6.2000   0.000000e+00   2.097734e-24   8.992511e-24   2.200875e-23   4.039641e-23   5.772184e-23   8.097680e-23
         6.2500   0.000000e+00   2.206655e-24   9.403567e-24   2.298377e-23   4.231108e-23   6.199374e-23   8.692764e-23
         6.3000   0.000000e+00   2.322977e-24   9.841637e-24   2.399113e-23   4.425197e-23   6.658633e-23   9.334350e-23
         6.3500   0.000000e+00   2.447116e-24   1.030954e-23   2.503977e-23   4.623283e-23   7.151168e-23   1.002526e-22
         6.4000   0.000000e+00   2.579505e-24   1.080984e-23   2.613917e-23   4.826976e-23   7.677556e-23   1.076793e-22
         6.4500   0.000000e+00   2.720594e-24   1.134488e-23   2.729886e-23   5.038110e-23   8.237694e-23   1.156427e-22
         6.5000   0.000000e+00   2.870856e-24   1.191700e-23   2.852829e-23   5.258554e-23   8.830433e-23   1.241513e-22
         6.5500   0.000000e+00   3.030788e-24   1.252862e-23   2.983562e-23   5.490280e-23   9.453661e-23   1.332025e-22
         6.6000   0.000000e+00   3.200920e-24   1.318210e-23   3.122931e-23   5.735281e-23   1.010414e-22   1.427768e-22
         6.6500   0.000000e+00   3.381811e-24   1.387983e-23   3.271829e-23   5.995376e-23   1.077785e-22   1.528392e-22
         6.7000   0.000000e+00   3.574052e-24   1.462431e-23   3.431044e-23   6.272256e-23   1.147008e-22   1.633363e-22
         6.7500   0.000000e+00   3.778273e-24   1.541810e-23   3.601312e-23   6.567709e-23   1.217619e-22   1.742030e-22
         6.8000   0.000000e+00   3.995148e-24   1.626389e-23   3.783379e-23   6.883537e-23   1.289168e-22   1.853628e-22
         6.8500   0.000000e+00   4.225382e-24   1.716450e-23   3.978003e-23   7.221275e-23   1.361322e-22   1.967413e-22
         6.9000   0.000000e+00   4.475322e-24   1.812292e-23   4.185926e-23   7.582450e-23   1.433856e-22   2.082669e-22
         6.9500   0.000000e+00   4.740501e-24   1.914231e-23   4.407912e-23   7.968618e-23   1.506719e-22   2.198866e-22
         7.0000   0.000000e+00   5.021394e-24   2.022601e-23   4.644746e-23   8.381324e-23   1.580027e-22   2.315664e-22
         7.0500   0.000000e+00   5.318930e-24   2.137756e-23   4.897244e-23   8.822116e-23   1.654067e-22   2.432993e-22
         7.1000   0.000000e+00   5.634097e-24   2.260076e-23   5.166257e-23   9.292586e-23   1.729275e-22   2.551063e-22
         7.1500   0.000000e+00   5.967938e-24   2.389962e-23   5.452683e-23   9.794378e-23   1.806214e-22   2.670348e-22
         7.2000   0.000000e+00   6.321560e-24   2.528624e-23   5.757469e-23   1.032920e-22   1.885536e-22   2.791566e-22
         7.2500   0.000000e+00   6.696136e-24   2.678455e-23   6.081622e-23   1.089886e-22   1.967952e-22   2.915632e-22
         7.3000   0.000000e+00   7.092907e-24   2.837163e-23   6.426205e-23   1.150523e-22   2.054201e-22   3.043607e-22
         7.3500   0.000000e+00   7.513188e-24   3.005275e-23   6.792340e-23   1.215033e-22   2.145040e-22   3.176636e-22
         7.4000   0.000000e+00   7.958373e-24   3.183349e-23   7.181236e-23   1.283628e-22   2.241237e-22   3.315913e-22
         7.4500   0.000000e+00   8.429936e-24   3.371974e-23   7.594171e-23   1.356532e-22   2.343454e-22   3.462657e-22
         7.5000   0.000000e+00   8.929441e-24   3.571776e-23   8.036497e-23   1.433983e-22   2.452356e-22   3.618101e-22
         7.5500   0.000000e+00   9.458544e-24   3.783418e-23   8.512690e-23   1.516238e-22   2.568644e-22   3.783303e-22
         7.6000   0.000000e+00   1.001900e-23   4.007599e-23   9.017098e-23   1.603565e-22   2.692980e-22   3.959335e-22
         7.6500   0.000000e+00   1.061266e-23   4.245064e-23   9.551395e-23   1.698026e-22   2.825946e-22   4.147333e-22
         7.7000   0.000000e+00   1.124150e-23   4.496600e-23   1.011735e-22   1.798640e-22   2.968133e-22   4.348344e-22
         7.7500   0.000000e+00   1.190760e-23   4.763041e-23   1.071684e-22   1.905216e-22   3.120142e-22   4.563309e-22
         7.8000   0.000000e+00   1.261317e-23   5.045268e-23   1.135185e-22   2.018107e-22   3.282567e-22   4.793179e-22
         7.8500   0.000000e+00   1.336055e-23   5.344219e-23   1.202449e-22   2.137688e-22   3.456008e-22   5.038923e-22
         7.9000   0.000000e+00   1.415221e-23   5.660884e-23   1.273699e-22   2.264354e-22   3.641084e-22   5.301494e-22
         7.9500   0.000000e+00   1.499078e-23   5.996313e-23   1.349170e-22   2.398525e-22   3.838438e-22   5.581861e-22
         8.0000   0.000000e+00   1.587904e-23   6.351617e-23   1.429114e-22   2.540647e-22   4.048736e-22   5.881023e-22
         8.0500   0.000000e+00   1.681993e-23   6.727974e-23   1.513794e-22   2.691189e-22   4.272684e-22   6.200017e-22
         8.1000   0.000000e+00   1.781658e-23   7.126631e-23   1.603492e-22   2.850652e-22   4.511022e-22   6.539919e-22
         8.1500   0.000000e+00   1.887228e-23   7.548910e-23   1.698505e-22   3.019564e-22   4.764539e-22   6.901868e-22
         8.2000   0.000000e+00   1.999053e-23   7.996212e-23   1.799148e-22   3.198485e-22   5.034068e-22   7.287061e-22
         8.2500   0.000000e+00   2.117504e-23   8.470017e-23   1.905754e-22   3.388007e-22   5.320486e-22   7.696773e-22
         8.3000   0.000000e+00   2.242974e-23   8.971897e-23   2.018677e-22   3.588759e-22   5.624736e-22   8.132348e-22
         8.3500   0.000000e+00   2.375879e-23   9.503515e-23   2.138291e-22   3.801406e-22   5.947822e-22   8.595204e-22
         8.4000   0.000000e+00   2.516658e-23   1.006663e-22   2.264993e-22   4.026654e-22   6.291646e-22   9.086866e-22
         8.4500   0.000000e+00   2.665780e-23   1.066312e-22   2.399202e-22   4.265248e-22   6.664450e-22   9.608956e-22
         8.5000   0.000000e+00   2.823737e-23   1.129495e-22   2.541364e-22   4.517980e-22   7.059343e-22   1.016545e-21
         8.5500   0.000000e+00   2.991054e-23   1.196422e-22   2.691949e-22   4.785687e-22   7.477636e-22   1.076780e-21
         8.6000   0.000000e+00   3.168285e-23   1.267314e-22   2.851457e-22   5.069256e-22   7.920713e-22   1.140583e-21
         8.6500   0.000000e+00   3.356018e-23   1.342407e-22   3.020416e-22   5.369629e-22   8.390045e-22   1.208166e-21
         8.7000   0.000000e+00   3.554875e-23   1.421950e-22   3.199387e-22   5.687799e-22   8.887186e-22   1.279755e-21
         8.7500   0.000000e+00   3.765514e-23   1.506206e-22   3.388963e-22   6.024823e-22   9.413785e-22   1.355585e-21
         8.8000   0.000000e+00   3.988635e-23   1.595454e-22   3.589771e-22   6.381816e-22   9.971587e-22   1.435909e-21
         8.8500   0.000000e+00   4.224976e-23   1.689991e-22   3.802479e-22   6.759962e-22   1.056244e-21   1.520991e-21
         8.9000   0.000000e+00   4.475322e-23   1.790129e-22   4.027790e-22   7.160515e-22   1.118830e-21   1.611116e-21
         8.9500   0.000000e+00   4.740501e-23   1.896201e-22   4.266451e-22   7.584802e-22   1.185125e-21   1.706581e-21
         9.0000   0.000000e+00   5.021394e-23   2.008558e-22   4.519254e-22   8.034230e-22   1.255348e-21   1.807702e-21
