# CIE bound-bound cooling efficiency for Ne (Z=10)
# Source: CHIANTI v11.0.2 via ChiantiPy ion.boundBoundLoss
# Units: erg cm^3 / s, per ion per electron, low-density limit (n_e = 1 cm^-3)
# T grid: 121 log-spaced points, 10^3.00 K -> 10^9.00 K
# Generated by pyathena/photchem/data/build_cool_tables.py
#
# log_T_K        L_Ne0          L_Ne1          L_Ne2          L_Ne3          L_Ne4          L_Ne5          L_Ne6          L_Ne7          L_Ne8          L_Ne9          L_Ne10       
         3.0000  1.556974e-103   9.152627e-22   2.470794e-21   1.508766e-44   3.273250e-20   1.281690e-20   1.032834e-88   3.778858e-98   0.000000e+00   0.000000e+00   0.000000e+00
         3.0500   2.080809e-94   9.859418e-22   2.609696e-21   9.039571e-42   3.452871e-20   1.485131e-20   3.867743e-81   1.903161e-89   0.000000e+00   0.000000e+00   0.000000e+00
         3.1000   2.838540e-86   1.049388e-21   2.724985e-21   2.683701e-39   3.606534e-20   1.682981e-20   2.172176e-74   1.087275e-81   0.000000e+00   0.000000e+00   0.000000e+00
         3.1500   5.059044e-79   1.105000e-21   2.816386e-21   4.261119e-37   3.731869e-20   1.869680e-20   2.246810e-68   8.920652e-75   0.000000e+00   0.000000e+00   0.000000e+00
         3.2000   1.467462e-72   1.152270e-21   2.884382e-21   3.873051e-35   3.827497e-20   2.040577e-20   5.140864e-63   1.296846e-68   0.000000e+00   0.000000e+00   0.000000e+00
         3.2500   8.423037e-67   1.190657e-21   2.930048e-21   2.141146e-33   3.892959e-20   2.192072e-20   3.063835e-58   4.028254e-63   0.000000e+00   0.000000e+00   0.000000e+00
         3.3000   1.138163e-61   1.219437e-21   2.954888e-21   7.599105e-32   3.928594e-20   2.321647e-20   5.502378e-54   3.159054e-58   0.000000e+00   0.000000e+00   0.000000e+00
         3.3500   4.225521e-57   1.237829e-21   2.960694e-21   1.816804e-30   3.935381e-20   2.427805e-20   3.391216e-50   7.258362e-54   0.000000e+00   0.000000e+00   0.000000e+00
         3.4000   4.953048e-53   1.245969e-21   2.949431e-21   3.054325e-29   3.914783e-20   2.509953e-20   8.054768e-47   5.579670e-50   0.000000e+00   0.000000e+00   0.000000e+00
         3.4500   2.076420e-49   1.244546e-21   2.923187e-21   3.751366e-28   3.868587e-20   2.568248e-20   8.176820e-44   1.615452e-46   0.000000e+00   0.000000e+00   0.000000e+00
         3.5000   3.481189e-46   1.234601e-21   2.884244e-21   3.482824e-27   3.798775e-20   2.603429e-20   3.890885e-41   1.957837e-43   0.000000e+00   0.000000e+00   0.000000e+00
         3.5500   2.580994e-43   1.217528e-21   2.835377e-21   2.519633e-26   3.707420e-20   2.616660e-20   9.423824e-39   1.091417e-40   0.000000e+00   0.000000e+00   0.000000e+00
         3.6000   9.269953e-41   1.195078e-21   2.780471e-21   1.459408e-25   3.596640e-20   2.609374e-20   1.250418e-36   3.044083e-38   0.000000e+00   0.000000e+00   0.000000e+00
         3.6500   1.751598e-38   1.169095e-21   2.725494e-21   6.933555e-25   3.468619e-20   2.583156e-20   9.705978e-35   4.578814e-36   0.000000e+00   0.000000e+00   0.000000e+00
         3.7000   1.870286e-36   1.140504e-21   2.679669e-21   2.760968e-24   3.325710e-20   2.539643e-20   4.673393e-33   3.971391e-34   0.000000e+00   0.000000e+00   0.000000e+00
         3.7500   1.201595e-34   1.109850e-21   2.656450e-21   9.394825e-24   3.170629e-20   2.480450e-20   1.470845e-31   2.108376e-32   0.000000e+00   0.000000e+00   0.000000e+00
         3.8000   4.910643e-33   1.077573e-21   2.673827e-21   2.779419e-23   3.006703e-20   2.407131e-20   3.170678e-30   7.225869e-31   0.000000e+00   0.000000e+00   0.000000e+00
         3.8500   1.340797e-31   1.044023e-21   2.753517e-21   7.260877e-23   2.838131e-20   2.321162e-20   4.881302e-29   1.676442e-29   0.000000e+00   0.000000e+00   0.000000e+00
         3.9000   2.554969e-30   1.009466e-21   2.918928e-21   1.698325e-22   2.670188e-20   2.223957e-20   5.571011e-28   2.746830e-28   0.000000e+00   0.000000e+00   0.000000e+00
         3.9500   3.536647e-29   9.741608e-22   3.192219e-21   3.601113e-22   2.509345e-20   2.116919e-20   4.873416e-27   3.300786e-27   0.000000e+00   0.000000e+00   0.000000e+00
         4.0000   3.686348e-28   9.385601e-22   3.591048e-21   6.999094e-22   2.363262e-20   2.001517e-20   3.366371e-26   3.008618e-26   0.000000e+00   0.000000e+00   0.000000e+00
         4.0500   2.987190e-27   9.031108e-22   4.125781e-21   1.259235e-21   2.240700e-20   1.879438e-20   1.885546e-25   2.143470e-25   0.000000e+00   0.000000e+00   0.000000e+00
         4.1000   1.935071e-26   8.681095e-22   4.797707e-21   2.115506e-21   2.151350e-20   1.752809e-20   8.767894e-25   1.226007e-24   0.000000e+00   0.000000e+00   0.000000e+00
         4.1500   1.026938e-25   8.337744e-22   5.598607e-21   3.344300e-21   2.104083e-20   1.624565e-20   3.456305e-24   5.765767e-24   0.000000e+00   0.000000e+00   0.000000e+00
         4.2000   4.562484e-25   8.002715e-22   6.511613e-21   5.008730e-21   2.102260e-20   1.498995e-20   1.176589e-23   2.277457e-23  1.731643e-306   0.000000e+00   0.000000e+00
         4.2500   1.729667e-24   7.677264e-22   7.513180e-21   7.149801e-21   2.146153e-20   1.382503e-20   3.516096e-23   7.700355e-23  3.322173e-275  3.771922e-308   0.000000e+00
         4.3000   5.690589e-24   7.362688e-22   8.575920e-21   9.780279e-21   2.233752e-20   1.283755e-20   9.359556e-23   2.266646e-22  2.524203e-247  1.102615e-276   0.000000e+00
         4.3500   1.649488e-23   7.062207e-22   9.672582e-21   1.288468e-20   2.360968e-20   1.210149e-20   2.248175e-22   5.896820e-22  1.781687e-222  1.214554e-248   0.000000e+00
         4.4000   4.272366e-23   6.787118e-22   1.078559e-20   1.642696e-20   2.522545e-20   1.169805e-20   4.928177e-22   1.374208e-21  2.497476e-200  1.186550e-223   0.000000e+00
         4.4500   1.001356e-22   6.572529e-22   1.191659e-20   2.036681e-20   2.715198e-20   1.173501e-20   9.967088e-22   2.903317e-21  1.368076e-180  2.207697e-201   0.000000e+00
         4.5000   2.147294e-22   6.514849e-22   1.309511e-20   2.468572e-20   2.942672e-20   1.235625e-20   1.883688e-21   5.620654e-21  5.351712e-163  1.545945e-181   0.000000e+00
         4.5500   4.253355e-22   6.845139e-22   1.439329e-20   2.941966e-20   3.216010e-20   1.375364e-20   3.366647e-21   1.006631e-20  2.557146e-147  7.476527e-164   0.000000e+00
         4.6000   7.847031e-22   8.050188e-22   1.594106e-20   3.468845e-20   3.555596e-20   1.618577e-20   5.748267e-21   1.682049e-20  2.406080e-133  4.289821e-148   0.000000e+00
         4.6500   1.358456e-21   1.104350e-21   1.794654e-20   4.071182e-20   3.992853e-20   2.003531e-20   9.450182e-21   2.642326e-20  6.818705e-121  4.729789e-134   0.000000e+00
         4.7000   2.223313e-21   1.737339e-21   2.070660e-20   4.780507e-20   4.569993e-20   2.579357e-20   1.504250e-20   3.928739e-20  8.508483e-110  1.540156e-121   0.000000e+00
         4.7500   3.462117e-21   2.941916e-21   2.460475e-20   5.634433e-20   5.337112e-20   3.402616e-20   2.324279e-20   5.562401e-20  6.561886e-100  2.172544e-110   0.000000e+00
         4.8000   5.155835e-21   5.052725e-21   3.009912e-20   6.671398e-20   6.346575e-20   4.533141e-20   3.482463e-20   7.539715e-20   4.232512e-91  1.867772e-100   0.000000e+00
         4.8500   7.373677e-21   8.501419e-21   3.769897e-20   7.924347e-20   7.647172e-20   6.028121e-20   5.052681e-20   9.831523e-20   2.991289e-83   1.326719e-91   0.000000e+00
         4.9000   1.017411e-20   1.379738e-20   4.792112e-20   9.414072e-20   9.278200e-20   7.935342e-20   7.094164e-20   1.238584e-19   2.949221e-76   1.021204e-83   0.000000e+00
         4.9500   1.362888e-20   2.147854e-20   6.127983e-20   1.114556e-19   1.126514e-19   1.028508e-19   9.640787e-20   1.513334e-19   5.034874e-70   1.084667e-76   0.000000e+00
         5.0000   1.779757e-20   3.200340e-20   7.826547e-20   1.310677e-19   1.361856e-19   1.308419e-19   1.269366e-19   1.799430e-19   1.801745e-64   1.971919e-70   0.000000e+00
         5.0500   2.270919e-20   4.570541e-20   9.930483e-20   1.526936e-19   1.633693e-19   1.631440e-19   1.621879e-19   2.088591e-19   1.601152e-59   7.434903e-65   0.000000e+00
         5.1000   2.835802e-20   6.289846e-20   1.247171e-19   1.759164e-19   1.941309e-19   1.993473e-19   2.014998e-19   2.372879e-19   4.109984e-55   6.898794e-60   0.000000e+00
         5.1500   3.468816e-20   8.380856e-20   1.546798e-19   2.002279e-19   2.284041e-19   2.388814e-19   2.439596e-19   2.645222e-19   3.487043e-51   1.834932e-55   0.000000e+00
         5.2000   4.158902e-20   1.084999e-19   1.892018e-19   2.250765e-19   2.661344e-19   2.811130e-19   2.885089e-19   2.899796e-19   1.102834e-47   1.602694e-51   0.000000e+00
         5.2500   4.890175e-20   1.368313e-19   2.280957e-19   2.499147e-19   3.073512e-19   3.254516e-19   3.340661e-19   3.132268e-19   1.447376e-44   5.188964e-48   0.000000e+00
         5.3000   5.643262e-20   1.684319e-19   2.709700e-19   2.742336e-19   3.521845e-19   3.714328e-19   3.796468e-19   3.339944e-19   8.672768e-42   6.937532e-45   0.000000e+00
         5.3500   6.410044e-20   2.026505e-19   3.172460e-19   2.975791e-19   4.008219e-19   4.187491e-19   4.244645e-19   3.521836e-19   2.583567e-39   4.217163e-42   0.000000e+00
         5.4000   7.227148e-20   2.384358e-19   3.661931e-19   3.195679e-19   4.534229e-19   4.672543e-19   4.679962e-19   3.678657e-19   4.128129e-37   1.269937e-39   0.000000e+00
         5.4500   8.119295e-20   2.746136e-19   4.169781e-19   3.399041e-19   5.100171e-19   5.169185e-19   5.099658e-19   3.812679e-19   3.785967e-35   2.045038e-37   0.000000e+00
         5.5000   9.086096e-20   3.100480e-19   4.687196e-19   3.583664e-19   5.704359e-19   5.677442e-19   5.502624e-19   3.927444e-19   2.116983e-33   1.885340e-35   0.000000e+00
         5.5500   1.010848e-19   3.437173e-19   5.205415e-19   3.748056e-19   6.342658e-19   6.196714e-19   5.889378e-19   4.027346e-19   7.616249e-32   1.057442e-33   0.000000e+00
         5.6000   1.115588e-19   3.747652e-19   5.716275e-19   3.891522e-19   7.008326e-19   6.725295e-19   6.261409e-19   4.117142e-19   1.849450e-30   3.809454e-32   0.000000e+00
         5.6500   1.219613e-19   4.025269e-19   6.212599e-19   4.014005e-19   7.692240e-19   7.261596e-19   6.620362e-19   4.201406e-19   3.163128e-29   9.251958e-31   0.000000e+00
         5.7000   1.320831e-19   4.265360e-19   6.688411e-19   4.115935e-19   8.383439e-19   7.803135e-19   6.967296e-19   4.284152e-19   3.958484e-28   1.581733e-29   0.000000e+00
         5.7500   1.416939e-19   4.465156e-19   7.139046e-19   4.198112e-19   9.070213e-19   8.345991e-19   7.302676e-19   4.368523e-19   3.750549e-27   1.978351e-28   0.000000e+00
         5.8000   1.505465e-19   4.623592e-19   7.561091e-19   4.261769e-19   9.742004e-19   8.885077e-19   7.626865e-19   4.456494e-19   2.773495e-26   1.873585e-27   0.000000e+00
         5.8500   1.584191e-19   4.741047e-19   7.952238e-19   4.308440e-19   1.038930e-18   9.414531e-19   7.939131e-19   4.548853e-19   1.644775e-25   1.385296e-26   0.000000e+00
         5.9000   1.650812e-19   4.819062e-19   8.311131e-19   4.339774e-19   1.100369e-18   9.925315e-19   8.237615e-19   4.645320e-19   8.013737e-25   8.217539e-26   0.000000e+00
         5.9500   1.702591e-19   4.860060e-19   8.637162e-19   4.357430e-19   1.157811e-18   1.039151e-18   8.519598e-19   4.744789e-19   3.277782e-24   4.006638e-25   0.000000e+00
         6.0000   1.738384e-19   4.867081e-19   8.930374e-19   4.363013e-19   1.210684e-18   1.078367e-18   8.781838e-19   4.845504e-19   1.147310e-23   1.640518e-24   0.000000e+00
         6.0500   1.758406e-19   4.843550e-19   9.191324e-19   4.358013e-19   1.258556e-18   1.107778e-18   9.021101e-19   4.945098e-19   3.495922e-23   5.749211e-24   0.000000e+00
         6.1000   1.763714e-19   4.793079e-19   9.420820e-19   4.343773e-19   1.301128e-18   1.125673e-18   9.234822e-19   5.041451e-19   9.415719e-23   1.753810e-23   0.000000e+00
         6.1500   1.755835e-19   4.719313e-19   9.619797e-19   4.321476e-19   1.338209e-18   1.131094e-18   9.420986e-19   5.133395e-19   2.272468e-22   4.727085e-23   0.000000e+00
         6.2000   1.736509e-19   4.625807e-19   9.789253e-19   4.292140e-19   1.369678e-18   1.123827e-18   9.578087e-19   5.220337e-19   4.975344e-22   1.140776e-22   0.000000e+00
         6.2500   1.707519e-19   4.515935e-19   9.930202e-19   4.256628e-19   1.395530e-18   1.104319e-18   9.705114e-19   5.301632e-19   9.990452e-22   2.494167e-22   0.000000e+00
         6.3000   1.670584e-19   4.392836e-19   1.004364e-18   4.215662e-19   1.415867e-18   1.073613e-18   9.801534e-19   5.376572e-19   1.857764e-21   4.992704e-22   0.000000e+00
         6.3500   1.627293e-19   4.259370e-19   1.013057e-18   4.169845e-19   1.430874e-18   1.033417e-18   9.867259e-19   5.445064e-19   3.226673e-21   9.236604e-22   0.000000e+00
         6.4000   1.579078e-19   4.118109e-19   1.019195e-18   4.119678e-19   1.440799e-18   9.856445e-19   9.902631e-19   5.507502e-19   5.274434e-21   1.592618e-21   0.000000e+00
         6.4500   1.527194e-19   3.971324e-19   1.022877e-18   4.065582e-19   1.445955e-18   9.321422e-19   9.908906e-19   5.564446e-19   8.169498e-21   2.578791e-21   0.000000e+00
         6.5000   1.472728e-19   3.821001e-19   1.024206e-18   4.007917e-19   1.446739e-18   8.746003e-19   9.888508e-19   5.615995e-19   1.206262e-20   3.947994e-21   0.000000e+00
         6.5500   1.416606e-19   3.668848e-19   1.023284e-18   3.946997e-19   1.443539e-18   8.145009e-19   9.843727e-19   5.662150e-19   1.707104e-20   5.749730e-21   0.000000e+00
         6.6000   1.359603e-19   3.516321e-19   1.020221e-18   3.883103e-19   1.436716e-18   7.529682e-19   9.776606e-19   5.703328e-19   2.326679e-20   8.009732e-21   0.000000e+00
         6.6500   1.302362e-19   3.364640e-19   1.015132e-18   3.816495e-19   1.426607e-18   6.903559e-19   9.689009e-19   5.739641e-19   3.067042e-20   1.072597e-20   0.000000e+00
         6.7000   1.245410e-19   3.214817e-19   1.008134e-18   3.747419e-19   1.413529e-18   6.271404e-19   9.582678e-19   5.769584e-19   3.925029e-20   1.386868e-20   0.000000e+00
         6.7500   1.189171e-19   3.067675e-19   9.993522e-19   3.676112e-19   1.397785e-18   5.640922e-19   9.459510e-19   5.792100e-19   4.892714e-20   1.738476e-20   0.000000e+00
         6.8000   1.133983e-19   2.923876e-19   9.889133e-19   3.602808e-19   1.379676e-18   5.020978e-19   9.321612e-19   5.806920e-19   5.958203e-20   2.120401e-20   0.000000e+00
         6.8500   1.080110e-19   2.783935e-19   9.769471e-19   3.527736e-19   1.359476e-18   4.420276e-19   9.170696e-19   5.815335e-19   7.106596e-20   2.524590e-20   0.000000e+00
         6.9000   1.027750e-19   2.648247e-19   9.635846e-19   3.451127e-19   1.337433e-18   3.849019e-19   9.008165e-19   5.814615e-19   8.320978e-20   2.942633e-20   0.000000e+00
         6.9500   9.770537e-20   2.517098e-19   9.489570e-19   3.373209e-19   1.313776e-18   3.327290e-19   8.835243e-19   5.804396e-19   9.583275e-20   3.366341e-20   0.000000e+00
         7.0000   9.281239e-20   2.390688e-19   9.331941e-19   3.294206e-19   1.288714e-18   2.867900e-19   8.653069e-19   5.784443e-19   1.087459e-19   3.788165e-20   0.000000e+00
         7.0500   8.810291e-20   2.269140e-19   9.164233e-19   3.214342e-19   1.262446e-18   2.473643e-19   8.462978e-19   5.754644e-19   1.217632e-19   4.201478e-20   0.000000e+00
         7.1000   8.358080e-20   2.152514e-19   8.987684e-19   3.133834e-19   1.235154e-18   2.141440e-19   8.266672e-19   5.719073e-19   1.347102e-19   4.600712e-20   0.000000e+00
         7.1500   7.924753e-20   2.040818e-19   8.803492e-19   3.052894e-19   1.207036e-18   1.865153e-19   8.065611e-19   5.674955e-19   1.474288e-19   4.981391e-20   0.000000e+00
         7.2000   7.510260e-20   1.934021e-19   8.612798e-19   2.971728e-19   1.178335e-18   1.637399e-19   7.861012e-19   5.621773e-19   1.597793e-19   5.340091e-20   0.000000e+00
         7.2500   7.114401e-20   1.832053e-19   8.416690e-19   2.890530e-19   1.149249e-18   1.450657e-19   7.653919e-19   5.559928e-19   1.716393e-19   5.674343e-20   0.000000e+00
         7.3000   6.736849e-20   1.734820e-19   8.216194e-19   2.809488e-19   1.119935e-18   1.295068e-19   7.445250e-19   5.489928e-19   1.828882e-19   5.982509e-20   0.000000e+00
         7.3500   6.377186e-20   1.642208e-19   8.012270e-19   2.728778e-19   1.090516e-18   1.151514e-19   7.235819e-19   5.412339e-19   1.934245e-19   6.263644e-20   0.000000e+00
         7.4000   6.034922e-20   1.554083e-19   7.805815e-19   2.648565e-19   1.061092e-18   1.008589e-19   7.026361e-19   5.327760e-19   2.031739e-19   6.517371e-20   0.000000e+00
         7.4500   5.709514e-20   1.470302e-19   7.597657e-19   2.569002e-19   1.031744e-18   8.632819e-20   6.817607e-19   5.236844e-19   2.120867e-19   6.743749e-20   0.000000e+00
         7.5000   5.400379e-20   1.390714e-19   7.388561e-19   2.490232e-19   1.002535e-18   7.167865e-20   6.610256e-19   5.144286e-19   2.201346e-19   6.943176e-20   0.000000e+00
         7.5500   5.106914e-20   1.315160e-19   7.179225e-19   2.412383e-19   9.735149e-19   5.720135e-20   6.404812e-19   5.046821e-19   2.273067e-19   7.116291e-20   0.000000e+00
         7.6000   4.828499e-20   1.243480e-19   6.970287e-19   2.335573e-19   9.447293e-19   4.352372e-20   6.201651e-19   4.945130e-19   2.336073e-19   7.263905e-20   0.000000e+00
         7.6500   4.564507e-20   1.175513e-19   6.762323e-19   2.259909e-19   9.162203e-19   3.241234e-20   6.001077e-19   4.839882e-19   2.390531e-19   7.386944e-20   0.000000e+00
         7.7000   4.314314e-20   1.111097e-19   6.555852e-19   2.185484e-19   8.880276e-19   2.557805e-20   5.803355e-19   4.731718e-19   2.436743e-19   7.486409e-20   0.000000e+00
         7.7500   4.077303e-20   1.050074e-19   6.351339e-19   2.112382e-19   8.601884e-19   2.140151e-20   5.608780e-19   4.621197e-19   2.475086e-19   7.563346e-20   0.000000e+00
         7.8000   3.852863e-20   9.922852e-20   6.149197e-19   2.040676e-19   8.327377e-19   1.934141e-20   5.417686e-19   4.508816e-19   2.505987e-19   7.618828e-20   0.000000e+00
         7.8500   3.640402e-20   9.375792e-20   5.949792e-19   1.970428e-19   8.057083e-19   2.036738e-20   5.230315e-19   4.395029e-19   2.529911e-19   7.653940e-20   0.000000e+00
         7.9000   3.439339e-20   8.858069e-20   5.753442e-19   1.901692e-19   7.791299e-19   2.305747e-20   5.046838e-19   4.280232e-19   2.547352e-19   7.669778e-20   0.000000e+00
         7.9500   3.249115e-20   8.368240e-20   5.560425e-19   1.834510e-19   7.530298e-19   2.680862e-20   4.867386e-19   4.164786e-19   2.558836e-19   7.667438e-20   0.000000e+00
         8.0000   3.069188e-20   7.904914e-20   5.370981e-19   1.768919e-19   7.274321e-19   3.114281e-20   4.692063e-19   4.049033e-19   2.564963e-19   7.648021e-20   0.000000e+00
         8.0500   2.899037e-20   7.466749e-20   5.185313e-19   1.704947e-19   7.023580e-19   3.568940e-20   4.520954e-19   3.933298e-19   2.566334e-19   7.612624e-20   0.000000e+00
         8.1000   2.738160e-20   7.052458e-20   5.003590e-19   1.642614e-19   6.778258e-19   4.017585e-20   4.354129e-19   3.817883e-19   2.563526e-19   7.562344e-20   0.000000e+00
         8.1500   2.586077e-20   6.660805e-20   4.825954e-19   1.581933e-19   6.538508e-19   4.441285e-20   4.191643e-19   3.703067e-19   2.557095e-19   7.498270e-20   0.000000e+00
         8.2000   2.442330e-20   6.290609e-20   4.652516e-19   1.522913e-19   6.304454e-19   4.827817e-20   4.033536e-19   3.589730e-19   2.547571e-19   7.421486e-20   0.000000e+00
         8.2500   2.306478e-20   5.940741e-20   4.483364e-19   1.465555e-19   6.076194e-19   5.170146e-20   3.879837e-19   3.477990e-19   2.535468e-19   7.333060e-20   0.000000e+00
         8.3000   2.178104e-20   5.610124e-20   4.318562e-19   1.409857e-19   5.853803e-19   5.465100e-20   3.730557e-19   3.367566e-19   2.521276e-19   7.234044e-20   0.000000e+00
         8.3500   2.056808e-20   5.297731e-20   4.158155e-19   1.355811e-19   5.637328e-19   5.712276e-20   3.585698e-19   3.258654e-19   2.505467e-19   7.125467e-20   0.000000e+00
         8.4000   1.942210e-20   5.002587e-20   4.002169e-19   1.303405e-19   5.426798e-19   5.913164e-20   3.445246e-19   3.151422e-19   2.488490e-19   7.008333e-20   0.000000e+00
         8.4500   1.833951e-20   4.723762e-20   3.850611e-19   1.252625e-19   5.222219e-19   6.070477e-20   3.309175e-19   3.046013e-19   2.470773e-19   6.883613e-20   0.000000e+00
         8.5000   1.731686e-20   4.460373e-20   3.703477e-19   1.203451e-19   5.023580e-19   6.187645e-20   3.177449e-19   2.942540e-19   2.452726e-19   6.752241e-20   0.000000e+00
         8.5500   1.635090e-20   4.211583e-20   3.560746e-19   1.155862e-19   4.830855e-19   6.268452e-20   3.050020e-19   2.841101e-19   2.434738e-19   6.615114e-20   0.000000e+00
         8.6000   1.543855e-20   3.976596e-20   3.422389e-19   1.109835e-19   4.644000e-19   6.316775e-20   2.926833e-19   2.741776e-19   2.417179e-19   6.473085e-20   0.000000e+00
         8.6500   1.457686e-20   3.754657e-20   3.288363e-19   1.065343e-19   4.462959e-19   6.336407e-20   2.807822e-19   2.644627e-19   2.400405e-19   6.326960e-20   0.000000e+00
         8.7000   1.376307e-20   3.545054e-20   3.158617e-19   1.022358e-19   4.287666e-19   6.330951e-20   2.692916e-19   2.549711e-19   2.384752e-19   6.177502e-20   0.000000e+00
         8.7500   1.299455e-20   3.347107e-20   3.033093e-19   9.808500e-20   4.118042e-19   6.303747e-20   2.582036e-19   2.457073e-19   2.370545e-19   6.025422e-20   0.000000e+00
         8.8000   1.226880e-20   3.160176e-20   2.911726e-19   9.407887e-20   3.953999e-19   6.257844e-20   2.475100e-19   2.366753e-19   2.358094e-19   5.871384e-20   0.000000e+00
         8.8500   1.158346e-20   2.983654e-20   2.794444e-19   9.021417e-20   3.795444e-19   6.195985e-20   2.372019e-19   2.278780e-19   2.347701e-19   5.716005e-20   0.000000e+00
         8.9000   1.093631e-20   2.816966e-20   2.681170e-19   8.648760e-20   3.642274e-19   6.120617e-20   2.272704e-19   2.193175e-19   2.339654e-19   5.559852e-20   0.000000e+00
         8.9500   1.032523e-20   2.659568e-20   2.571824e-19   8.289578e-20   3.494382e-19   6.033901e-20   2.177059e-19   2.109953e-19   2.334236e-19   5.403445e-20   0.000000e+00
         9.0000   9.748222e-21   2.510946e-20   2.466320e-19   7.943528e-20   3.351656e-19   5.937734e-20   2.084990e-19   2.029118e-19   2.331720e-19   5.247261e-20   0.000000e+00
