# CIE bound-bound cooling efficiency for Ar (Z=18)
# Source: CHIANTI v11.0.2 via ChiantiPy ion.boundBoundLoss
# Units: erg cm^3 / s, per ion per electron, low-density limit (n_e = 1 cm^-3)
# T grid: 121 log-spaced points, 10^3.00 K -> 10^9.00 K
# Generated by pyathena/photchem/data/build_cool_tables.py
#
# log_T_K        L_Ar0          L_Ar1          L_Ar2          L_Ar3          L_Ar4          L_Ar5          L_Ar6          L_Ar7          L_Ar8          L_Ar9          L_Ar10         L_Ar11         L_Ar12         L_Ar13         L_Ar14         L_Ar15         L_Ar16         L_Ar17         L_Ar18       
         3.0000   0.000000e+00   4.700216e-26   1.880087e-25   4.230195e-25   7.520346e-25   1.175054e-24   1.692078e-24   2.303106e-24   3.008138e-24   3.807175e-24   4.700216e-24   5.687262e-24   6.768311e-24   7.943365e-24   9.212424e-24   1.057549e-23   1.203255e-23   1.358362e-23   1.522870e-23
         3.0500   0.000000e+00   4.978722e-26   1.991489e-25   4.480849e-25   7.965955e-25   1.244680e-24   1.792340e-24   2.439574e-24   3.186382e-24   4.032764e-24   4.978722e-24   6.024253e-24   7.169359e-24   8.414039e-24   9.758294e-24   1.120212e-23   1.274553e-23   1.438851e-23   1.613106e-23
         3.1000   0.000000e+00   5.273729e-26   2.109492e-25   4.746356e-25   8.437967e-25   1.318432e-24   1.898543e-24   2.584127e-24   3.375187e-24   4.271721e-24   5.273729e-24   6.381213e-24   7.594170e-24   8.912603e-24   1.033651e-23   1.186589e-23   1.350075e-23   1.524108e-23   1.708688e-23
         3.1500   0.000000e+00   5.586217e-26   2.234487e-25   5.027596e-25   8.937948e-25   1.396554e-24   2.011038e-24   2.737247e-24   3.575179e-24   4.524836e-24   5.586217e-24   6.759323e-24   8.044153e-24   9.440708e-24   1.094899e-23   1.256899e-23   1.430072e-23   1.614417e-23   1.809934e-23
         3.2000   0.000000e+00   5.917222e-26   2.366889e-25   5.325500e-25   9.467555e-25   1.479305e-24   2.130200e-24   2.899439e-24   3.787022e-24   4.792950e-24   5.917222e-24   7.159838e-24   8.520799e-24   1.000010e-23   1.159775e-23   1.331375e-23   1.514809e-23   1.710077e-23   1.917180e-23
         3.2500   0.000000e+00   6.267839e-26   2.507136e-25   5.641055e-25   1.002854e-24   1.566960e-24   2.256422e-24   3.071241e-24   4.011417e-24   5.076950e-24   6.267839e-24   7.584085e-24   9.025688e-24   1.059265e-23   1.228496e-23   1.410264e-23   1.604567e-23   1.811406e-23   2.030780e-23
         3.3000   0.000000e+00   6.639232e-26   2.655693e-25   5.975309e-25   1.062277e-24   1.659808e-24   2.390123e-24   3.253224e-24   4.249108e-24   5.377778e-24   6.639232e-24   8.033471e-24   9.560494e-24   1.122030e-23   1.301289e-23   1.493827e-23   1.699643e-23   1.918738e-23   2.151111e-23
         3.3500   0.000000e+00   7.032631e-26   2.813052e-25   6.329368e-25   1.125221e-24   1.758158e-24   2.531747e-24   3.445989e-24   4.500884e-24   5.696431e-24   7.032631e-24   8.509484e-24   1.012699e-23   1.188515e-23   1.378396e-23   1.582342e-23   1.800354e-23   2.032430e-23   2.278572e-23
         3.4000   0.000000e+00   7.449341e-26   2.979736e-25   6.704407e-25   1.191895e-24   1.862335e-24   2.681763e-24   3.650177e-24   4.767578e-24   6.033966e-24   7.449341e-24   9.013702e-24   1.072705e-23   1.258939e-23   1.460071e-23   1.676102e-23   1.907031e-23   2.152859e-23   2.413586e-23
         3.4500   0.000000e+00   7.890742e-26   3.156297e-25   7.101668e-25   1.262519e-24   1.972685e-24   2.840667e-24   3.866464e-24   5.050075e-24   6.391501e-24   7.890742e-24   9.547798e-24   1.136267e-23   1.333535e-23   1.546585e-23   1.775417e-23   2.020030e-23   2.280424e-23   2.556600e-23
         3.5000   0.000000e+00   8.358298e-26   3.343319e-25   7.522468e-25   1.337328e-24   2.089574e-24   3.008987e-24   4.095566e-24   5.349311e-24   6.770221e-24   8.358298e-24   1.011354e-23   1.203595e-23   1.412552e-23   1.638226e-23   1.880617e-23   2.139724e-23   2.415548e-23   2.708088e-23
         3.5500   0.000000e+00   8.868435e-26   3.541423e-25   7.968202e-25   1.416569e-24   2.213390e-24   3.187281e-24   4.338243e-24   5.666277e-24   7.171382e-24   8.853558e-24   1.071281e-23   1.274912e-23   1.496251e-23   1.735297e-23   1.992051e-23   2.266511e-23   2.558678e-23   2.868553e-23
         3.6000   0.000000e+00   9.427428e-26   3.751266e-25   8.440348e-25   1.500506e-24   2.344541e-24   3.376139e-24   4.595301e-24   6.002025e-24   7.596313e-24   9.378164e-24   1.134758e-23   1.350456e-23   1.584910e-23   1.838120e-23   2.110087e-23   2.400810e-23   2.710290e-23   3.038525e-23
         3.6500   0.000000e+00   1.002449e-25   3.973542e-25   8.940470e-25   1.589417e-24   2.483464e-24   3.576188e-24   4.867589e-24   6.357668e-24   8.046423e-24   9.933856e-24   1.201997e-23   1.430475e-23   1.678822e-23   1.947036e-23   2.235117e-23   2.543067e-23   2.870884e-23   3.218569e-23
         3.7000   0.000000e+00   1.066254e-25   4.208989e-25   9.470226e-25   1.683596e-24   2.630618e-24   3.788090e-24   5.156012e-24   6.734383e-24   8.523204e-24   1.052247e-23   1.273219e-23   1.515236e-23   1.778298e-23   2.062405e-23   2.367557e-23   2.693753e-23   3.040995e-23   3.409281e-23
         3.7500   0.000000e+00   1.134473e-25   4.458388e-25   1.003137e-24   1.783355e-24   2.786492e-24   4.012549e-24   5.461525e-24   7.133420e-24   9.028235e-24   1.114597e-23   1.348662e-23   1.605020e-23   1.883669e-23   2.184610e-23   2.507843e-23   2.853368e-23   3.221185e-23   3.611294e-23
         3.8000   0.000000e+00   1.207451e-25   4.732508e-25   1.062577e-24   1.889026e-24   2.951602e-24   4.250307e-24   5.785141e-24   7.556102e-24   9.563192e-24   1.180641e-23   1.428576e-23   1.700123e-23   1.995283e-23   2.314056e-23   2.656442e-23   3.022441e-23   3.412052e-23   3.825277e-23
         3.8500   0.000000e+00   1.285567e-25   5.030978e-25   1.125538e-24   2.000957e-24   3.126496e-24   4.502154e-24   6.127932e-24   8.003829e-24   1.012985e-23   1.250598e-23   1.513224e-23   1.800862e-23   2.113511e-23   2.451173e-23   2.813846e-23   3.201532e-23   3.614229e-23   4.051939e-23
         3.9000   0.000000e+00   1.369232e-25   5.349796e-25   1.192231e-24   2.119521e-24   3.311752e-24   4.768923e-24   6.491035e-24   8.478086e-24   1.073008e-23   1.324701e-23   1.602888e-23   1.907569e-23   2.238745e-23   2.596414e-23   2.980577e-23   3.391234e-23   3.828386e-23   4.292031e-23
         3.9500   0.000000e+00   1.458896e-25   5.690518e-25   1.263926e-24   2.245111e-24   3.507986e-24   5.051500e-24   6.875653e-24   8.980444e-24   1.136587e-23   1.403194e-23   1.697865e-23   2.020600e-23   2.371399e-23   2.750261e-23   3.157187e-23   3.592178e-23   4.055232e-23   4.546350e-23
         4.0000   0.000000e+00   1.555051e-25   6.054835e-25   1.343502e-24   2.378142e-24   3.715847e-24   5.350820e-24   7.283061e-24   9.512569e-24   1.203934e-23   1.486339e-23   1.798470e-23   2.140328e-23   2.511913e-23   2.913224e-23   3.344262e-23   3.805028e-23   4.295519e-23   4.815738e-23
         4.0500   0.000000e+00   1.658233e-25   6.444599e-25   1.428487e-24   2.519056e-24   3.936025e-24   5.667876e-24   7.714609e-24   1.007622e-23   1.275272e-23   1.574410e-23   1.905036e-23   2.267150e-23   2.660753e-23   3.085844e-23   3.542423e-23   4.030490e-23   4.550045e-23   5.101088e-23
         4.1000   0.000000e+00   1.769029e-25   6.861830e-25   1.519293e-24   2.668319e-24   4.169249e-24   6.003719e-24   8.171728e-24   1.067328e-23   1.350837e-23   1.667700e-23   2.017917e-23   2.401488e-23   2.818412e-23   3.268691e-23   3.752324e-23   4.269311e-23   4.819652e-23   5.403347e-23
         4.1500   0.000000e+00   1.888077e-25   7.308736e-25   1.616369e-24   2.835272e-24   4.416293e-24   6.359461e-24   8.655934e-24   1.130571e-23   1.430879e-23   1.766517e-23   2.137486e-23   2.543785e-23   2.985414e-23   3.462373e-23   3.974663e-23   4.522284e-23   5.105234e-23   5.723515e-23
         4.2000   0.000000e+00   2.016074e-25   7.787725e-25   1.720204e-24   3.014334e-24   4.677974e-24   6.736283e-24   9.168830e-24   1.197561e-23   1.515664e-23   1.871190e-23   2.264140e-23   2.694513e-23   3.162311e-23   3.667532e-23   4.210177e-23   4.790246e-23   5.407739e-23   6.062655e-23
         4.2500   0.000000e+00   2.153783e-25   8.301425e-25   1.831331e-24   3.205631e-24   4.971225e-24   7.135433e-24   9.712117e-24   1.268521e-23   1.605472e-23   1.982065e-23   2.398298e-23   2.854173e-23   3.349689e-23   3.884847e-23   4.459646e-23   5.074086e-23   5.728167e-23   6.421890e-23
         4.3000   0.000000e+00   2.302032e-25   8.852712e-25   1.950335e-24   3.410100e-24   5.285230e-24   7.565008e-24   1.028760e-23   1.343686e-23   1.700603e-23   2.099509e-23   2.540406e-23   3.023294e-23   3.548171e-23   4.115039e-23   4.723896e-23   5.374744e-23   6.067582e-23   6.802411e-23
         4.3500   0.000000e+00   2.461720e-25   9.444728e-25   2.077853e-24   3.628763e-24   5.620695e-24   8.041335e-24   1.089717e-23   1.423304e-23   1.801370e-23   2.223913e-23   2.690935e-23   3.202435e-23   3.758413e-23   4.358870e-23   5.003805e-23   5.693218e-23   6.427109e-23   7.205479e-23
         4.4000   0.000000e+00   2.633825e-25   1.008089e-24   2.214579e-24   3.862739e-24   5.979266e-24   8.550046e-24   1.154287e-23   1.507641e-23   1.908108e-23   2.355688e-23   2.850383e-23   3.392191e-23   3.981113e-23   4.617149e-23   5.300299e-23   6.030562e-23   6.807939e-23   7.632430e-23
         4.4500   0.000000e+00   2.819405e-25   1.076493e-24   2.361272e-24   4.113247e-24   6.362736e-24   9.093611e-24   1.224989e-23   1.596974e-23   2.021170e-23   2.495272e-23   3.019279e-23   3.593191e-23   4.217009e-23   4.890733e-23   5.614361e-23   6.387896e-23   7.211335e-23   8.084680e-23
         4.5000   0.000000e+00   3.019602e-25   1.150092e-24   2.518765e-24   4.381621e-24   6.773066e-24   9.674710e-24   1.302224e-23   1.693386e-23   2.140932e-23   2.643126e-23   3.198182e-23   3.806101e-23   4.466883e-23   5.180527e-23   5.947033e-23   6.766402e-23   7.638634e-23   8.563728e-23
         4.5500   0.000000e+00   3.235639e-25   1.229331e-24   2.687961e-24   4.669314e-24   7.212399e-24   1.029627e-23   1.384722e-23   1.800033e-23   2.267790e-23   2.799741e-23   3.387686e-23   4.031627e-23   4.731562e-23   5.487492e-23   6.299417e-23   7.167337e-23   8.091251e-23   9.071160e-23
         4.6000   0.000000e+00   3.468828e-25   1.314690e-24   2.869848e-24   4.977913e-24   7.683073e-24   1.096150e-23   1.472885e-23   1.913933e-23   2.402165e-23   2.965636e-23   3.588420e-23   4.270516e-23   5.011925e-23   5.812646e-23   6.672681e-23   7.592028e-23   8.570688e-23   9.608661e-23
         4.6500   0.000000e+00   3.720550e-25   1.406692e-24   3.065502e-24   5.309157e-24   8.187639e-24   1.167388e-23   1.567149e-23   2.035639e-23   2.544502e-23   3.141361e-23   3.801047e-23   4.523560e-23   5.308900e-23   6.157067e-23   7.068062e-23   8.041884e-23   9.078533e-23   1.017801e-22
         4.7000   0.000000e+00   3.992255e-25   1.505903e-24   3.276100e-24   5.664940e-24   8.728882e-24   1.243724e-23   1.667995e-23   2.165752e-23   2.695274e-23   3.327498e-23   4.026273e-23   4.791598e-23   5.623472e-23   6.521897e-23   7.486871e-23   8.518396e-23   9.616470e-23   1.078109e-22
         4.7500   0.000000e+00   4.285421e-25   1.612933e-24   3.502916e-24   6.047325e-24   9.309853e-24   1.325573e-23   1.775943e-23   2.304930e-23   2.854979e-23   3.524665e-23   4.264845e-23   5.075518e-23   5.956684e-23   6.908343e-23   7.930496e-23   9.023142e-23   1.018628e-22   1.141991e-22
         4.8000   0.000000e+00   4.601542e-25   1.728435e-24   3.747335e-24   6.458566e-24   9.933876e-24   1.413390e-23   1.891564e-23   2.453888e-23   3.024147e-23   3.733514e-23   4.517553e-23   5.376261e-23   6.309639e-23   7.317688e-23   8.400408e-23   9.557797e-23   1.078986e-22   1.209659e-22
         4.8500   0.000000e+00   4.942032e-25   1.853111e-24   4.010861e-24   6.901124e-24   1.060457e-23   1.507673e-23   2.015480e-23   2.613411e-23   3.203339e-23   3.954739e-23   4.785234e-23   5.694824e-23   6.683509e-23   7.751289e-23   8.898163e-23   1.012413e-22   1.142920e-22   1.281335e-22
         4.9000   0.000000e+00   5.308148e-25   1.987695e-24   4.295113e-24   7.377671e-24   1.132589e-23   1.608964e-23   2.148371e-23   2.784353e-23   3.393148e-23   4.189072e-23   5.068777e-23   6.032264e-23   7.079532e-23   8.210581e-23   9.425412e-23   1.072402e-22   1.210642e-22   1.357259e-22
         4.9500   0.000000e+00   5.700883e-25   2.132959e-24   4.601834e-24   7.891110e-24   1.210216e-23   1.717853e-23   2.290980e-23   2.967646e-23   3.594205e-23   4.437290e-23   5.369121e-23   6.389698e-23   7.499021e-23   8.697089e-23   9.983903e-23   1.135946e-22   1.282377e-22   1.437682e-22
         5.0000   0.000000e+00   6.120748e-25   2.289688e-24   4.932889e-24   8.444592e-24   1.293806e-23   1.834986e-23   2.444118e-23   3.164311e-23   3.819359e-23   4.700216e-23   5.687262e-23   6.768311e-23   7.943365e-23   9.212424e-23   1.057549e-22   1.203255e-22   1.358362e-22   1.522870e-22
         5.0500   0.000000e+00   6.567715e-25   2.458668e-24   5.290256e-24   9.041522e-24   1.383869e-23   1.961066e-23   2.608668e-23   3.375464e-23   4.060593e-23   4.993146e-23   6.024253e-23   7.169359e-23   8.414039e-23   9.758294e-23   1.120212e-22   1.274553e-22   1.438851e-22   1.613106e-22
         5.1000   0.000000e+00   7.040931e-25   2.640645e-24   5.676007e-24   9.685564e-24   1.480958e-23   2.096858e-23   2.785596e-23   3.602317e-23   4.318313e-23   5.308390e-23   6.399025e-23   7.594170e-23   8.912603e-23   1.033651e-22   1.186589e-22   1.350075e-22   1.524108e-22   1.708688e-22
         5.1500   0.000000e+00   7.538775e-25   2.836266e-24   6.092275e-24   1.038065e-23   1.585669e-23   2.243190e-23   2.975954e-23   3.846194e-23   4.593783e-23   5.645163e-23   6.802973e-23   8.061205e-23   9.440708e-23   1.094899e-22   1.256899e-22   1.430072e-22   1.614417e-22   1.809934e-22
         5.2000   0.000000e+00   8.058714e-25   3.046037e-24   6.541229e-24   1.113096e-23   1.698646e-23   2.400962e-23   3.180889e-23   4.108544e-23   4.888378e-23   6.005114e-23   7.234501e-23   8.569620e-23   1.002463e-22   1.159775e-22   1.331375e-22   1.514809e-22   1.710077e-22   1.917180e-22
         5.2500   0.000000e+00   8.597575e-25   3.270190e-24   7.024943e-24   1.194089e-23   1.820577e-23   2.571145e-23   3.401645e-23   4.390942e-23   5.203607e-23   6.390040e-23   7.695721e-23   9.112696e-23   1.065716e-22   1.232201e-22   1.410264e-22   1.604567e-22   1.811406e-22   2.030780e-22
         5.3000   0.000000e+00   9.151611e-25   3.508668e-24   7.545329e-24   1.281501e-23   1.952197e-23   2.754780e-23   3.639574e-23   4.695099e-23   5.541114e-23   6.801904e-23   8.188934e-23   9.693085e-23   1.133285e-22   1.310009e-22   1.497966e-22   1.700718e-22   1.918738e-22   2.151111e-22
         5.3500   0.000000e+00   9.717091e-25   3.760964e-24   8.103912e-24   1.375798e-23   2.094275e-23   2.952986e-23   3.896139e-23   5.022874e-23   5.902696e-23   7.242854e-23   8.716655e-23   1.031367e-22   1.205499e-22   1.393132e-22   1.592525e-22   1.807764e-22   2.032430e-22   2.278572e-22
         5.4000   0.000000e+00   1.029035e-24   4.026164e-24   8.701650e-24   1.477434e-23   2.247611e-23   3.166945e-23   4.172917e-23   5.376283e-23   6.290311e-23   7.715232e-23   9.281633e-23   1.097760e-22   1.282718e-22   1.481978e-22   1.693539e-22   1.922083e-22   2.152859e-22   2.413586e-22
         5.4500   0.000000e+00   1.086867e-24   4.302874e-24   9.338709e-24   1.586841e-23   2.413022e-23   3.397896e-23   4.471601e-23   5.757497e-23   6.706098e-23   8.221593e-23   9.886867e-23   1.168832e-22   1.365336e-22   1.576989e-22   1.801504e-22   2.044230e-22   2.280424e-22   2.556600e-22
         5.5000   0.000000e+00   1.145012e-24   4.589377e-24   1.001417e-23   1.704373e-23   2.591301e-23   3.647117e-23   4.794002e-23   6.168853e-23   7.152402e-23   8.764727e-23   1.053563e-22   1.244959e-22   1.453781e-22   1.678652e-22   1.916957e-22   2.174806e-22   2.415548e-22   2.708088e-22
         5.5500   0.000000e+00   1.203421e-24   4.883665e-24   1.072597e-23   1.830292e-23   2.783200e-23   3.915903e-23   5.142026e-23   6.612852e-23   7.631775e-23   9.347691e-23   1.123150e-22   1.326551e-22   1.548522e-22   1.787496e-22   2.040488e-22   2.314469e-22   2.558678e-22   2.868553e-22
         5.6000   0.000000e+00   1.262172e-24   5.183769e-24   1.147077e-23   1.964687e-23   2.989335e-23   4.205493e-23   5.517672e-23   7.092139e-23   8.146997e-23   9.973815e-23   1.197838e-22   1.414056e-22   1.650072e-22   1.904100e-22   2.172740e-22   2.463935e-22   2.710290e-22   3.038525e-22
         5.6500   0.000000e+00   1.321488e-24   5.487790e-24   1.224417e-23   2.107450e-23   3.210158e-23   4.517026e-23   5.922979e-23   7.609489e-23   8.701107e-23   1.064673e-22   1.278054e-22   1.507965e-22   1.758987e-22   2.029096e-22   2.314414e-22   2.623990e-22   2.870884e-22   3.218569e-22
         5.7000   0.000000e+00   1.381706e-24   5.794328e-24   1.304093e-23   2.258218e-23   3.445812e-23   4.851411e-23   6.359995e-23   8.167751e-23   9.297421e-23   1.137039e-22   1.364262e-22   1.608811e-22   1.875879e-22   2.163172e-22   2.466277e-22   2.795488e-22   3.040995e-22   3.409281e-22
         5.7500   0.000000e+00   1.443272e-24   6.102461e-24   1.385559e-23   2.416366e-23   3.696097e-23   5.209209e-23   6.830665e-23   8.769819e-23   9.939540e-23   1.214912e-22   1.456970e-22   1.717178e-22   2.001415e-22   2.307084e-22   2.629165e-22   2.979364e-22   3.221185e-22   3.611294e-22
         5.8000   0.000000e+00   1.506702e-24   6.411993e-24   1.468274e-23   2.581009e-23   3.960363e-23   5.590513e-23   7.336693e-23   9.418448e-23   1.063138e-22   1.298764e-22   1.556733e-22   1.833701e-22   2.136321e-22   2.461653e-22   2.803994e-22   3.176637e-22   3.412052e-22   3.825277e-22
         5.8500   0.000000e+00   1.572567e-24   6.723456e-24   1.551812e-23   2.751085e-23   4.237502e-23   5.994754e-23   7.879421e-23   1.011616e-22   1.137718e-22   1.389103e-22   1.664151e-22   1.959074e-22   2.281390e-22   2.627776e-22   2.991762e-22   3.388424e-22   3.614229e-22   4.051939e-22
         5.9000   0.000000e+00   1.641454e-24   7.038088e-24   1.635850e-23   2.925398e-23   4.525953e-23   6.420695e-23   8.459506e-23   1.086496e-22   1.218153e-22   1.486485e-22   1.779879e-22   2.094054e-22   2.437487e-22   2.806432e-22   3.193557e-22   3.615941e-22   3.828386e-22   4.292031e-22
         5.9500   0.000000e+00   1.713971e-24   7.357770e-24   1.720275e-23   3.102789e-23   4.823846e-23   6.866317e-23   9.076855e-23   1.166605e-22   1.304937e-22   1.591508e-22   1.904626e-22   2.239459e-22   2.605553e-22   2.998689e-22   3.410565e-22   3.860513e-22   4.057264e-22   4.546350e-22
         6.0000   0.000000e+00   1.790735e-24   7.684904e-24   1.805144e-23   3.282225e-23   5.129090e-23   7.328983e-23   9.730226e-23   1.251959e-22   1.398599e-22   1.704817e-22   2.039160e-22   2.396182e-22   2.786611e-22   3.205707e-22   3.644085e-22   4.123588e-22   4.312589e-22   4.824330e-22
         6.0500   0.000000e+00   1.872286e-24   8.022282e-24   1.890734e-23   3.462931e-23   5.439656e-23   7.805554e-23   1.041732e-22   1.342422e-22   1.499704e-22   1.827104e-22   2.184307e-22   2.565185e-22   2.981770e-22   3.428748e-22   3.895523e-22   4.406745e-22   4.585257e-22   5.128460e-22
         6.1000   0.000000e+00   1.959151e-24   8.372921e-24   1.977492e-23   3.644515e-23   5.753753e-23   8.292762e-23   1.113457e-22   1.437712e-22   1.608842e-22   1.959106e-22   2.340954e-22   2.747507e-22   3.192231e-22   3.669180e-22   4.166412e-22   4.711697e-22   4.876590e-22   5.453307e-22
         6.1500   0.000000e+00   2.051892e-24   8.739971e-24   2.066029e-23   3.826954e-23   6.070037e-23   8.787382e-23   1.187759e-22   1.537369e-22   1.726628e-22   2.101599e-22   2.510045e-22   2.944264e-22   3.419286e-22   3.928482e-22   4.458412e-22   5.040307e-22   5.188021e-22   5.800457e-22
         6.2000   0.000000e+00   2.151047e-24   9.126644e-24   2.157065e-23   4.010710e-23   6.387847e-23   9.286878e-23   1.264117e-22   1.640800e-22   1.853691e-22   2.255387e-22   2.692573e-22   3.156646e-22   3.664324e-22   4.208246e-22   4.773320e-22   5.394594e-22   5.521116e-22   6.171628e-22
         6.2500   0.000000e+00   2.257083e-24   9.536198e-24   2.251420e-23   4.196612e-23   6.707166e-23   9.789335e-23   1.342019e-22   1.747299e-22   1.990641e-22   2.421294e-22   2.889574e-22   3.385907e-22   3.928825e-22   4.510179e-22   5.113069e-22   5.776735e-22   5.877584e-22   6.568704e-22
         6.3000   0.000000e+00   2.370474e-24   9.971433e-24   2.349927e-23   4.385877e-23   7.028825e-23   1.029411e-22   1.420966e-22   1.856138e-22   2.138056e-22   2.600128e-22   3.102102e-22   3.633360e-22   4.214347e-22   4.836102e-22   5.479734e-22   6.189076e-22   6.259296e-22   6.993739e-22
         6.3500   0.000000e+00   2.491703e-24   1.043518e-23   2.453469e-23   4.579978e-23   7.354299e-23   1.080155e-22   1.500588e-22   1.966600e-22   2.296411e-22   2.792654e-22   3.331196e-22   3.900343e-22   4.522516e-22   5.187923e-22   5.875529e-22   6.634125e-22   6.668290e-22   7.448978e-22
         6.4000   0.000000e+00   2.621244e-24   1.093042e-23   2.562937e-23   4.780629e-23   7.685732e-23   1.131335e-22   1.580632e-22   2.078127e-22   2.466055e-22   2.999509e-22   3.577842e-22   4.188195e-22   4.854992e-22   5.567631e-22   6.302776e-22   7.114544e-22   7.106791e-22   7.936870e-22
         6.4500   0.000000e+00   2.759579e-24   1.145993e-23   2.679146e-23   4.989606e-23   8.025717e-23   1.183219e-22   1.661040e-22   2.190301e-22   2.647103e-22   3.221173e-22   3.842864e-22   4.498185e-22   5.213421e-22   5.977253e-22   6.763899e-22   7.633125e-22   7.577229e-22   8.460085e-22
         6.5000   0.000000e+00   2.907202e-24   1.202621e-23   2.802851e-23   5.208800e-23   8.377263e-23   1.236174e-22   1.741934e-22   2.302991e-22   2.839404e-22   3.457820e-22   4.126885e-22   4.831413e-22   5.599364e-22   6.418775e-22   7.261370e-22   8.192745e-22   8.082267e-22   9.021551e-22
         6.5500   0.000000e+00   3.064628e-24   1.263175e-23   2.934851e-23   5.440105e-23   8.743480e-23   1.290632e-22   1.823626e-22   2.416288e-22   3.042461e-22   3.709293e-22   4.430142e-22   5.188740e-22   6.014152e-22   6.894076e-22   7.797621e-22   8.796335e-22   8.624801e-22   9.624460e-22
         6.6000   0.000000e+00   3.232389e-24   1.327911e-23   3.075952e-23   5.685384e-23   9.127680e-23   1.347084e-22   1.906595e-22   2.530581e-22   3.255428e-22   3.974973e-22   4.752449e-22   5.570561e-22   6.458811e-22   7.404713e-22   8.374961e-22   9.446703e-22   9.207988e-22   1.027229e-21
         6.6500   0.000000e+00   3.411048e-24   1.397081e-23   3.226841e-23   5.946251e-23   9.533183e-23   1.406028e-22   1.991458e-22   2.646479e-22   3.477107e-22   4.253791e-22   5.093028e-22   5.976773e-22   6.933769e-22   7.951847e-22   8.995322e-22   1.014646e-21   9.835281e-22   1.096883e-21
         6.7000   0.000000e+00   3.601196e-24   1.470941e-23   3.388202e-23   6.224398e-23   9.963231e-23   1.467992e-22   2.078933e-22   2.764811e-22   3.706064e-22   4.544206e-22   5.450526e-22   6.406513e-22   7.438820e-22   8.535884e-22   9.660171e-22   1.089769e-21   1.051044e-21   1.171823e-21
         6.7500   0.000000e+00   3.803463e-24   1.549753e-23   3.560729e-23   6.521594e-23   1.042065e-22   1.533509e-22   2.169804e-22   2.886548e-22   3.940691e-22   4.844362e-22   5.822981e-22   6.858219e-22   7.972817e-22   9.156398e-22   1.037006e-21   1.170175e-21   1.123756e-21   1.252501e-21
         6.8000   0.000000e+00   4.018513e-24   1.633790e-23   3.745114e-23   6.839390e-23   1.090840e-22   1.603064e-22   2.264887e-22   3.012784e-22   4.179428e-22   5.152144e-22   6.208018e-22   7.329515e-22   8.533729e-22   9.811831e-22   1.112458e-21   1.255893e-21   1.202106e-21   1.339405e-21
         6.8500   0.000000e+00   4.247048e-24   1.723338e-23   3.942048e-23   7.179246e-23   1.142959e-22   1.677109e-22   2.365014e-22   3.144640e-22   4.420894e-22   5.465506e-22   6.602928e-22   7.817475e-22   9.118541e-22   1.049951e-21   1.192189e-21   1.346810e-21   1.286577e-21   1.433069e-21
         6.9000   0.000000e+00   4.489817e-24   1.818695e-23   4.152243e-23   7.542651e-23   1.198690e-22   1.756123e-22   2.471037e-22   3.283292e-22   4.664050e-22   5.782583e-22   7.005082e-22   8.318678e-22   9.723575e-22   1.121561e-21   1.275885e-21   1.442656e-21   1.377688e-21   1.534067e-21
         6.9500   0.000000e+00   4.747623e-24   1.920178e-23   4.376433e-23   7.931102e-23   1.258290e-22   1.840586e-22   2.583688e-22   3.429930e-22   4.908384e-22   6.101985e-22   7.412065e-22   8.829771e-22   1.034457e-21   1.195552e-21   1.363086e-21   1.542990e-21   1.475998e-21   1.643021e-21
         7.0000   0.000000e+00   5.021394e-24   2.028121e-23   4.615384e-23   8.346081e-23   1.322019e-22   1.930909e-22   2.703699e-22   3.585627e-22   5.153873e-22   6.422959e-22   7.822081e-22   9.347525e-22   1.097740e-21   1.271405e-21   1.453237e-21   1.647224e-21   1.582105e-21   1.760597e-21
         7.0500   0.000000e+00   5.318930e-24   2.142879e-23   4.869897e-23   8.789106e-23   1.390140e-22   2.027500e-22   2.831844e-22   3.751396e-22   5.401151e-22   6.745424e-22   8.234127e-22   9.869554e-22   1.161814e-21   1.348615e-21   1.545704e-21   1.754660e-21   1.696645e-21   1.887509e-21
         7.1000   0.000000e+00   5.634097e-24   2.264827e-23   5.140817e-23   9.261741e-23   1.462911e-22   2.130774e-22   2.968855e-22   3.928308e-22   5.651346e-22   7.070143e-22   8.648080e-22   1.039430e-21   1.226391e-21   1.426727e-21   1.639871e-21   1.864554e-21   1.820283e-21   2.024508e-21
         7.1500   0.000000e+00   5.967938e-24   2.394365e-23   5.429042e-23   9.765611e-23   1.540598e-22   2.241146e-22   3.115376e-22   4.117429e-22   5.906101e-22   7.398540e-22   9.064881e-22   1.092142e-21   1.291295e-21   1.505402e-21   1.735172e-21   1.976179e-21   1.953708e-21   2.172380e-21
         7.2000   0.000000e+00   6.321560e-24   2.531921e-23   5.735519e-23   1.030241e-22   1.623476e-22   2.359027e-22   3.272058e-22   4.319671e-22   6.167406e-22   7.732722e-22   9.486337e-22   1.145184e-21   1.356496e-21   1.584461e-21   1.831185e-21   2.088944e-21   2.097621e-21   2.331931e-21
         7.2500   0.000000e+00   6.696136e-24   2.678455e-23   6.061251e-23   1.087394e-22   1.711829e-22   2.484845e-22   3.439567e-22   4.535947e-22   6.437571e-22   8.075275e-22   9.915129e-22   1.198767e-21   1.422124e-21   1.663890e-21   1.927674e-21   2.202402e-21   2.252694e-21   2.503969e-21
         7.3000   0.000000e+00   7.092907e-24   2.837163e-23   6.407301e-23   1.148207e-22   1.805955e-22   2.619038e-22   3.618554e-22   4.767185e-22   6.718988e-22   8.429200e-22   1.035456e-21   1.253212e-21   1.488452e-21   1.743883e-21   2.024609e-21   2.316388e-21   2.419554e-21   2.689262e-21
         7.3500   0.000000e+00   7.513188e-24   3.005275e-23   6.774816e-23   1.212883e-22   1.906167e-22   2.762065e-22   3.809684e-22   5.014306e-22   7.014201e-22   8.797638e-22   1.080847e-21   1.308927e-21   1.555891e-21   1.824797e-21   2.122210e-21   2.430958e-21   2.598707e-21   2.888488e-21
         7.4000   0.000000e+00   7.958373e-24   3.183349e-23   7.164992e-23   1.281633e-22   2.012797e-22   2.914404e-22   4.013640e-22   5.278234e-22   7.325762e-22   9.183920e-22   1.128090e-21   1.366389e-21   1.624952e-21   1.907155e-21   2.220897e-21   2.546475e-21   2.790487e-21   3.102181e-21
         7.4500   0.000000e+00   8.429936e-24   3.371974e-23   7.586943e-23   1.354680e-22   2.126197e-22   3.076562e-22   4.231128e-22   5.559922e-22   7.656168e-22   9.591391e-22   1.177610e-21   1.426111e-21   1.696234e-21   1.991598e-21   2.321298e-21   2.663525e-21   2.994971e-21   3.330609e-21
         7.5000   0.000000e+00   8.929441e-24   3.571776e-23   8.036497e-23   1.432267e-22   2.246738e-22   3.249077e-22   4.462886e-22   5.860351e-22   8.007593e-22   1.002337e-21   1.229837e-21   1.488630e-21   1.770371e-21   2.078868e-21   2.424186e-21   2.782924e-21   3.211904e-21   3.573747e-21
         7.5500   0.000000e+00   9.458544e-24   3.783418e-23   8.512690e-23   1.514648e-22   2.374813e-22   3.432514e-22   4.709690e-22   6.180545e-22   8.382312e-22   1.048273e-21   1.285200e-21   1.554493e-21   1.848031e-21   2.169738e-21   2.530459e-21   2.905636e-21   3.440657e-21   3.831116e-21
         7.6000   0.000000e+00   1.001900e-23   4.007599e-23   9.017098e-23   1.603040e-22   2.510846e-22   3.627474e-22   4.972356e-22   6.521578e-22   8.782707e-22   1.097244e-21   1.344067e-21   1.624255e-21   1.929892e-21   2.265030e-21   2.641061e-21   3.032762e-21   3.680192e-21   4.101823e-21
         7.6500   0.000000e+00   1.061266e-23   4.245064e-23   9.551395e-23   1.698026e-22   2.655282e-22   3.834594e-22   5.251755e-22   6.884582e-22   9.210857e-22   1.149562e-21   1.406818e-21   1.698391e-21   2.016633e-21   2.365570e-21   2.756992e-21   3.165426e-21   3.929114e-21   4.384481e-21
         7.7000   0.000000e+00   1.124150e-23   4.496600e-23   1.011735e-22   1.798640e-22   2.810375e-22   4.054560e-22   5.548802e-22   7.270759e-22   9.668727e-22   1.205507e-21   1.473856e-21   1.777385e-21   2.108838e-21   2.472170e-21   2.879256e-21   3.304820e-21   4.185762e-21   4.677355e-21
         7.7500   0.000000e+00   1.190760e-23   4.763041e-23   1.071684e-22   1.905216e-22   2.976900e-22   4.288087e-22   5.864467e-22   7.681377e-22   1.015832e-21   1.265335e-21   1.545540e-21   1.861745e-21   2.207107e-21   2.585536e-21   3.008858e-21   3.452144e-21   4.448357e-21   4.978406e-21
         7.8000   0.000000e+00   1.261317e-23   5.045268e-23   1.135185e-22   2.018107e-22   3.153293e-22   4.540742e-22   6.199788e-22   8.117780e-22   1.068165e-21   1.329309e-21   1.622199e-21   1.951943e-21   2.312070e-21   2.706402e-21   3.146658e-21   3.608511e-21   4.715155e-21   5.285609e-21
         7.8500   0.000000e+00   1.336055e-23   5.344219e-23   1.202449e-22   2.137688e-22   3.340137e-22   4.809797e-22   6.555870e-22   8.581393e-22   1.124072e-21   1.397694e-21   1.704171e-21   2.048403e-21   2.424303e-21   2.835538e-21   3.293552e-21   3.774938e-21   4.984728e-21   5.596986e-21
         7.9000   0.000000e+00   1.415221e-23   5.660884e-23   1.273699e-22   2.264354e-22   3.538053e-22   5.094796e-22   6.934583e-22   9.073753e-22   1.183756e-21   1.470753e-21   1.791798e-21   2.151551e-21   2.544326e-21   2.973625e-21   3.450478e-21   3.952501e-21   5.255991e-21   5.911066e-21
         7.9500   0.000000e+00   1.499078e-23   5.996313e-23   1.349170e-22   2.398525e-22   3.747695e-22   5.396681e-22   7.345483e-22   9.596459e-22   1.247428e-21   1.548753e-21   1.885414e-21   2.261824e-21   2.672670e-21   3.121297e-21   3.618277e-21   4.142295e-21   5.528521e-21   6.226829e-21
         8.0000   0.000000e+00   1.587904e-23   6.351617e-23   1.429114e-22   2.540647e-22   3.969760e-22   5.716455e-22   7.780730e-22   1.016259e-21   1.315307e-21   1.631970e-21   1.985364e-21   2.379648e-21   2.809873e-21   3.279202e-21   3.797725e-21   4.345254e-21   5.802428e-21   6.544025e-21
         8.0500   0.000000e+00   1.681993e-23   6.727974e-23   1.513794e-22   2.691189e-22   4.204983e-22   6.055176e-22   8.241768e-22   1.076476e-21   1.387622e-21   1.720691e-21   2.092001e-21   2.505460e-21   2.956463e-21   3.447994e-21   3.989610e-21   4.562299e-21   6.078555e-21   6.863110e-21
         8.1000   0.000000e+00   1.781658e-23   7.126631e-23   1.603492e-22   2.850652e-22   4.454144e-22   6.413968e-22   8.730123e-22   1.140261e-21   1.464613e-21   1.815214e-21   2.205693e-21   2.639708e-21   3.112981e-21   3.628315e-21   4.194731e-21   4.794368e-21   6.358281e-21   7.185301e-21
         8.1500   0.000000e+00   1.887228e-23   7.548910e-23   1.698505e-22   3.019564e-22   4.718069e-22   6.794019e-22   9.247415e-22   1.207826e-21   1.546535e-21   1.915855e-21   2.326823e-21   2.782857e-21   3.279983e-21   3.820829e-21   4.413873e-21   5.042395e-21   6.643542e-21   7.512462e-21
         8.2000   0.000000e+00   1.999053e-23   7.996212e-23   1.799148e-22   3.198485e-22   4.997632e-22   7.196590e-22   9.795359e-22   1.279394e-21   1.633659e-21   2.022948e-21   2.455796e-21   2.935391e-21   3.458045e-21   4.026213e-21   4.647843e-21   5.307313e-21   6.936626e-21   7.847019e-21
         8.2500   0.000000e+00   2.117504e-23   8.470017e-23   1.905754e-22   3.388007e-22   5.293761e-22   7.623015e-22   1.037577e-21   1.355203e-21   1.726271e-21   2.136845e-21   2.593038e-21   3.097820e-21   3.647769e-21   4.245175e-21   4.897467e-21   5.590081e-21   7.240162e-21   8.191792e-21
         8.3000   0.000000e+00   2.242974e-23   8.971897e-23   2.018677e-22   3.588759e-22   5.607436e-22   8.074707e-22   1.099057e-21   1.435504e-21   1.824671e-21   2.257921e-21   2.739004e-21   3.270683e-21   3.849789e-21   4.478453e-21   5.163608e-21   5.891689e-21   7.556832e-21   8.549875e-21
         8.3500   0.000000e+00   2.375879e-23   9.503515e-23   2.138291e-22   3.801406e-22   5.939697e-22   8.553164e-22   1.164181e-21   1.520562e-21   1.929185e-21   2.386569e-21   2.894170e-21   3.454551e-21   4.064774e-21   4.726826e-21   5.447162e-21   6.213169e-21   7.889484e-21   8.924470e-21
         8.4000   0.000000e+00   2.516658e-23   1.006663e-22   2.264993e-22   4.026654e-22   6.291646e-22   9.059971e-22   1.233163e-21   1.610661e-21   2.040156e-21   2.523214e-21   3.059043e-21   3.650027e-21   4.293434e-21   4.991114e-21   5.749076e-21   6.555598e-21   8.240985e-21   9.318876e-21
         8.4500   0.000000e+00   2.665780e-23   1.066312e-22   2.399202e-22   4.265248e-22   6.664450e-22   9.596808e-22   1.306232e-21   1.706099e-21   2.159282e-21   2.668306e-21   3.234168e-21   3.857748e-21   4.536519e-21   5.272191e-21   6.070349e-21   6.920116e-21   8.614016e-21   9.736443e-21
         8.5000   0.000000e+00   2.823737e-23   1.129495e-22   2.541364e-22   4.517980e-22   7.059343e-22   1.016545e-21   1.383631e-21   1.807192e-21   2.287227e-21   2.823737e-21   3.420119e-21   4.078398e-21   4.794821e-21   5.570977e-21   6.412043e-21   7.307929e-21   9.011006e-21   1.018008e-20
         8.5500   0.000000e+00   2.991054e-23   1.196422e-22   2.691949e-22   4.785687e-22   7.477636e-22   1.076780e-21   1.465617e-21   1.914275e-21   2.422754e-21   2.991054e-21   3.619176e-21   4.312705e-21   5.069192e-21   5.888446e-21   6.775278e-21   7.720313e-21   9.434522e-21   1.065267e-20
         8.6000   0.000000e+00   3.168285e-23   1.267314e-22   2.851457e-22   5.069256e-22   7.920713e-22   1.140583e-21   1.552460e-21   2.027703e-21   2.566311e-21   3.168285e-21   3.833625e-21   4.562331e-21   5.360535e-21   6.225646e-21   7.161235e-21   8.158617e-21   9.887191e-21   1.115725e-20
         8.6500   0.000000e+00   3.356018e-23   1.342407e-22   3.020416e-22   5.369629e-22   8.390045e-22   1.208166e-21   1.644449e-21   2.147852e-21   2.718375e-21   3.356018e-21   4.060782e-21   4.832666e-21   5.671670e-21   6.583686e-21   7.571191e-21   8.624272e-21   1.037126e-20   1.169674e-20
         8.7000   0.000000e+00   3.554875e-23   1.421950e-22   3.199387e-22   5.687799e-22   8.887186e-22   1.279755e-21   1.741889e-21   2.275120e-21   2.879448e-21   3.554875e-21   4.301398e-21   5.119019e-21   6.007738e-21   6.967554e-21   8.006492e-21   9.118820e-21   1.088892e-20   1.227367e-20
         8.7500   0.000000e+00   3.765514e-23   1.506206e-22   3.388963e-22   6.024823e-22   9.413785e-22   1.355585e-21   1.845102e-21   2.409929e-21   3.050066e-21   3.765514e-21   4.556272e-21   5.422340e-21   6.363719e-21   7.380408e-21   8.472407e-21   9.643873e-21   1.144242e-20   1.289062e-20
         8.8000   0.000000e+00   3.988635e-23   1.595454e-22   3.589771e-22   6.381816e-22   9.971587e-22   1.435909e-21   1.954431e-21   2.552726e-21   3.230794e-21   3.988635e-21   4.826248e-21   5.743634e-21   6.740793e-21   7.817724e-21   8.974428e-21   1.021091e-20   1.203399e-20   1.355020e-20
         8.8500   0.000000e+00   4.224976e-23   1.689991e-22   3.802479e-22   6.759962e-22   1.056244e-21   1.520991e-21   2.070238e-21   2.703985e-21   3.422231e-21   4.224976e-21   5.112221e-21   6.083966e-21   7.140210e-21   8.280954e-21   9.506197e-21   1.081594e-20   1.266587e-20   1.425500e-20
         8.9000   0.000000e+00   4.475322e-23   1.790129e-22   4.027790e-22   7.160515e-22   1.118830e-21   1.611116e-21   2.192908e-21   2.864206e-21   3.625011e-21   4.475322e-21   5.415140e-21   6.444464e-21   7.563294e-21   8.771631e-21   1.006947e-20   1.145682e-20   1.334034e-20   1.500762e-20
         8.9500   0.000000e+00   4.740501e-23   1.896201e-22   4.266451e-22   7.584802e-22   1.185125e-21   1.706581e-21   2.322846e-21   3.033921e-21   3.839806e-21   4.740501e-21   5.736007e-21   6.826322e-21   8.011447e-21   9.291383e-21   1.066613e-20   1.213568e-20   1.405977e-20   1.581077e-20
         9.0000   0.000000e+00   5.021394e-23   2.008558e-22   4.519254e-22   8.034230e-22   1.255348e-21   1.807702e-21   2.460483e-21   3.213692e-21   4.067329e-21   5.021394e-21   6.075887e-21   7.230807e-21   8.486156e-21   9.841932e-21   1.129814e-20   1.285477e-20   1.482662e-20   1.666722e-20
