# pyathena.photchem atomic data : FeIII
# CHIANTI source : ion fe_3
# Levels kept    : lowest 5 of CHIANTI (padded to 5 if smaller)
# T grid tier    : warm
# T grid         : 80 log-spaced points, 1e+03 K -> 5e+05 K
# Generated by   : pyathena/photchem/data/build_chianti_tables.py
#
# Indices below are 0-based pyathena indices (level 0 = ground).
# CHIANTI level numbers are 1-based and shown for cross-reference.
#
LEVELS N=5
# idx  chianti_lvl  conf            term       j     g    E_erg            E_K
0     1            3s2_3p6_3d6     5D4        4.0   9     0.000000e+00   0.000000e+00
1     2            3s2_3p6_3d6     5D3        3.0   7     8.662932e-14   6.274536e+02
2     3            3s2_3p6_3d6     5D2        2.0   5     1.467455e-13   1.062874e+03
3     4            3s2_3p6_3d6     5D1        1.0   3     1.851746e-13   1.341214e+03
4     5            3s2_3p6_3d6     5D0        0.0   1     2.040218e-13   1.477724e+03

A_COEFFS N=4
# upper_idx  lower_idx   A [s^-1]
1           0            2.880000e-03
2           1            1.790000e-03
3           2            6.830000e-04
4           3            1.380000e-04

T_GRID N=80
 1.000000e+03
 1.081843e+03
 1.170384e+03
 1.266171e+03
 1.369799e+03
 1.481907e+03
 1.603190e+03
 1.734400e+03
 1.876348e+03
 2.029914e+03
 2.196048e+03
 2.375779e+03
 2.570219e+03
 2.780573e+03
 3.008143e+03
 3.254338e+03
 3.520682e+03
 3.808825e+03
 4.120550e+03
 4.457788e+03
 4.822626e+03
 5.217323e+03
 5.644324e+03
 6.106271e+03
 6.606026e+03
 7.146682e+03
 7.731586e+03
 8.364361e+03
 9.048924e+03
 9.789514e+03
 1.059072e+04
 1.145749e+04
 1.239520e+04
 1.340966e+04
 1.450715e+04
 1.569445e+04
 1.697893e+04
 1.836854e+04
 1.987187e+04
 2.149824e+04
 2.325772e+04
 2.516120e+04
 2.722046e+04
 2.944826e+04
 3.185839e+04
 3.446577e+04
 3.728655e+04
 4.033818e+04
 4.363957e+04
 4.721116e+04
 5.107506e+04
 5.525519e+04
 5.977743e+04
 6.466978e+04
 6.996254e+04
 7.568847e+04
 8.188303e+04
 8.858457e+04
 9.583459e+04
 1.036780e+05
 1.121633e+05
 1.213430e+05
 1.312741e+05
 1.420179e+05
 1.536411e+05
 1.662155e+05
 1.798191e+05
 1.945360e+05
 2.104573e+05
 2.276818e+05
 2.463159e+05
 2.664751e+05
 2.882841e+05
 3.118781e+05
 3.374031e+05
 3.650172e+05
 3.948912e+05
 4.272102e+05
 4.621743e+05
 5.000000e+05

UPSILON_E N_trans=10
# upper_idx  lower_idx   upsilon(T_GRID[0]..T_GRID[N-1])
1           0            1.826951e+00  1.843747e+00  1.861902e+00  1.881517e+00  1.902697e+00  1.925551e+00  1.950192e+00  1.976734e+00  2.005290e+00  2.035972e+00  2.068886e+00  2.104131e+00  2.141787e+00  2.181919e+00  2.224563e+00  2.269715e+00  2.317330e+00  2.367296e+00  2.419431e+00  2.473456e+00  2.529003e+00  2.585735e+00  2.643282e+00  2.701190e+00  2.758915e+00  2.815810e+00  2.871118e+00  2.923964e+00  2.973344e+00  3.018252e+00  3.058016e+00  3.092087e+00  3.119987e+00  3.141328e+00  3.155839e+00  3.163382e+00  3.163973e+00  3.157795e+00  3.145046e+00  3.125766e+00  3.100075e+00  3.068210e+00  3.030518e+00  2.987459e+00  2.939587e+00  2.887546e+00  2.832044e+00  2.773845e+00  2.713740e+00  2.652510e+00  2.590645e+00  2.528418e+00  2.466097e+00  2.403946e+00  2.342219e+00  2.281156e+00  2.220985e+00  2.161913e+00  2.104136e+00  2.047885e+00  1.993379e+00  1.940797e+00  1.890278e+00  1.841924e+00  1.795804e+00  1.751954e+00  1.710385e+00  1.671001e+00  1.633390e+00  1.597167e+00  1.562059e+00  1.527879e+00  1.494513e+00  1.461899e+00  1.430014e+00  1.398865e+00  1.368478e+00  1.338890e+00  1.310141e+00  1.282238e+00
2           0            8.223131e-01  8.296627e-01  8.375837e-01  8.461175e-01  8.553074e-01  8.651993e-01  8.758413e-01  8.872837e-01  8.995787e-01  9.127805e-01  9.269448e-01  9.421281e-01  9.583878e-01  9.757811e-01  9.943643e-01  1.014192e+00  1.035315e+00  1.057780e+00  1.081627e+00  1.106889e+00  1.133576e+00  1.161607e+00  1.190830e+00  1.221018e+00  1.251864e+00  1.282963e+00  1.313795e+00  1.343708e+00  1.371906e+00  1.397579e+00  1.420310e+00  1.439797e+00  1.455784e+00  1.468072e+00  1.476531e+00  1.481111e+00  1.481856e+00  1.478909e+00  1.472420e+00  1.462442e+00  1.449074e+00  1.432479e+00  1.412887e+00  1.390584e+00  1.365914e+00  1.339262e+00  1.311051e+00  1.281729e+00  1.251753e+00  1.221567e+00  1.191373e+00  1.161205e+00  1.131095e+00  1.101082e+00  1.071208e+00  1.041521e+00  1.012073e+00  9.829200e-01  9.541260e-01  9.258065e-01  8.980861e-01  8.710725e-01  8.448562e-01  8.195113e-01  7.950958e-01  7.716535e-01  7.492141e-01  7.277557e-01  7.071055e-01  6.871024e-01  6.676354e-01  6.486334e-01  6.300569e-01  6.118895e-01  5.941322e-01  5.767974e-01  5.599049e-01  5.434780e-01  5.275409e-01  5.121057e-01
2           1            1.461348e+00  1.470531e+00  1.480439e+00  1.491128e+00  1.502651e+00  1.515069e+00  1.528440e+00  1.542829e+00  1.558300e+00  1.574917e+00  1.592746e+00  1.611850e+00  1.632290e+00  1.654124e+00  1.677400e+00  1.702159e+00  1.728427e+00  1.756215e+00  1.785511e+00  1.816276e+00  1.848434e+00  1.881844e+00  1.916296e+00  1.951507e+00  1.987107e+00  2.022624e+00  2.057472e+00  2.090931e+00  2.122140e+00  2.150229e+00  2.174740e+00  2.195348e+00  2.211786e+00  2.223866e+00  2.231489e+00  2.234663e+00  2.233513e+00  2.228290e+00  2.219218e+00  2.206310e+00  2.189613e+00  2.169236e+00  2.145352e+00  2.118198e+00  2.088064e+00  2.055292e+00  2.020266e+00  1.983401e+00  1.945135e+00  1.905904e+00  1.866032e+00  1.825751e+00  1.785291e+00  1.744874e+00  1.704712e+00  1.665004e+00  1.625933e+00  1.587662e+00  1.550341e+00  1.514128e+00  1.479166e+00  1.445571e+00  1.413427e+00  1.382794e+00  1.353707e+00  1.326181e+00  1.300212e+00  1.275708e+00  1.252321e+00  1.229729e+00  1.207704e+00  1.186093e+00  1.164806e+00  1.143798e+00  1.123059e+00  1.102605e+00  1.082468e+00  1.062690e+00  1.043317e+00  1.024338e+00
3           0            3.593085e-01  3.629385e-01  3.668430e-01  3.710413e-01  3.755540e-01  3.804032e-01  3.856121e-01  3.912057e-01  3.972106e-01  4.036553e-01  4.105702e-01  4.179880e-01  4.259439e-01  4.344761e-01  4.436258e-01  4.534381e-01  4.639623e-01  4.752528e-01  4.873697e-01  5.003798e-01  5.143450e-01  5.292514e-01  5.450280e-01  5.615594e-01  5.786762e-01  5.961444e-01  6.136536e-01  6.308052e-01  6.470997e-01  6.620315e-01  6.753739e-01  6.869836e-01  6.967476e-01  7.045905e-01  7.104818e-01  7.144427e-01  7.165517e-01  7.169482e-01  7.157535e-01  7.129788e-01  7.086457e-01  7.028040e-01  6.955312e-01  6.869310e-01  6.771313e-01  6.662811e-01  6.545469e-01  6.421075e-01  6.291503e-01  6.158595e-01  6.023365e-01  5.886225e-01  5.747603e-01  5.607945e-01  5.467717e-01  5.327391e-01  5.187443e-01  5.048342e-01  4.910546e-01  4.774487e-01  4.640574e-01  4.509188e-01  4.380678e-01  4.255359e-01  4.133509e-01  4.015366e-01  3.901131e-01  3.790743e-01  3.683319e-01  3.578062e-01  3.474463e-01  3.372242e-01  3.271301e-01  3.171669e-01  3.073468e-01  2.976880e-01  2.882122e-01  2.789422e-01  2.699006e-01  2.610961e-01
3           1            6.074096e-01  6.117955e-01  6.165369e-01  6.216601e-01  6.271926e-01  6.331631e-01  6.396009e-01  6.465358e-01  6.539976e-01  6.620155e-01  6.706172e-01  6.798279e-01  6.896692e-01  7.001571e-01  7.113004e-01  7.230982e-01  7.355369e-01  7.485870e-01  7.621986e-01  7.762971e-01  7.907831e-01  8.055579e-01  8.205087e-01  8.354960e-01  8.503503e-01  8.648684e-01  8.788100e-01  8.918941e-01  9.037962e-01  9.141922e-01  9.228847e-01  9.297216e-01  9.345771e-01  9.373580e-01  9.380112e-01  9.365296e-01  9.329579e-01  9.273962e-01  9.199436e-01  9.106313e-01  8.995118e-01  8.866706e-01  8.722258e-01  8.563263e-01  8.391481e-01  8.208911e-01  8.017734e-01  7.820262e-01  7.618876e-01  7.415900e-01  7.212704e-01  7.009959e-01  6.808310e-01  6.608389e-01  6.410804e-01  6.216134e-01  6.024920e-01  5.837664e-01  5.654833e-01  5.476953e-01  5.304515e-01  5.137926e-01  4.977506e-01  4.823493e-01  4.676053e-01  4.535280e-01  4.401207e-01  4.273731e-01  4.152434e-01  4.036895e-01  3.926773e-01  3.821786e-01  3.721704e-01  3.626331e-01  3.535499e-01  3.449061e-01  3.366880e-01  3.288827e-01  3.214776e-01  3.144531e-01
3           2            9.365371e-01  9.430610e-01  9.501162e-01  9.577423e-01  9.659806e-01  9.748739e-01  9.844658e-01  9.948007e-01  1.005922e+00  1.017874e+00  1.030694e+00  1.044420e+00  1.059080e+00  1.074694e+00  1.091271e+00  1.108801e+00  1.127256e+00  1.146579e+00  1.166681e+00  1.187431e+00  1.208660e+00  1.230212e+00  1.251918e+00  1.273577e+00  1.294944e+00  1.315735e+00  1.335617e+00  1.354209e+00  1.371075e+00  1.385788e+00  1.398092e+00  1.407802e+00  1.414779e+00  1.418936e+00  1.420255e+00  1.418789e+00  1.414675e+00  1.408136e+00  1.399368e+00  1.388404e+00  1.375287e+00  1.360101e+00  1.342964e+00  1.324029e+00  1.303485e+00  1.281543e+00  1.258442e+00  1.234435e+00  1.209785e+00  1.184755e+00  1.159525e+00  1.134215e+00  1.108939e+00  1.083812e+00  1.058939e+00  1.034420e+00  1.010348e+00  9.868050e-01  9.638735e-01  9.416880e-01  9.203853e-01  9.000715e-01  8.808238e-01  8.626931e-01  8.457067e-01  8.298713e-01  8.151763e-01  8.015262e-01  7.885665e-01  7.759703e-01  7.635073e-01  7.510261e-01  7.384383e-01  7.257044e-01  7.128215e-01  6.998136e-01  6.867227e-01  6.736024e-01  6.605114e-01  6.474729e-01
4           0            1.045692e-01  1.055656e-01  1.066341e-01  1.077797e-01  1.090077e-01  1.103240e-01  1.117348e-01  1.132469e-01  1.148681e-01  1.166069e-01  1.184728e-01  1.204768e-01  1.226314e-01  1.249511e-01  1.274527e-01  1.301562e-01  1.330848e-01  1.362664e-01  1.397338e-01  1.435261e-01  1.476837e-01  1.522132e-01  1.570978e-01  1.623045e-01  1.677805e-01  1.734489e-01  1.792038e-01  1.849056e-01  1.903758e-01  1.954333e-01  2.000030e-01  2.040404e-01  2.075109e-01  2.103918e-01  2.126746e-01  2.143678e-01  2.154979e-01  2.161107e-01  2.162451e-01  2.159017e-01  2.150837e-01  2.138027e-01  2.120783e-01  2.099382e-01  2.074174e-01  2.045574e-01  2.014052e-01  1.980118e-01  1.944311e-01  1.907168e-01  1.869012e-01  1.830013e-01  1.790343e-01  1.750180e-01  1.709706e-01  1.669099e-01  1.628535e-01  1.588184e-01  1.548200e-01  1.508668e-01  1.469650e-01  1.431215e-01  1.393435e-01  1.356383e-01  1.320133e-01  1.284753e-01  1.250310e-01  1.216796e-01  1.183966e-01  1.151603e-01  1.119576e-01  1.087825e-01  1.056342e-01  1.025160e-01  9.943336e-02  9.639380e-02  9.340551e-02  9.047693e-02  8.761619e-02  8.482720e-02
4           1            1.561573e-01  1.581760e-01  1.603667e-01  1.627427e-01  1.653175e-01  1.681050e-01  1.711191e-01  1.743735e-01  1.778809e-01  1.816530e-01  1.856992e-01  1.900260e-01  1.946357e-01  1.995250e-01  2.046833e-01  2.100903e-01  2.157135e-01  2.215053e-01  2.273991e-01  2.333049e-01  2.391152e-01  2.447593e-01  2.501820e-01  2.553281e-01  2.601434e-01  2.645777e-01  2.685866e-01  2.721355e-01  2.752021e-01  2.777684e-01  2.797908e-01  2.812249e-01  2.820349e-01  2.821956e-01  2.816948e-01  2.805347e-01  2.787341e-01  2.763294e-01  2.733564e-01  2.698290e-01  2.657676e-01  2.612029e-01  2.561751e-01  2.507336e-01  2.449362e-01  2.388472e-01  2.325364e-01  2.260767e-01  2.195430e-01  2.130073e-01  2.065083e-01  2.000604e-01  1.936769e-01  1.873713e-01  1.811565e-01  1.750449e-01  1.690485e-01  1.631786e-01  1.574463e-01  1.518668e-01  1.464551e-01  1.412236e-01  1.361823e-01  1.313388e-01  1.266982e-01  1.222637e-01  1.180365e-01  1.140086e-01  1.101435e-01  1.064075e-01  1.027772e-01  9.923701e-02  9.577791e-02  9.239562e-02  8.908939e-02  8.586095e-02  8.271358e-02  7.965143e-02  7.667891e-02  7.379642e-02
4           2            2.890586e-01  2.897914e-01  2.905775e-01  2.914205e-01  2.923245e-01  2.932935e-01  2.943323e-01  2.954458e-01  2.966397e-01  2.979202e-01  2.992940e-01  3.007691e-01  3.023545e-01  3.040602e-01  3.058984e-01  3.078827e-01  3.100296e-01  3.123583e-01  3.148914e-01  3.176560e-01  3.206790e-01  3.239599e-01  3.274784e-01  3.312001e-01  3.350734e-01  3.390257e-01  3.429597e-01  3.467491e-01  3.502343e-01  3.532523e-01  3.557255e-01  3.576000e-01  3.588284e-01  3.593718e-01  3.592023e-01  3.583041e-01  3.566762e-01  3.543332e-01  3.512938e-01  3.475679e-01  3.431747e-01  3.381459e-01  3.325246e-01  3.263654e-01  3.197331e-01  3.127008e-01  3.053485e-01  2.977611e-01  2.900261e-01  2.822293e-01  2.744275e-01  2.666557e-01  2.589476e-01  2.513348e-01  2.438469e-01  2.365113e-01  2.293521e-01  2.223907e-01  2.156458e-01  2.091362e-01  2.028778e-01  1.968829e-01  1.911599e-01  1.857136e-01  1.805458e-01  1.756555e-01  1.710393e-01  1.666968e-01  1.626430e-01  1.588892e-01  1.554383e-01  1.522867e-01  1.494257e-01  1.468427e-01  1.445224e-01  1.424480e-01  1.406015e-01  1.389645e-01  1.375188e-01  1.362488e-01
4           3            3.566818e-01  3.588762e-01  3.612487e-01  3.638127e-01  3.665819e-01  3.695707e-01  3.727938e-01  3.762661e-01  3.800025e-01  3.840174e-01  3.883247e-01  3.929367e-01  3.978638e-01  4.031137e-01  4.086900e-01  4.145916e-01  4.208105e-01  4.273303e-01  4.341244e-01  4.411531e-01  4.483640e-01  4.557073e-01  4.631275e-01  4.705566e-01  4.779129e-01  4.850988e-01  4.920000e-01  4.984837e-01  5.043975e-01  5.095914e-01  5.139798e-01  5.175022e-01  5.201137e-01  5.217887e-01  5.225239e-01  5.223421e-01  5.212945e-01  5.194619e-01  5.169143e-01  5.136634e-01  5.097241e-01  5.051238e-01  4.999016e-01  4.941081e-01  4.878044e-01  4.810603e-01  4.739531e-01  4.665651e-01  4.589821e-01  4.512883e-01  4.435327e-01  4.357393e-01  4.279318e-01  4.201341e-01  4.123705e-01  4.046647e-01  3.970398e-01  3.895180e-01  3.821272e-01  3.749398e-01  3.680357e-01  3.614776e-01  3.553124e-01  3.495723e-01  3.442762e-01  3.394320e-01  3.350377e-01  3.310434e-01  3.272524e-01  3.234847e-01  3.196150e-01  3.155631e-01  3.112848e-01  3.067635e-01  3.020037e-01  2.970250e-01  2.918576e-01  2.865379e-01  2.811054e-01  2.755817e-01

UPSILON_P N_trans=0
# upper_idx  lower_idx   upsilon(T_GRID[0]..T_GRID[N-1])

