# pyathena.photchem atomic data : HeII
# CHIANTI source : ion he_2
# Levels kept    : lowest 5 of CHIANTI (padded to 5 if smaller)
# T grid tier    : warm
# T grid         : 80 log-spaced points, 1e+03 K -> 5e+05 K
# Generated by   : pyathena/photchem/data/build_chianti_tables.py
#
# Indices below are 0-based pyathena indices (level 0 = ground).
# CHIANTI level numbers are 1-based and shown for cross-reference.
#
LEVELS N=5
# idx  chianti_lvl  conf            term       j     g    E_erg            E_K
0     1            1s              2S0.5      0.5   2     0.000000e+00   0.000000e+00
1     3            2p              2P0.5      0.5   2     6.537501e-11   4.735093e+05
2     2            2s              2S0.5      0.5   2     6.537510e-11   4.735099e+05
3     4            2p              2P1.5      1.5   4     6.537617e-11   4.735177e+05
4     6            3p              2P0.5      0.5   2     7.748197e-11   5.611996e+05

A_COEFFS N=5
# upper_idx  lower_idx   A [s^-1]
1           0            1.002000e+10
2           0            5.266000e+02
3           0            1.003000e+10
4           0            2.675000e+09
4           2            3.590000e+08

T_GRID N=80
 1.000000e+03
 1.081843e+03
 1.170384e+03
 1.266171e+03
 1.369799e+03
 1.481907e+03
 1.603190e+03
 1.734400e+03
 1.876348e+03
 2.029914e+03
 2.196048e+03
 2.375779e+03
 2.570219e+03
 2.780573e+03
 3.008143e+03
 3.254338e+03
 3.520682e+03
 3.808825e+03
 4.120550e+03
 4.457788e+03
 4.822626e+03
 5.217323e+03
 5.644324e+03
 6.106271e+03
 6.606026e+03
 7.146682e+03
 7.731586e+03
 8.364361e+03
 9.048924e+03
 9.789514e+03
 1.059072e+04
 1.145749e+04
 1.239520e+04
 1.340966e+04
 1.450715e+04
 1.569445e+04
 1.697893e+04
 1.836854e+04
 1.987187e+04
 2.149824e+04
 2.325772e+04
 2.516120e+04
 2.722046e+04
 2.944826e+04
 3.185839e+04
 3.446577e+04
 3.728655e+04
 4.033818e+04
 4.363957e+04
 4.721116e+04
 5.107506e+04
 5.525519e+04
 5.977743e+04
 6.466978e+04
 6.996254e+04
 7.568847e+04
 8.188303e+04
 8.858457e+04
 9.583459e+04
 1.036780e+05
 1.121633e+05
 1.213430e+05
 1.312741e+05
 1.420179e+05
 1.536411e+05
 1.662155e+05
 1.798191e+05
 1.945360e+05
 2.104573e+05
 2.276818e+05
 2.463159e+05
 2.664751e+05
 2.882841e+05
 3.118781e+05
 3.374031e+05
 3.650172e+05
 3.948912e+05
 4.272102e+05
 4.621743e+05
 5.000000e+05

UPSILON_E N_trans=5
# upper_idx  lower_idx   upsilon(T_GRID[0]..T_GRID[N-1])
1           0            1.089181e-01  1.089841e-01  1.090553e-01  1.091321e-01  1.092150e-01  1.093044e-01  1.094009e-01  1.095049e-01  1.096170e-01  1.097377e-01  1.098678e-01  1.100079e-01  1.101588e-01  1.103211e-01  1.104956e-01  1.106833e-01  1.108850e-01  1.111017e-01  1.113343e-01  1.115839e-01  1.118515e-01  1.121382e-01  1.124453e-01  1.127738e-01  1.131251e-01  1.135004e-01  1.139010e-01  1.143283e-01  1.147834e-01  1.152679e-01  1.157830e-01  1.163301e-01  1.169106e-01  1.175258e-01  1.181769e-01  1.188654e-01  1.195925e-01  1.203595e-01  1.211677e-01  1.220184e-01  1.229129e-01  1.238526e-01  1.248390e-01  1.258737e-01  1.269586e-01  1.280955e-01  1.292870e-01  1.305356e-01  1.318447e-01  1.332177e-01  1.346592e-01  1.361739e-01  1.377687e-01  1.394537e-01  1.412405e-01  1.431423e-01  1.451740e-01  1.473518e-01  1.496929e-01  1.522160e-01  1.549389e-01  1.578780e-01  1.610493e-01  1.644688e-01  1.681519e-01  1.721136e-01  1.763676e-01  1.809244e-01  1.857877e-01  1.909595e-01  1.964411e-01  2.022337e-01  2.083382e-01  2.147555e-01  2.214868e-01  2.285377e-01  2.359174e-01  2.436344e-01  2.516968e-01  2.601124e-01
2           0            1.559065e-01  1.558745e-01  1.558399e-01  1.558026e-01  1.557622e-01  1.557186e-01  1.556715e-01  1.556206e-01  1.555657e-01  1.555064e-01  1.554423e-01  1.553732e-01  1.552986e-01  1.552181e-01  1.551312e-01  1.550375e-01  1.549365e-01  1.548276e-01  1.547102e-01  1.545838e-01  1.544476e-01  1.543010e-01  1.541432e-01  1.539734e-01  1.537909e-01  1.535947e-01  1.533840e-01  1.531578e-01  1.529152e-01  1.526550e-01  1.523763e-01  1.520779e-01  1.517588e-01  1.514178e-01  1.510538e-01  1.506656e-01  1.502522e-01  1.498124e-01  1.493453e-01  1.488497e-01  1.483249e-01  1.477701e-01  1.471846e-01  1.465681e-01  1.459201e-01  1.452408e-01  1.445305e-01  1.437897e-01  1.430194e-01  1.422211e-01  1.413965e-01  1.405480e-01  1.396786e-01  1.387915e-01  1.378908e-01  1.369811e-01  1.360676e-01  1.351560e-01  1.342525e-01  1.333639e-01  1.324974e-01  1.316604e-01  1.308604e-01  1.301053e-01  1.294024e-01  1.287592e-01  1.281823e-01  1.276779e-01  1.272514e-01  1.269070e-01  1.266480e-01  1.264761e-01  1.263920e-01  1.263948e-01  1.264822e-01  1.266506e-01  1.268950e-01  1.272094e-01  1.275924e-01  1.280614e-01
3           0            2.183285e-01  2.184523e-01  2.185860e-01  2.187303e-01  2.188862e-01  2.190545e-01  2.192361e-01  2.194322e-01  2.196437e-01  2.198719e-01  2.201180e-01  2.203834e-01  2.206694e-01  2.209777e-01  2.213098e-01  2.216675e-01  2.220525e-01  2.224669e-01  2.229127e-01  2.233921e-01  2.239073e-01  2.244607e-01  2.250549e-01  2.256925e-01  2.263762e-01  2.271089e-01  2.278935e-01  2.287330e-01  2.296307e-01  2.305897e-01  2.316132e-01  2.327045e-01  2.338669e-01  2.351037e-01  2.364182e-01  2.378135e-01  2.392928e-01  2.408588e-01  2.425146e-01  2.442625e-01  2.461050e-01  2.480442e-01  2.500817e-01  2.522190e-01  2.544573e-01  2.567971e-01  2.592388e-01  2.617824e-01  2.644275e-01  2.671734e-01  2.700212e-01  2.729862e-01  2.760931e-01  2.793706e-01  2.828524e-01  2.865762e-01  2.905839e-01  2.949209e-01  2.996314e-01  3.047432e-01  3.102786e-01  3.162588e-01  3.227041e-01  3.296330e-01  3.370628e-01  3.450105e-01  3.535004e-01  3.625582e-01  3.722073e-01  3.824686e-01  3.933606e-01  4.048997e-01  4.171001e-01  4.299707e-01  4.435137e-01  4.577313e-01  4.726260e-01  4.882012e-01  5.044611e-01  5.214106e-01
4           0            1.859266e-02  1.861207e-02  1.863300e-02  1.865554e-02  1.867984e-02  1.870600e-02  1.873417e-02  1.876448e-02  1.879708e-02  1.883213e-02  1.886981e-02  1.891027e-02  1.895371e-02  1.900031e-02  1.905026e-02  1.910378e-02  1.916108e-02  1.922236e-02  1.928784e-02  1.935776e-02  1.943232e-02  1.951176e-02  1.959629e-02  1.968612e-02  1.978145e-02  1.988248e-02  1.998939e-02  2.010233e-02  2.022144e-02  2.034682e-02  2.047855e-02  2.061668e-02  2.076123e-02  2.091215e-02  2.106940e-02  2.123286e-02  2.140241e-02  2.157790e-02  2.175916e-02  2.194604e-02  2.213840e-02  2.233615e-02  2.253932e-02  2.274805e-02  2.296265e-02  2.318370e-02  2.341207e-02  2.364903e-02  2.389630e-02  2.415617e-02  2.443156e-02  2.472613e-02  2.504434e-02  2.539154e-02  2.577378e-02  2.619422e-02  2.665317e-02  2.715038e-02  2.768509e-02  2.825605e-02  2.886147e-02  2.949910e-02  3.016647e-02  3.086326e-02  3.159068e-02  3.234998e-02  3.314246e-02  3.396944e-02  3.483228e-02  3.573233e-02  3.667131e-02  3.765119e-02  3.867397e-02  3.974162e-02  4.085604e-02  4.201913e-02  4.323271e-02  4.449807e-02  4.581320e-02  4.717519e-02
4           2            5.805167e-01  5.805469e-01  5.805803e-01  5.806173e-01  5.806582e-01  5.807037e-01  5.807542e-01  5.808105e-01  5.808731e-01  5.809430e-01  5.810211e-01  5.811084e-01  5.812062e-01  5.813159e-01  5.814391e-01  5.815777e-01  5.817336e-01  5.819094e-01  5.821079e-01  5.823320e-01  5.825855e-01  5.828726e-01  5.831978e-01  5.835667e-01  5.839854e-01  5.844611e-01  5.850017e-01  5.856165e-01  5.863160e-01  5.871121e-01  5.880183e-01  5.890502e-01  5.902252e-01  5.915629e-01  5.930856e-01  5.948185e-01  5.967897e-01  5.990309e-01  6.015772e-01  6.044680e-01  6.077469e-01  6.114623e-01  6.156674e-01  6.204206e-01  6.257859e-01  6.318329e-01  6.386369e-01  6.462793e-01  6.548469e-01  6.644328e-01  6.751353e-01  6.870580e-01  7.003091e-01  7.150014e-01  7.312509e-01  7.491765e-01  7.688987e-01  7.905392e-01  8.142190e-01  8.400581e-01  8.681737e-01  8.986792e-01  9.316831e-01  9.672879e-01  1.005589e+00  1.046673e+00  1.090620e+00  1.137496e+00  1.187361e+00  1.240261e+00  1.296237e+00  1.355342e+00  1.417628e+00  1.483137e+00  1.551895e+00  1.623918e+00  1.699206e+00  1.777750e+00  1.859528e+00  1.944505e+00

UPSILON_P N_trans=0
# upper_idx  lower_idx   upsilon(T_GRID[0]..T_GRID[N-1])

