# CIE ionization fractions for Fe (Z=26)
# Source: CHIANTI v11.0.2 chianti.ioneq (Dere et al. 2009)
# T grid: 101 log-spaced points, 10^4.00 K -> 10^9.00 K
# Generated by pyathena/photchem/data/build_ioneq_tables.py
#
# log_T_K        x_Fe0          x_Fe1          x_Fe2          x_Fe3          x_Fe4          x_Fe5          x_Fe6          x_Fe7          x_Fe8          x_Fe9          x_Fe10         x_Fe11         x_Fe12         x_Fe13         x_Fe14         x_Fe15         x_Fe16         x_Fe17         x_Fe18         x_Fe19         x_Fe20         x_Fe21         x_Fe22         x_Fe23         x_Fe24         x_Fe25         x_Fe26       
         4.0000   1.302539e-01   8.696484e-01   9.770534e-05   1.141012e-16   1.408254e-41   3.482696e-76  1.550141e-124  1.968607e-186  8.610558e-263   0.000000e+00   0.000000e+00   0.000000e+00   0.000000e+00   0.000000e+00   0.000000e+00   0.000000e+00   0.000000e+00   0.000000e+00   0.000000e+00   0.000000e+00   0.000000e+00   0.000000e+00   0.000000e+00   0.000000e+00   0.000000e+00   0.000000e+00   0.000000e+00
         4.0500   7.053892e-02   9.285300e-01   9.311289e-04   5.975256e-14   8.959027e-36   2.661646e-66  3.768353e-109  3.506100e-164  3.323930e-232   0.000000e+00   0.000000e+00   0.000000e+00   0.000000e+00   0.000000e+00   0.000000e+00   0.000000e+00   0.000000e+00   0.000000e+00   0.000000e+00   0.000000e+00   0.000000e+00   0.000000e+00   0.000000e+00   0.000000e+00   0.000000e+00   0.000000e+00   0.000000e+00
         4.1000   3.976105e-02   9.534123e-01   6.826678e-03   1.579997e-11   1.380602e-30   1.789828e-57   2.093701e-95  2.587332e-144  6.700818e-205  1.381693e-298   0.000000e+00   0.000000e+00   0.000000e+00   0.000000e+00   0.000000e+00   0.000000e+00   0.000000e+00   0.000000e+00   0.000000e+00   0.000000e+00   0.000000e+00   0.000000e+00   0.000000e+00   0.000000e+00   0.000000e+00   0.000000e+00   0.000000e+00
         4.1500   2.270462e-02   9.380314e-01   3.926399e-02   2.251786e-09   5.959671e-26   1.368575e-49   3.988066e-83  1.432487e-126  1.599721e-180  5.459082e-264   0.000000e+00   0.000000e+00   0.000000e+00   0.000000e+00   0.000000e+00   0.000000e+00   0.000000e+00   0.000000e+00   0.000000e+00   0.000000e+00   0.000000e+00   0.000000e+00   0.000000e+00   0.000000e+00   0.000000e+00   0.000000e+00   0.000000e+00
         4.2000   1.202469e-02   8.205704e-01   1.674047e-01   1.702449e-07   7.598147e-22   1.385303e-42   3.458825e-72  9.339987e-111  8.677050e-159  3.838496e-233   0.000000e+00   0.000000e+00   0.000000e+00   0.000000e+00   0.000000e+00   0.000000e+00   0.000000e+00   0.000000e+00   0.000000e+00   0.000000e+00   0.000000e+00   0.000000e+00   0.000000e+00   0.000000e+00   0.000000e+00   0.000000e+00   0.000000e+00
         4.2500   4.971871e-03   5.416040e-01   4.534181e-01   6.067901e-06   2.698478e-18   1.912543e-36   1.580345e-62   9.621175e-97  1.715835e-139  1.016150e-205  1.430733e-280   0.000000e+00   0.000000e+00   0.000000e+00   0.000000e+00   0.000000e+00   0.000000e+00   0.000000e+00   0.000000e+00   0.000000e+00   0.000000e+00   0.000000e+00   0.000000e+00   0.000000e+00   0.000000e+00   0.000000e+00   0.000000e+00
         4.3000   1.522562e-03   2.572340e-01   7.411434e-01   1.000365e-04   2.760080e-15   4.028499e-31   4.711627e-54   2.210606e-84  2.048761e-122  2.145714e-181  4.139176e-248   0.000000e+00   0.000000e+00   0.000000e+00   0.000000e+00   0.000000e+00   0.000000e+00   0.000000e+00   0.000000e+00   0.000000e+00   0.000000e+00   0.000000e+00   0.000000e+00   0.000000e+00   0.000000e+00   0.000000e+00   0.000000e+00
         4.3500   4.269781e-04   1.090996e-01   8.895185e-01   9.548664e-04   1.066482e-12   1.821625e-26   1.410773e-46   1.957769e-73  2.943371e-107  8.967066e-160  3.147354e-219  2.737743e-285   0.000000e+00   0.000000e+00   0.000000e+00   0.000000e+00   0.000000e+00   0.000000e+00   0.000000e+00   0.000000e+00   0.000000e+00   0.000000e+00   0.000000e+00   0.000000e+00   0.000000e+00   0.000000e+00   0.000000e+00
         4.4000   1.343951e-04   5.078509e-02   9.425819e-01   6.498571e-03   2.000050e-10   2.418392e-22   6.280751e-40   1.096535e-63   9.478001e-94  1.679487e-140  1.774025e-193  2.246486e-252   0.000000e+00   0.000000e+00   0.000000e+00   0.000000e+00   0.000000e+00   0.000000e+00   0.000000e+00   0.000000e+00   0.000000e+00   0.000000e+00   0.000000e+00   0.000000e+00   0.000000e+00   0.000000e+00   0.000000e+00
         4.4500   5.011841e-05   2.744768e-02   9.383712e-01   3.413100e-02   2.047533e-08   1.120839e-18   5.304559e-34   5.431548e-55   1.071082e-81  2.626782e-123  1.678543e-170  5.208993e-223  5.310671e-283   0.000000e+00   0.000000e+00   0.000000e+00   0.000000e+00   0.000000e+00   0.000000e+00   0.000000e+00   0.000000e+00   0.000000e+00   0.000000e+00   0.000000e+00   0.000000e+00   0.000000e+00   0.000000e+00
         4.5000   2.046435e-05   1.594683e-02   8.494382e-01   1.345933e-01   1.152092e-06   1.918356e-15   9.575592e-29   2.910195e-47   5.744398e-71  5.418217e-108  5.006615e-150  7.787137e-197  2.532524e-250  9.113655e-309   0.000000e+00   0.000000e+00   0.000000e+00   0.000000e+00   0.000000e+00   0.000000e+00   0.000000e+00   0.000000e+00   0.000000e+00   0.000000e+00   0.000000e+00   0.000000e+00   0.000000e+00
         4.5500   7.821282e-06   8.527602e-03   6.341967e-01   3.572350e-01   3.286858e-05   1.168655e-12   3.767721e-24   1.851529e-40   1.754548e-61   2.031524e-94  7.567192e-132  1.435455e-173  2.968313e-221  2.195460e-273   0.000000e+00   0.000000e+00   0.000000e+00   0.000000e+00   0.000000e+00   0.000000e+00   0.000000e+00   0.000000e+00   0.000000e+00   0.000000e+00   0.000000e+00   0.000000e+00   0.000000e+00
         4.6000   2.622373e-06   3.939542e-03   3.835625e-01   6.120302e-01   4.650775e-04   2.576549e-10   3.454537e-20   1.597309e-34   3.770573e-53   1.936131e-82  9.291630e-116  6.107500e-153  1.907273e-195  6.032901e-242  1.878038e-292   0.000000e+00   0.000000e+00   0.000000e+00   0.000000e+00   0.000000e+00   0.000000e+00   0.000000e+00   0.000000e+00   0.000000e+00   0.000000e+00   0.000000e+00   0.000000e+00
         4.6500   8.677620e-07   1.771179e-03   2.176358e-01   7.768240e-01   3.768146e-03   2.455067e-08   9.201647e-17   2.470281e-29   8.079023e-46   7.425182e-72  1.657427e-101  1.231140e-134  1.612501e-172  5.383654e-214  4.536480e-259  3.054233e-311   0.000000e+00   0.000000e+00   0.000000e+00   0.000000e+00   0.000000e+00   0.000000e+00   0.000000e+00   0.000000e+00   0.000000e+00   0.000000e+00   0.000000e+00
         4.7000   3.136374e-07   8.587173e-04   1.303193e-01   8.486942e-01   2.012625e-02   1.197341e-06   8.720075e-14   8.833421e-25   2.366549e-39   1.734733e-62   7.250426e-89  2.243430e-118  3.934951e-152  3.986585e-189  2.344964e-229  6.835016e-276   0.000000e+00   0.000000e+00   0.000000e+00   0.000000e+00   0.000000e+00   0.000000e+00   0.000000e+00   0.000000e+00   0.000000e+00   0.000000e+00   0.000000e+00
         4.7500   1.220292e-07   4.430002e-04   8.190159e-02   8.435081e-01   7.411523e-02   3.191345e-05   3.203895e-11   8.329650e-21   1.140988e-33   3.246864e-54   1.127932e-77  5.972992e-104  5.072128e-134  5.136626e-167  6.313522e-203  1.946553e-244  8.590273e-289   0.000000e+00   0.000000e+00   0.000000e+00   0.000000e+00   0.000000e+00   0.000000e+00   0.000000e+00   0.000000e+00   0.000000e+00   0.000000e+00
         4.8000   4.778651e-08   2.276122e-04   5.078056e-02   7.585097e-01   1.900082e-01   4.737917e-04   4.681311e-09   2.211152e-17   1.014341e-28   5.899894e-47   8.256823e-68   3.383426e-91  5.615672e-118  2.113854e-147  1.856000e-179  1.714377e-216  5.085264e-256   0.000000e+00   0.000000e+00   0.000000e+00   0.000000e+00   0.000000e+00   0.000000e+00   0.000000e+00   0.000000e+00   0.000000e+00   0.000000e+00
         4.8500   1.794279e-08   1.110712e-04   2.969383e-02   6.125166e-01   3.536143e-01   4.063905e-03   2.827579e-07   1.779027e-14   1.869775e-24   1.254715e-40   3.710644e-59   5.787889e-80  8.359644e-104  4.842956e-130  1.168421e-158  1.045422e-191  6.317227e-227   0.000000e+00   0.000000e+00   0.000000e+00   0.000000e+00   0.000000e+00   0.000000e+00   0.000000e+00   0.000000e+00   0.000000e+00   0.000000e+00
         4.9000   6.377730e-09   5.087083e-05   1.620912e-02   4.491365e-01   5.132517e-01   2.134419e-02   7.628071e-06   4.836378e-12   8.288816e-21   3.851517e-35   1.355231e-51   4.263035e-70   2.601135e-91  1.056255e-114  2.990163e-140  9.449097e-170  4.014199e-201  1.960815e-281   0.000000e+00   0.000000e+00   0.000000e+00   0.000000e+00   0.000000e+00   0.000000e+00   0.000000e+00   0.000000e+00   0.000000e+00
         4.9500   2.139792e-09   2.182248e-05   8.254039e-03   3.022759e-01   6.165749e-01   7.277131e-02   1.020826e-04   5.072367e-10   1.045953e-17   2.132559e-30   5.354530e-45   1.921368e-61   2.595196e-80  3.659963e-101  5.694348e-124  2.587185e-150  2.993702e-178  8.480011e-250   0.000000e+00   0.000000e+00   0.000000e+00   0.000000e+00   0.000000e+00   0.000000e+00   0.000000e+00   0.000000e+00   0.000000e+00
         5.0000   6.751186e-10   8.742001e-06   3.913704e-03   1.874862e-01   6.355833e-01   1.722385e-01   7.695346e-04   2.389275e-08   4.518527e-15   2.687855e-26   3.054443e-39   7.497100e-54   1.256887e-70   3.286182e-89  1.428484e-109  4.202065e-133  5.688529e-158  1.056124e-221  7.592994e-291   0.000000e+00   0.000000e+00   0.000000e+00   0.000000e+00   0.000000e+00   0.000000e+00   0.000000e+00   0.000000e+00
         5.0500   2.013204e-10   3.289044e-06   1.739537e-03   1.082497e-01   5.789628e-01   3.073026e-01   3.741444e-03   5.916714e-07   8.054722e-13   9.701608e-23   3.324922e-34   3.528423e-47   4.372483e-62   1.208947e-78   8.027994e-97  7.545692e-118  5.627153e-140  9.814702e-197  2.328376e-258   0.000000e+00   0.000000e+00   0.000000e+00   0.000000e+00   0.000000e+00   0.000000e+00   0.000000e+00   0.000000e+00
         5.1000   5.754938e-11   1.179472e-06   7.361847e-04   5.918510e-02   4.796483e-01   4.472404e-01   1.318000e-02   8.817570e-06   6.962016e-11   1.224306e-19   8.807674e-30   2.680318e-41   1.543334e-54   2.731813e-69   1.616957e-85  2.601675e-104  5.462121e-124  1.585027e-174  1.915649e-229  2.306282e-289   0.000000e+00   0.000000e+00   0.000000e+00   0.000000e+00   0.000000e+00   0.000000e+00   0.000000e+00
         5.1500   1.594325e-11   4.078009e-07   3.003273e-04   3.104142e-02   3.691496e-01   5.628031e-01   3.661743e-02   8.772205e-05   3.312937e-09   6.349840e-17   6.936692e-26   4.197212e-36   7.414200e-48   5.366986e-61   1.751407e-75   2.779455e-92  9.031348e-110  9.320961e-155  1.085634e-203  3.750985e-257  8.624557e-315   0.000000e+00   0.000000e+00   0.000000e+00   0.000000e+00   0.000000e+00   0.000000e+00
         5.2000   4.295152e-12   1.364698e-07   1.186434e-04   1.570321e-02   2.667342e-01   6.325089e-01   8.431226e-02   6.225220e-04   9.469550e-08   1.524386e-14   1.893336e-22   1.645088e-31   6.156594e-42   1.222335e-53   1.433651e-66   1.378431e-81   4.067036e-97  3.772348e-137  9.593627e-181  1.915085e-228  7.716294e-280   0.000000e+00   0.000000e+00   0.000000e+00   0.000000e+00   0.000000e+00   0.000000e+00
         5.2500   1.121620e-12   4.407751e-08   4.528110e-05   7.641388e-03   1.811105e-01   6.431799e-01   1.647454e-01   3.275747e-03   1.722623e-06   1.847932e-12   2.015343e-19   1.884823e-27   1.075375e-36   4.105160e-47   1.182897e-58   4.476942e-72   7.457018e-86  1.822382e-121  2.691129e-160  7.436961e-203  9.901589e-249  5.740214e-298   0.000000e+00   0.000000e+00   0.000000e+00   0.000000e+00   0.000000e+00
         5.3000   2.805385e-13   1.358179e-08   1.650903e-05   3.536408e-03   1.146844e-01   5.924739e-01   2.761288e-01   1.313919e-02   2.086825e-05   1.215825e-10   9.249334e-17   7.216698e-24   4.688673e-32   2.511457e-41   1.268131e-51   1.289366e-63   7.937366e-76  1.709643e-107  4.494617e-142  4.812608e-180  5.409420e-221  5.806017e-265  7.541519e-312   0.000000e+00   0.000000e+00   0.000000e+00   0.000000e+00
         5.3500   6.593286e-14   3.918406e-09   5.643933e-06   1.528964e-03   6.678389e-02   4.913166e-01   3.989983e-01   4.119116e-02   1.754978e-04   4.636811e-09   2.005838e-14   1.042671e-20   5.958607e-28   3.388822e-36   2.222111e-45   4.324823e-56   6.745353e-67   4.816639e-95  7.844730e-126  1.046224e-159  2.939808e-196  1.583207e-235  2.017714e-277   0.000000e+00   0.000000e+00   0.000000e+00   0.000000e+00
         5.4000   1.449861e-14   1.054294e-09   1.802391e-06   6.153481e-04   3.565022e-02   3.654916e-01   4.955888e-01   1.016049e-01   1.047270e-03   1.070785e-07   2.198194e-12   6.242439e-18   2.497698e-24   1.178885e-31   7.697990e-40   2.122443e-49   5.990306e-59   5.921858e-84  2.328033e-111  1.406576e-141  3.337310e-174  2.814940e-209  1.022252e-246  1.699568e-287   0.000000e+00   0.000000e+00   0.000000e+00
         5.4500   2.973384e-15   2.637551e-10   5.361153e-07   2.296355e-04   1.741290e-02   2.441468e-01   5.324776e-01   2.011459e-01   4.585084e-03   1.578607e-06   1.310884e-10   1.707082e-15   3.909518e-21   1.231762e-27   6.332226e-35   1.892450e-43   7.160617e-52   4.493745e-74   1.838662e-98  2.043478e-125  1.555186e-154  7.275932e-186  2.500520e-219  8.807803e-256  1.218352e-293   0.000000e+00   0.000000e+00
         5.5000   5.709064e-16   6.160175e-11   1.491302e-07   7.979816e-05   7.831356e-03   1.477469e-01   5.014076e-01   3.276373e-01   1.528121e-02   1.568321e-05   4.576600e-09   2.341787e-13   2.569509e-18   4.457919e-24   1.465167e-30   3.740319e-38   1.452420e-45   2.885754e-65   5.804645e-87  5.314831e-111  5.474216e-137  5.632014e-165  6.860506e-195  1.761488e-227  2.655400e-261   0.000000e+00   0.000000e+00
         5.5500   1.017979e-16   1.332494e-11   3.848191e-08   2.563217e-05   3.233612e-03   8.139574e-02   4.203999e-01   4.542960e-01   4.053759e-02   1.114613e-04   1.009954e-07   1.771835e-11   7.959776e-16   6.413955e-21   1.120782e-26   1.976819e-33   6.210275e-40   2.101309e-57   1.065509e-76   3.928395e-98  2.537991e-121  2.518474e-146  4.534532e-173  3.282062e-202  1.991697e-232   0.000000e+00   0.000000e+00
         5.6000   1.739488e-17   2.755232e-12   9.506056e-09   7.862898e-06   1.263568e-03   4.186311e-02   3.205200e-01   5.475458e-01   8.820651e-02   5.917368e-04   1.493304e-06   7.964455e-10   1.274704e-13   4.103373e-18   3.237683e-23   3.266423e-29   6.720944e-35   2.229888e-50   1.573651e-67   1.234365e-86  2.521455e-107  1.158579e-129  1.415298e-153  1.239281e-179  1.246218e-206   0.000000e+00   0.000000e+00
         5.6500   2.886554e-18   5.519906e-13   2.277996e-09   2.330329e-06   4.732904e-04   2.039352e-02   2.261842e-01   5.878646e-01   1.626144e-01   2.452091e-03   1.566350e-05   2.284073e-08   1.151567e-11   1.295926e-15   3.995477e-20   1.949261e-25   2.179011e-30   4.338517e-44   2.513413e-59   2.375747e-76   8.337101e-95  9.232640e-115  3.826391e-136  1.908421e-159  1.441753e-183  3.116052e-285   0.000000e+00
         5.7000   4.686551e-19   1.079650e-13   5.334442e-10   6.723377e-07   1.713948e-04   9.505046e-03   1.494823e-01   5.722342e-01   2.602738e-01   8.210173e-03   1.220316e-04   4.430612e-07   6.310590e-10   2.205883e-13   2.338483e-17   4.754287e-22   2.449282e-26   1.890916e-38   5.626019e-52   3.862091e-67   1.352635e-83  2.019546e-101  1.532578e-120  2.225957e-141  6.242149e-163  1.047520e-253   0.000000e+00
         5.7500   7.461702e-20   2.066526e-14   1.223281e-10   1.892822e-07   6.019715e-05   4.257338e-03   9.315017e-02   5.109486e-01   3.680437e-01   2.280154e-02   7.321640e-04   6.094157e-06   2.226953e-08   2.177606e-11   7.089772e-15   5.268660e-19   1.082850e-22   2.196919e-33   2.212322e-45   7.026002e-59   1.514264e-73   1.818268e-89  1.459500e-106  3.396086e-125  1.885829e-144  1.631468e-225  4.881451e-311
         5.8000   1.144699e-20   3.803561e-15   2.698843e-11   5.109463e-08   2.021507e-05   1.815794e-03   5.458657e-02   4.212811e-01   4.652068e-01   5.354822e-02   3.478997e-03   6.172365e-05   5.314538e-07   1.325240e-09   1.199437e-12   2.904919e-16   2.098301e-19   7.903278e-29   1.858069e-39   1.827132e-51   1.575146e-64   9.606607e-79   5.004923e-94  1.095496e-110  6.880530e-128  2.736398e-200  1.029129e-276
         5.8500   1.685840e-21   6.707442e-16   5.706839e-12   1.319903e-08   6.470922e-06   7.342479e-04   3.001001e-02   3.205236e-01   5.274922e-01   1.074247e-01   1.332720e-02   4.726698e-04   8.895068e-06   5.212745e-08   1.201556e-10   8.583075e-14   1.945346e-16   9.958622e-25   3.923528e-34   8.354116e-45   1.962013e-56   4.037626e-69   8.839494e-83   1.132349e-97  4.883229e-113  1.035491e-177  5.086966e-246
         5.9000   2.383485e-22   1.133281e-16   1.156345e-12   3.256993e-09   1.969358e-06   2.803303e-04   1.534871e-02   2.228346e-01   5.332219e-01   1.840110e-01   4.141819e-02   2.775061e-03   1.068351e-04   1.369277e-06   7.444263e-09   1.438303e-11   9.205025e-14   4.834045e-21   2.371638e-29   7.948564e-39   3.609179e-49   1.741049e-60   1.087521e-72   5.340487e-86   1.013491e-99  1.679938e-157  1.433127e-218
         5.9500   3.151369e-23   1.787065e-17   2.186577e-13   7.475443e-10   5.550961e-07   9.851528e-05   7.129074e-03   1.385294e-01   4.716654e-01   2.655108e-01   1.036340e-01   1.248020e-02   9.274065e-04   2.440613e-05   2.926042e-07   1.417822e-09   2.311176e-11   9.647854e-18   4.513883e-25   1.790890e-33   1.156958e-42   9.454227e-53   1.193290e-63   1.540294e-75   8.652793e-88  2.025360e-139  4.967465e-194
         6.0000   3.758112e-24   2.536827e-18   3.721071e-14   1.539294e-10   1.398212e-07   3.076773e-05   2.906415e-03   7.458408e-02   3.545071e-01   3.147709e-01   2.047075e-01   4.240976e-02   5.780295e-03   2.955564e-04   7.365818e-06   8.370800e-08   3.131683e-09   8.240598e-15   2.890810e-21   1.051781e-28   7.344969e-37   7.606780e-46   1.426326e-55   3.456172e-66   4.036277e-77  2.903097e-123  4.121346e-172
         6.0500   3.896889e-25   3.125568e-19   5.493845e-15   2.741669e-11   3.035402e-08   8.240709e-06   1.004486e-03   3.364437e-02   2.195149e-01   2.984493e-01   3.121839e-01   1.070603e-01   2.558976e-02   2.422414e-03   1.191013e-04   2.986469e-06   2.308821e-07   3.101586e-12   6.564749e-18   1.740768e-24   1.026988e-31   1.039742e-39   2.201112e-48   7.414293e-58   1.313678e-67  7.457613e-109  1.468687e-152
         6.1000   3.415104e-26   3.249061e-20   6.839526e-16   4.105915e-12   5.521998e-09   1.841246e-06   2.868528e-04   1.241071e-02   1.095109e-01   2.220676e-01   3.621421e-01   1.987300e-01   8.007732e-02   1.345313e-02   1.245212e-03   6.505637e-05   9.402999e-06   5.328378e-10   5.589866e-15   8.778060e-21   3.505771e-27   2.749148e-34   5.142510e-42   1.841474e-50   3.738387e-59   4.987931e-96  3.814868e-135
         6.1500   2.483561e-27   2.798049e-21   7.048988e-17   5.076564e-13   8.267212e-10   3.371654e-07   6.650593e-05   3.682658e-03   4.337207e-02   1.281506e-01   3.169293e-01   2.701091e-01   1.771966e-01   5.090168e-02   8.499648e-03   8.755030e-04   2.159268e-04   4.348993e-08   1.892718e-12   1.458258e-17   3.230151e-23   1.591743e-29   2.113379e-36   6.330570e-44   1.146500e-51   1.221371e-84  1.166397e-119
         6.2000   1.451019e-28   1.932665e-22   5.821693e-18   5.016651e-14   9.882116e-11   4.925037e-08   1.222590e-05   8.630341e-04   1.340749e-02   5.653550e-02   2.068900e-01   2.667090e-01   2.761807e-01   1.312312e-01   3.800513e-02   7.311537e-03   2.852376e-03   1.754105e-06   2.697180e-10   8.594528e-15   8.823701e-20   2.263664e-25   1.753511e-31   3.545902e-38   4.583411e-45   1.489383e-74  6.460223e-106
         6.2500   6.640658e-30   1.043924e-23   3.756045e-19   3.867796e-15   9.190728e-12   5.579270e-09   1.729732e-06   1.547042e-04   3.136674e-03   1.852993e-02   9.816384e-02   1.869819e-01   2.973047e-01   2.267959e-01   1.097849e-01   3.740503e-02   2.170509e-02   3.567883e-05   1.678424e-08   1.894811e-12   7.669842e-17   8.646306e-22   3.278021e-27   3.692580e-33   2.792295e-39   1.174025e-65   9.391342e-94
         6.3000   2.280093e-31   4.223374e-25   1.812858e-20   2.225082e-16   6.359200e-13   4.684414e-10   1.798677e-07   2.023831e-05   5.303952e-04   4.317869e-03   3.247044e-02   8.950218e-02   2.131472e-01   2.540183e-01   1.984925e-01   1.137286e-01   9.340575e-02   3.658694e-04   4.633965e-07   1.612281e-10   2.224433e-14   9.457904e-19   1.498817e-23   7.914620e-29   2.932540e-34   7.428783e-58   4.908096e-83
         6.3500   5.865722e-33   1.278097e-26   6.536193e-22   9.539010e-18   3.269735e-14   2.912362e-11   1.374438e-08   1.932838e-06   6.490488e-05   7.174363e-04   7.524778e-03   2.945935e-02   1.027305e-01   1.865238e-01   2.276598e-01   2.087617e-01   2.345650e-01   1.984851e-03   6.050790e-06   5.729627e-09   2.364405e-12   3.304486e-16   1.899435e-20   4.025872e-25   6.240556e-30   4.819633e-51   1.285373e-73
         6.4000   1.266797e-34   3.241792e-28   1.972350e-23   3.414788e-19   1.400112e-15   1.502839e-12   8.657251e-10   1.512369e-07   6.455935e-06   9.560867e-05   1.376573e-03   7.525939e-03   3.764414e-02   1.017354e-01   1.880349e-01   2.634921e-01   3.934253e-01   6.619268e-03   4.407310e-05   1.017880e-07   1.118085e-10   4.540054e-14   8.331304e-18   6.163225e-22   3.471620e-26   4.454223e-45   2.533348e-65
         6.4500   2.660278e-36   7.982836e-30   5.769932e-25   1.182537e-20   5.784904e-17   7.458800e-14   5.212369e-11   1.124783e-08   6.060275e-07   1.187936e-05   2.314268e-04   1.739810e-03   1.224824e-02   4.821277e-02   1.310898e-01   2.691567e-01   5.208420e-01   1.624826e-02   2.174110e-04   1.113050e-06   2.935181e-09   3.101346e-12   1.619872e-15   3.688237e-19   6.658062e-23   8.261186e-40   5.674081e-58
         6.5000   5.919555e-38   2.079723e-31   1.783233e-26   4.317483e-22   2.513874e-18   3.881625e-15   3.275298e-12   8.684804e-10   5.867823e-08   1.505651e-06   3.916784e-05   3.992119e-04   3.887395e-03   2.184009e-02   8.504695e-02   2.465009e-01   6.082663e-01   3.317857e-02   8.311003e-04   8.685379e-06   5.022093e-08   1.252104e-10   1.679265e-13   1.051176e-16   5.437059e-20   4.027857e-35   2.012508e-51
         6.5500   1.440235e-39   5.915291e-33   6.007949e-28   1.715047e-23   1.185801e-19   2.186372e-16   2.216751e-13   7.187222e-11   6.052677e-09   2.012483e-07   6.906667e-06   9.421034e-05   1.248824e-03   9.826273e-03   5.347090e-02   2.118277e-01   6.608326e-01   5.999014e-02   2.648988e-03   5.265524e-05   6.169282e-07   3.329560e-09   1.045773e-11   1.627008e-14   2.182017e-17   6.279418e-31   1.452813e-45
         6.6000   3.874308e-41   1.857318e-34   2.231151e-29   7.495222e-25   6.139798e-21   1.348061e-17   1.634885e-14   6.451422e-12   6.733620e-10   2.874257e-08   1.286989e-06   2.321687e-05   4.128278e-04   4.469931e-03   3.324140e-02   1.751204e-01   6.805449e-01   9.862507e-02   7.295340e-03   2.596966e-04   5.758537e-06   6.238585e-08   4.228218e-10   1.494683e-12   4.754505e-15   3.623692e-27   2.595478e-40
         6.6500   1.142607e-42   6.383412e-36   9.055875e-31   3.573561e-26   3.460472e-22   9.023283e-19   1.303652e-15   6.234080e-13   8.021609e-11   4.358077e-09   2.520262e-07   5.947453e-06   1.399542e-04   2.051502e-03   2.043751e-02   1.399263e-01   6.691491e-01   1.494402e-01   1.773197e-02   1.073842e-03   4.249401e-05   8.653701e-07   1.177199e-08   8.734850e-11   6.086706e-13   8.732433e-24   1.352504e-35
         6.7000   3.627518e-44   2.358039e-37   3.944670e-32   1.825293e-27   2.084904e-23   6.439446e-20   1.104235e-16   6.372924e-14   1.005914e-11   6.900710e-10   5.106340e-08   1.560492e-06   4.799526e-05   9.381912e-04   1.230075e-02   1.073850e-01   6.273395e-01   2.095063e-01   3.842757e-02   3.789234e-03   2.544323e-04   9.200907e-06   2.357169e-07   3.424125e-09   4.869030e-11   9.699361e-21   2.359334e-31
         6.7500   1.202884e-45   9.084361e-39   1.789337e-33   9.692261e-29   1.303082e-24   4.755089e-21   9.645486e-18   6.692269e-15   1.289749e-12   1.108996e-10   1.041117e-08   4.081816e-07   1.622189e-05   4.170330e-04   7.084864e-03   7.763662e-02   5.566677e-01   2.709218e-01   7.441274e-02   1.150687e-02   1.255404e-03   7.674554e-05   3.501765e-06   9.369310e-08   2.551778e-09   5.381344e-18   1.545922e-27
         6.8000   4.115511e-47   3.605719e-40   8.350182e-35   5.285948e-30   8.347449e-26   3.589920e-22   8.587450e-19   7.136170e-16   1.671824e-13   1.789496e-11   2.114592e-09   1.054442e-07   5.358284e-06   1.788709e-04   3.884253e-03   5.274301e-02   4.603725e-01   3.193475e-01   1.277926e-01   3.000337e-02   5.123723e-03   5.074357e-04   3.927377e-05   1.835082e-06   9.044804e-08   1.585540e-15   4.172450e-24
         6.8500   1.411354e-48   1.432509e-41   3.894840e-36   2.876843e-31   5.325279e-27   2.692544e-23   7.573874e-20   7.511484e-17   2.130200e-14   2.820457e-12   4.164566e-10   2.620237e-08   1.686265e-06   7.224817e-05   1.981754e-03   3.299365e-02   3.481683e-01   3.376567e-01   1.922192e-01   6.663014e-02   1.724553e-02   2.666831e-03   3.355065e-04   2.613391e-05   2.215338e-06   2.601965e-13   5.001435e-21
         6.9000   4.681495e-50   5.497471e-43   1.752405e-37   1.507952e-32   3.266284e-28   1.937684e-24   6.394043e-21   7.545580e-18   2.579879e-15   4.200547e-13   7.698037e-11   6.066470e-09   4.900915e-07   2.666574e-05   9.144362e-04   1.850439e-02   2.346970e-01   3.129056e-01   2.481718e-01   1.239512e-01   4.728261e-02   1.105766e-02   2.178666e-03   2.716474e-04   3.782407e-05   2.455653e-11   2.817681e-18
         6.9500   1.440170e-51   1.954157e-44   7.292828e-39   7.301432e-34   1.847672e-29   1.283875e-25   4.961303e-22   6.950826e-19   2.854106e-16   5.683538e-14   1.284735e-11   1.259530e-09   1.267067e-07   8.670828e-06   3.684250e-04   8.996864e-03   1.364694e-01   2.464531e-01   2.673741e-01   1.883450e-01   1.033333e-01   3.554245e-02   1.061563e-02   2.044542e-03   4.484620e-04   1.355418e-09   7.755507e-16
         7.0000   3.888796e-53   6.089817e-46   2.656990e-40   3.090892e-35   9.120384e-31   7.406451e-27   3.343572e-23   5.543808e-20   2.723722e-17   6.600200e-15   1.829694e-12   2.217626e-10   2.757494e-08   2.352669e-06   1.229038e-04   3.600370e-03   6.580485e-02   1.588846e-01   2.319862e-01   2.261704e-01   1.746777e-01   8.623654e-02   3.793994e-02   1.093734e-02   3.636755e-03   4.388921e-08   1.066790e-13
         7.0500   8.855232e-55   1.598574e-47   8.142463e-42   1.099017e-36   3.774268e-32   3.574331e-28   1.880727e-24   3.679464e-21   2.155450e-18   6.326029e-16   2.139290e-13   3.186898e-11   4.865045e-09   5.134307e-07   3.275463e-05   1.145415e-03   2.521190e-02   8.045286e-02   1.558306e-01   2.067774e-01   2.205962e-01   1.529970e-01   9.666486e-02   4.056000e-02   1.972967e-02   8.287745e-07   7.417919e-12
         7.1000   1.644787e-56   3.419072e-49   2.030331e-43   3.175144e-38   1.266780e-33   1.396142e-29   8.543622e-26   1.966705e-22   1.369167e-19   4.845563e-17   1.989089e-14   3.622387e-12   6.747079e-10   8.744828e-08   6.772848e-06   2.815822e-04   7.436526e-03   3.104166e-02   7.874044e-02   1.401001e-01   2.030157e-01   1.940934e-01   1.721646e-01   1.025345e-01   7.057550e-02   9.125518e-06   2.647965e-10
         7.1500   2.504312e-58   5.988181e-51   4.140037e-45   7.491342e-40   3.466095e-35   4.436837e-31   3.151096e-27   8.512265e-24   7.020441e-21   2.983868e-18   1.479994e-15   3.278430e-13   7.408510e-11   1.171634e-08   1.095968e-06   5.398928e-05   1.705104e-03   9.223904e-03   3.028994e-02   7.130350e-02   1.382562e-01   1.791664e-01   2.186443e-01   1.806843e-01   1.706104e-01   6.082317e-05   5.107730e-09
         7.2000   3.323448e-60   9.131946e-53   7.341049e-47   1.534966e-41   8.222011e-37   1.220082e-32   1.003781e-28   3.174135e-25   3.092011e-22   1.572328e-19   9.382753e-17   2.516431e-14   6.863484e-12   1.316693e-09   1.480790e-07   8.618874e-06   3.245148e-04   2.255785e-03   9.490734e-03   2.920372e-02   7.475612e-02   1.293542e-01   2.132441e-01   2.395401e-01   3.015534e-01   2.685632e-04   5.898761e-08
         7.2500   4.186620e-62   1.320628e-54   1.232860e-48   2.974936e-43   1.841743e-38   3.162457e-34   3.008811e-30   1.111149e-26   1.274795e-23   7.728756e-21   5.526766e-18   1.786937e-15   5.854635e-13   1.355237e-10   1.825013e-08   1.252085e-06   5.603816e-05   4.966728e-04   2.652248e-03   1.055171e-02   3.522721e-02   8.029416e-02   1.758505e-01   2.634453e-01   4.305474e-01   8.769747e-04   4.603422e-07
         7.3000   5.350391e-64   1.935634e-56   2.095872e-50   5.829028e-45   4.163921e-40   8.258829e-36   9.070203e-32   3.903427e-28   5.260010e-25   3.789795e-22   3.235520e-19   1.256145e-16   4.922260e-14   1.368268e-11   2.198319e-09   1.774133e-07   9.412729e-06   1.056167e-04   7.097814e-04   3.615231e-03   1.557084e-02   4.619053e-02   1.323936e-01   2.600373e-01   5.390440e-01   2.320809e-03   2.686515e-06
         7.3500   7.210946e-66   2.989017e-58   3.749409e-52   1.200359e-46   9.877786e-42   2.259174e-37   2.859018e-33   1.430974e-29   2.259069e-26   1.928472e-23   1.958924e-20   9.098312e-18   4.246970e-15   1.411525e-12   2.696897e-10   2.555801e-08   1.603488e-06   2.262987e-05   1.899192e-04   1.227341e-03   6.752475e-03   2.578708e-02   9.542242e-02   2.419138e-01   6.233816e-01   5.288481e-03   1.256616e-05
         7.4000   1.035929e-67   4.915225e-60   7.134595e-54   2.625953e-48   2.485229e-43   6.543297e-39   9.525656e-35   5.534752e-31   1.021189e-27   1.029996e-24   1.240868e-21   6.870890e-19   3.806503e-16   1.506702e-13   3.413356e-11   3.792690e-09   2.831837e-07   4.996550e-06   5.199993e-05   4.227975e-04   2.944231e-03   1.433022e-02   6.760155e-02   2.180118e-01   6.858112e-01   1.077164e-02   4.928515e-05
         7.4500   1.606516e-69   8.716795e-62   1.462463e-55   6.180517e-50   6.716360e-45   2.032258e-40   3.397712e-36   2.287905e-32   4.922425e-29   5.851052e-26   8.335057e-23   5.484520e-20   3.593994e-17   1.688176e-14   4.522556e-12   5.883893e-10   5.220794e-08   1.145189e-06   1.468496e-05   1.490734e-04   1.303019e-03   8.009885e-03   4.762652e-02   1.928783e-01   7.297674e-01   2.008272e-02   1.671349e-04
         7.5000   2.672095e-71   1.656404e-63   3.208621e-57   1.555008e-51   1.937118e-46   6.725031e-42   1.289146e-37   1.004412e-33   2.514649e-30   3.514153e-27   5.902881e-24   4.601834e-21   3.555869e-18   1.975669e-15   6.243364e-13   9.499147e-11   9.995159e-09   2.711225e-07   4.258712e-06   5.360505e-05   5.837727e-04   4.496576e-03   3.337958e-02   1.680436e-01   7.581180e-01   3.481944e-02   5.009599e-04
         7.5500   4.775290e-73   3.378667e-65   7.548362e-59   4.189792e-53   5.973107e-48   2.375245e-43   5.212120e-39   4.691810e-35   1.364217e-31   2.236429e-28   4.418065e-25   4.069314e-22   3.697187e-19   2.422607e-16   9.010164e-14   1.601396e-11   1.993827e-09   6.654708e-08   1.273567e-06   1.974565e-05   2.659897e-04   2.547213e-03   2.338251e-02   1.447909e-01   7.710197e-01   5.662665e-02   1.346017e-03
         7.6000   9.104178e-75   7.345306e-67   1.890654e-60   1.200407e-54   1.955154e-49   8.890591e-45   2.229617e-40   2.315660e-36   7.805542e-33   1.498011e-29   3.471902e-26   3.768351e-23   4.015081e-20   3.094386e-17   1.351597e-14   2.803252e-12   4.120688e-10   1.684367e-08   3.908072e-07   7.417985e-06   1.227875e-04   1.451423e-03   1.633493e-02   1.232611e-01   7.686048e-01   8.693817e-02   3.278884e-03
         7.6500   1.836488e-76   1.688018e-68   5.000532e-62   3.627087e-56   6.737577e-51   3.497517e-46   1.000786e-41   1.197688e-37   4.672116e-34   1.047719e-30   2.842422e-27   3.626798e-24   4.520700e-21   4.087692e-18   2.092731e-15   5.060011e-13   8.762199e-11   4.367090e-09   1.222859e-07   2.825983e-06   5.713382e-05   8.281695e-04   1.133977e-02   1.034251e-01   7.505400e-01   1.265049e-01   7.301958e-03
         7.7000   3.839387e-78   4.016708e-70   1.368007e-63   1.132126e-57   2.394238e-52   1.416403e-47   4.616672e-43   6.358581e-39   2.865982e-35   7.496597e-32   2.375670e-28   3.555550e-25   5.173159e-22   5.475599e-19   3.279626e-16   9.235877e-14   1.880001e-11   1.137751e-09   3.828895e-08   1.072358e-06   2.635277e-05   4.661293e-04   7.725698e-03   8.481414e-02   7.170455e-01   1.749555e-01   1.496557e-02
         7.7500   8.354449e-80   9.939141e-72   3.887657e-65   3.666002e-59   8.810670e-54   5.929765e-49   2.197903e-44   3.479915e-40   1.809550e-36   5.512044e-33   2.036412e-29   3.567634e-26   6.046395e-23   7.475922e-20   5.229500e-17   1.713705e-14   4.092158e-12   2.995348e-10   1.206814e-08   4.076542e-07   1.211399e-05   2.600035e-04   5.184335e-03   6.807590e-02   6.680902e-01   2.300417e-01   2.833531e-02
         7.8000   1.879118e-81   2.539881e-73   1.139770e-66   1.223057e-60   3.334311e-55   2.548448e-50   1.072334e-45   1.949607e-41   1.167952e-37   4.136712e-34   1.778494e-30   3.640261e-27   7.172721e-24   1.033959e-20   8.433183e-18   3.212965e-15   8.983173e-13   7.923302e-11   3.808197e-09   1.544559e-07   5.523502e-06   1.431101e-04   3.414204e-03   5.332928e-02   6.056084e-01   2.877531e-01   4.974620e-02
         7.8500   4.341776e-83   6.661354e-75   3.425919e-68   4.177811e-62   1.289534e-56   1.117277e-51   5.327653e-47   1.111130e-42   7.658548e-39   3.149510e-35   1.573079e-31   3.755142e-28   8.587041e-25   1.440565e-21   1.367869e-18   6.053703e-16   1.978154e-13   2.094902e-11   1.197196e-09   5.805753e-08   2.487303e-06   7.742094e-05   2.199191e-03   4.066755e-02   5.330945e-01   3.426906e-01   8.126818e-02
         7.9000   1.025984e-84   1.785172e-76   1.051121e-69   1.454704e-63   5.073934e-58   4.974318e-53   2.683189e-48   6.413129e-44   5.079415e-40   2.422110e-36   1.403225e-32   3.900165e-29   1.033365e-25   2.014122e-22   2.223247e-19   1.141973e-16   4.353396e-14   5.516677e-12   3.737158e-10   2.158412e-08   1.103157e-06   4.106669e-05   1.382836e-03   3.014755e-02   4.552969e-01   3.891090e-01   1.240215e-01
         7.9500   2.451229e-86   4.832552e-78   3.254289e-71   5.104163e-65   2.007810e-59   2.223099e-54   1.354015e-49   3.705378e-45   3.368391e-41   1.860116e-37   1.248134e-33   4.033017e-30   1.236218e-26   2.795061e-23   3.581651e-20   2.133420e-17   9.471447e-15   1.431551e-12   1.146318e-10   7.860353e-09   4.777167e-07   2.119875e-05   8.438529e-04   2.165256e-02   3.775033e-01   4.223274e-01   1.776511e-01
         8.0000   5.932124e-88   1.323928e-79   1.018592e-72   1.808001e-66   8.004707e-61   9.990774e-56   6.858015e-51   2.146943e-46   2.237518e-42   1.429253e-38   1.109232e-34   4.160866e-31   1.473425e-27   3.858833e-24   5.732825e-21   3.956630e-18   2.042166e-15   3.670254e-13   3.464910e-11   2.811731e-09   2.025233e-07   1.067635e-05   5.010247e-04   1.510128e-02   3.044396e-01   4.397532e-01   2.401939e-01
         8.0500   1.465247e-89   3.698563e-81   3.247701e-74   6.514383e-68   3.239419e-62   4.548743e-57   3.512338e-52   1.256829e-47   1.500073e-43   1.107128e-39   9.925420e-36   4.316390e-32   1.763479e-28   5.342434e-25   9.190371e-22   7.343398e-19   4.399211e-16   9.374365e-14   1.040836e-11   9.963540e-10   8.476181e-08   5.288930e-06   2.916362e-04   1.029358e-02   2.395531e-01   4.413435e-01   3.085129e-01
         8.1000   3.695446e-91   1.054050e-82   1.055262e-75   2.388417e-69   1.331152e-63   2.098733e-58   1.819375e-53   7.435776e-49   1.015335e-44   8.649355e-41   8.946552e-37   4.504927e-33   2.120837e-29   7.422761e-26   1.476825e-22   1.365052e-19   9.488395e-17   2.390726e-14   3.114861e-12   3.506824e-10   3.512348e-08   2.585279e-06   1.669990e-04   6.883628e-03   1.846581e-01   4.292195e-01   3.790692e-01
         8.1500   9.535999e-93   3.070675e-84   3.501359e-77   8.928448e-71   5.565078e-65   9.831558e-60   9.549616e-55   4.454533e-50   6.952030e-46   6.828835e-42   8.140564e-38   4.740526e-34   2.568717e-30   1.037407e-26   2.384504e-23   2.547587e-20   2.054454e-17   6.104772e-15   9.314042e-13   1.229815e-10   1.445859e-08   1.251418e-06   9.443905e-05   4.534838e-03   1.400393e-01   4.067063e-01   4.486239e-01
         8.2000   2.526407e-94   9.175740e-86   1.190400e-78   3.414607e-72   2.374901e-66   4.691544e-61   5.095651e-56   2.711045e-51   4.831416e-47   5.467234e-43   7.503353e-39   5.047488e-35   3.144634e-31   1.463854e-27   3.883039e-24   4.791541e-21   4.477243e-18   1.565117e-15   2.790806e-13   4.310491e-11   5.932133e-09   6.019707e-07   5.293915e-05   2.954753e-03   1.049073e-01   3.773976e-01   5.146867e-01
         8.2500   6.885490e-96   2.817959e-87   4.155058e-80   1.338548e-73   1.036474e-67   2.284685e-62   2.769090e-57   1.679279e-52   3.414378e-48   4.447176e-44   7.019779e-40   5.449120e-36   3.899359e-32   2.090104e-28   6.391899e-25   9.102802e-22   9.843301e-19   4.038574e-16   8.401128e-14   1.514198e-11   2.433035e-09   2.886767e-07   2.951605e-05   1.910892e-03   7.790736e-02   3.444991e-01   5.756528e-01
         8.3000   1.933153e-97   8.906646e-89   1.491023e-81   5.385570e-75   4.631964e-69   1.136817e-63   1.534330e-58   1.059988e-53   2.456870e-49   3.680261e-45   6.675234e-41   5.973286e-37   4.905110e-33   3.024502e-29   1.065341e-25   1.749658e-22   2.186900e-19   1.050795e-16   2.545775e-14   5.342526e-12   9.999166e-10   1.383652e-07   1.641308e-05   1.230179e-03   5.752206e-02   3.105174e-01   6.307138e-01
         8.3500   5.547417e-99   2.874527e-90   5.457527e-83   2.206455e-76   2.102845e-70   5.733649e-65   8.599112e-60   6.763908e-55   1.785803e-50   3.074109e-46   6.401434e-42   6.597111e-38   6.211291e-34   4.401791e-30   1.784199e-26   3.376865e-23   4.873015e-20   2.736534e-17   7.709229e-15   1.880911e-12   4.094341e-10   6.598035e-08   9.073291e-06   7.874124e-04   4.232123e-02   2.772138e-01   6.796684e-01
         8.4000  1.637390e-100   9.532960e-92   2.050414e-84   9.262626e-78   9.758362e-72   2.949330e-66   4.904593e-61   4.390281e-56   1.319362e-51   2.608105e-47   6.230140e-43   7.387776e-39   7.968656e-35   6.485062e-31   3.022277e-27   6.587298e-24   1.096273e-20   7.181408e-18   2.349035e-15   6.651014e-13   1.680660e-10   3.147975e-08   5.011271e-06   5.030024e-04   3.107938e-02   2.457002e-01   7.227123e-01
         8.4500  4.985341e-102   3.257880e-93   7.929589e-86   3.995380e-79   4.641602e-73   1.551473e-67   2.854509e-62   2.906470e-57   9.935165e-53   2.253806e-48   6.171209e-44   8.413143e-40   1.038840e-35   9.701164e-32   5.193955e-28   1.302808e-24   2.497868e-21   1.905368e-18   7.226583e-16   2.370383e-13   6.940365e-11   1.507950e-08   2.774182e-06   3.215414e-04   2.280761e-02   2.165932e-01   7.602749e-01
         8.5000  1.564661e-103   1.146519e-94   3.154333e-87   1.769425e-80   2.261162e-74   8.339320e-69   1.693810e-63   1.960920e-58   7.619517e-54   1.982311e-49   6.217174e-45   9.736606e-41   1.375361e-36   1.472741e-32   9.051545e-29   2.611150e-25   5.762088e-22   5.109625e-19   2.244199e-16   8.514043e-14   2.883593e-11   7.254396e-09   1.539992e-06   2.058099e-04   1.673805e-02   1.901596e-01   7.928950e-01
         8.5500  5.057456e-105   4.151083e-96   1.289432e-88   8.037532e-82   1.127004e-75   4.575370e-70   1.023615e-64   1.346862e-59   5.945510e-55   1.772862e-50   6.364565e-46   1.144156e-41   1.847716e-37   2.267203e-33   1.598435e-29   5.299796e-26   1.344857e-22   1.384237e-19   7.032025e-17   3.081038e-14   1.205173e-11   3.504741e-09   8.573265e-07   1.319395e-04   1.228940e-02   1.664376e-01   8.211402e-01
         8.6000  1.681975e-106   1.544740e-97   5.411185e-90   3.740948e-83   5.741070e-77   2.559556e-71   6.293233e-66   9.407955e-61   4.715395e-56   1.610644e-51   6.614377e-47   1.363964e-42   2.516731e-38   3.536463e-34   2.858160e-30   1.088541e-26   3.173627e-23   3.786018e-20   2.222095e-17   1.122842e-14   5.065176e-12   1.700093e-09   4.786183e-07   8.471999e-05   9.028830e-03   1.453267e-01   8.455593e-01
         8.6500  5.750282e-108   5.902821e-99   2.329034e-91   1.782289e-84   2.986072e-78   1.458490e-72   3.932131e-67   6.676377e-62   3.797489e-57   1.485054e-52   6.972166e-48   1.648136e-43   3.472757e-39   5.585146e-35   5.171147e-31   2.260939e-27   7.567147e-24   1.044857e-20   7.077663e-18   4.119276e-15   2.140091e-12   8.278676e-10   2.679122e-07   5.448485e-05   6.637453e-03   1.266499e-01   8.666579e-01
         8.7000  2.018867e-109  2.313832e-100   1.027058e-92   8.682453e-86   1.584084e-79   8.456058e-74   2.494144e-68   4.808325e-63   3.102238e-58   1.388248e-53   7.447077e-49   2.016761e-44   4.850258e-40   8.923223e-36   9.459059e-32   4.745199e-28   1.821719e-24   2.907676e-21   2.270933e-18   1.520480e-15   9.086103e-13   4.045551e-10   1.503298e-07   3.508825e-05   4.881742e-03   1.101950e-01   8.848880e-01
         8.7500  7.272363e-111  9.295270e-102   4.635826e-94   4.320553e-87   8.562389e-81   4.983388e-75   1.604428e-69   3.510999e-64   2.568301e-59   1.314555e-54   8.053114e-50   2.497034e-45   6.851130e-41   1.441124e-36   1.748061e-32   1.005631e-28   4.425031e-25   8.154521e-22   7.336364e-19   5.644152e-16   3.874892e-13   1.983267e-10   8.453282e-08   2.262227e-05   3.591226e-03   9.573995e-02   9.006461e-01
         8.8000  2.685492e-112  3.823592e-103   2.139844e-95   2.194150e-88   4.711467e-82   2.982498e-76   1.045762e-70   2.596987e-65   2.152986e-60   1.259859e-55   8.809698e-51   3.125918e-46   9.780407e-42   2.351144e-37   3.261624e-33   2.150668e-29   1.083888e-25   2.303520e-22   2.385192e-19   2.106210e-16   1.659312e-13   9.750912e-11   4.762324e-08   1.459776e-05   2.641600e-03   8.306820e-02   9.142756e-01
         8.8500  1.015616e-113  1.608893e-104   1.009053e-96   1.135973e-89   2.636444e-83   1.810905e-77   6.899625e-72   1.943955e-66   1.825782e-61   1.220942e-56   9.740700e-52   3.953135e-47   1.409908e-42   3.871785e-38   6.139746e-34   4.638086e-30   2.675362e-26   6.550118e-23   7.799686e-20   7.896951e-17   7.131455e-14   4.806067e-11   2.686970e-08   9.424532e-06   1.942180e-03   7.197678e-02   9.260716e-01
         8.9000  3.929428e-115  6.917617e-106   4.855538e-98   5.988976e-91   1.498667e-84   1.114300e-78   4.602962e-73   1.471049e-67   1.564689e-62   1.195274e-57   1.087511e-52   5.045596e-48   2.050561e-43   6.430126e-39   1.165043e-34   1.007815e-30   6.649266e-27   1.873512e-23   2.563601e-20   2.973077e-17   3.074470e-14   2.373573e-11   1.517620e-08   6.085255e-06   1.426727e-03   6.228019e-02   9.362870e-01
         8.9500  1.553571e-116  3.035690e-107   2.381428e-99   3.211447e-92   8.644033e-86   6.940842e-80   3.101640e-74   1.124146e-68   1.353691e-63   1.180836e-58   1.224771e-53   6.493305e-49   3.006014e-44   1.075979e-39   2.226494e-35   2.204559e-31   1.662636e-27   5.386123e-24   8.463028e-21   1.123184e-17   1.328745e-14   1.173950e-11   8.576455e-09   3.927815e-06   1.046758e-03   5.381162e-02   9.451377e-01
         9.0000  6.269432e-118  1.358045e-108  1.189010e-100   1.749373e-93   5.052948e-87   4.371521e-81   2.108668e-75   8.665638e-70   1.181033e-64   1.176005e-59   1.389989e-54   8.417277e-50   4.437378e-45   1.812411e-40   4.281471e-36   4.850364e-32   4.179103e-28   1.555107e-24   2.803972e-21   4.254913e-18   5.753307e-15   5.811475e-12   4.847022e-09   2.533245e-06   7.667084e-04   4.642260e-02   9.528082e-01
