# CIE ionization fractions for S (Z=16)
# Source: CHIANTI v11.0.2 chianti.ioneq (Dere et al. 2009)
# T grid: 121 log-spaced points, 10^3.00 K -> 10^9.00 K
# Generated by pyathena/photchem/data/build_ioneq_tables.py
#
# log_T_K        x_S0           x_S1           x_S2           x_S3           x_S4           x_S5           x_S6           x_S7           x_S8           x_S9           x_S10          x_S11          x_S12          x_S13          x_S14          x_S15          x_S16        
         3.0000   1.000000e+00   0.000000e+00   0.000000e+00   0.000000e+00   0.000000e+00   0.000000e+00   0.000000e+00   0.000000e+00   0.000000e+00   0.000000e+00   0.000000e+00   0.000000e+00   0.000000e+00   0.000000e+00   0.000000e+00   0.000000e+00   0.000000e+00
         3.0500   1.000000e+00   0.000000e+00   0.000000e+00   0.000000e+00   0.000000e+00   0.000000e+00   0.000000e+00   0.000000e+00   0.000000e+00   0.000000e+00   0.000000e+00   0.000000e+00   0.000000e+00   0.000000e+00   0.000000e+00   0.000000e+00   0.000000e+00
         3.1000   1.000000e+00   9.431315e-39  -3.349137e-130  -6.711352e-268  -0.000000e+00  -0.000000e+00  -0.000000e+00  -0.000000e+00  -0.000000e+00  -0.000000e+00  -0.000000e+00  -0.000000e+00  -0.000000e+00  -0.000000e+00  -0.000000e+00  -0.000000e+00  -0.000000e+00
         3.1500   1.000000e+00   3.555972e-34  -2.077961e-115  -6.663049e-238  -0.000000e+00  -0.000000e+00  -0.000000e+00  -0.000000e+00  -0.000000e+00  -0.000000e+00  -0.000000e+00  -0.000000e+00  -0.000000e+00  -0.000000e+00  -0.000000e+00  -0.000000e+00  -0.000000e+00
         3.2000   1.000000e+00   4.330917e-30  -3.252575e-102  -3.750104e-211  -0.000000e+00  -0.000000e+00  -0.000000e+00  -0.000000e+00  -0.000000e+00  -0.000000e+00  -0.000000e+00  -0.000000e+00  -0.000000e+00  -0.000000e+00  -0.000000e+00  -0.000000e+00  -0.000000e+00
         3.2500   1.000000e+00   1.923916e-26  -1.912053e-90  -2.687170e-187  -4.580483e-320  -0.000000e+00  -0.000000e+00  -0.000000e+00  -0.000000e+00  -0.000000e+00  -0.000000e+00  -0.000000e+00  -0.000000e+00  -0.000000e+00  -0.000000e+00  -0.000000e+00  -0.000000e+00
         3.3000   1.000000e+00   3.474263e-23  -6.016774e-80  -5.043334e-166  -3.333477e-284  -0.000000e+00  -0.000000e+00  -0.000000e+00  -0.000000e+00  -0.000000e+00  -0.000000e+00  -0.000000e+00  -0.000000e+00  -0.000000e+00  -0.000000e+00  -0.000000e+00  -0.000000e+00
         3.3500   1.000000e+00   2.810002e-20  -1.389652e-70  -4.717811e-147  -3.153672e-252  -0.000000e+00  -0.000000e+00  -0.000000e+00  -0.000000e+00  -0.000000e+00  -0.000000e+00  -0.000000e+00  -0.000000e+00  -0.000000e+00  -0.000000e+00  -0.000000e+00  -0.000000e+00
         3.4000   1.000000e+00   1.110197e-17  -3.120518e-62  -3.904987e-130  -1.024899e-223  -0.000000e+00  -0.000000e+00  -0.000000e+00  -0.000000e+00  -0.000000e+00  -0.000000e+00  -0.000000e+00  -0.000000e+00  -0.000000e+00  -0.000000e+00  -0.000000e+00  -0.000000e+00
         3.4500   1.000000e+00   2.315717e-15  -8.750712e-55  -4.771155e-115  -2.720393e-198  -0.000000e+00  -0.000000e+00  -0.000000e+00  -0.000000e+00  -0.000000e+00  -0.000000e+00  -0.000000e+00  -0.000000e+00  -0.000000e+00  -0.000000e+00  -0.000000e+00  -0.000000e+00
         3.5000   1.000000e+00   2.733757e-13  -3.828928e-48  -1.357601e-101  -1.275162e-175  -3.901235e-290  -0.000000e+00  -0.000000e+00  -0.000000e+00  -0.000000e+00  -0.000000e+00  -0.000000e+00  -0.000000e+00  -0.000000e+00  -0.000000e+00  -0.000000e+00  -0.000000e+00
         3.5500   1.000000e+00   1.943621e-11  -3.185756e-42  -1.349511e-89  -2.095424e-155  -2.709551e-257  -0.000000e+00  -0.000000e+00  -0.000000e+00  -0.000000e+00  -0.000000e+00  -0.000000e+00  -0.000000e+00  -0.000000e+00  -0.000000e+00  -0.000000e+00  -0.000000e+00
         3.6000   1.000000e+00   8.796788e-10  -6.003598e-37  -6.714503e-79  -2.218960e-137  -5.163789e-228  -0.000000e+00  -0.000000e+00  -0.000000e+00  -0.000000e+00  -0.000000e+00  -0.000000e+00  -0.000000e+00  -0.000000e+00  -0.000000e+00  -0.000000e+00  -0.000000e+00
         3.6500   1.000000e+00   2.662950e-08  -2.987509e-32  -2.296729e-69  -2.596938e-121  -6.525840e-202  -1.535938e-300  -0.000000e+00  -0.000000e+00  -0.000000e+00  -0.000000e+00  -0.000000e+00  -0.000000e+00  -0.000000e+00  -0.000000e+00  -0.000000e+00  -0.000000e+00
         3.7000   9.999994e-01   5.634435e-07  -4.479947e-28  -7.127844e-61  -5.406317e-107  -1.195166e-178  -2.049538e-266  -0.000000e+00  -0.000000e+00  -0.000000e+00  -0.000000e+00  -0.000000e+00  -0.000000e+00  -0.000000e+00  -0.000000e+00  -0.000000e+00  -0.000000e+00
         3.7500   9.999913e-01   8.666101e-06  -2.255718e-24  -2.544285e-53  -3.032245e-94  -6.309654e-158  -5.271900e-236  -0.000000e+00  -0.000000e+00  -0.000000e+00  -0.000000e+00  -0.000000e+00  -0.000000e+00  -0.000000e+00  -0.000000e+00  -0.000000e+00  -0.000000e+00
         3.8000   9.998997e-01   1.003349e-04  -4.104800e-21  -1.261153e-46  -6.490791e-83  -1.733919e-139  -6.334773e-209  -0.000000e+00  -0.000000e+00  -0.000000e+00  -0.000000e+00  -0.000000e+00  -0.000000e+00  -0.000000e+00  -0.000000e+00  -0.000000e+00  -0.000000e+00
         3.8500   9.990983e-01   9.016609e-04  -2.677798e-18  -9.543601e-41  -6.728703e-73  -3.906627e-123  -7.279812e-185  -0.000000e+00  -0.000000e+00  -0.000000e+00  -0.000000e+00  -0.000000e+00  -0.000000e+00  -0.000000e+00  -0.000000e+00  -0.000000e+00  -0.000000e+00
         3.9000   9.935585e-01   6.441485e-03  -3.690701e-16  -7.128125e-36  -2.482681e-64  -6.430438e-109  -9.006040e-164  -0.000000e+00  -0.000000e+00  -0.000000e+00  -0.000000e+00  -0.000000e+00  -0.000000e+00  -0.000000e+00  -0.000000e+00  -0.000000e+00  -0.000000e+00
         3.9500   9.632565e-01   3.674351e-02   1.980888e-13   1.052984e-30   7.322205e-56   2.062291e-95  3.939341e-144  1.849477e-302   0.000000e+00   0.000000e+00   0.000000e+00   0.000000e+00   0.000000e+00   0.000000e+00   0.000000e+00   0.000000e+00   0.000000e+00
         4.0000   8.417781e-01   1.582219e-01   6.884127e-11   5.514819e-26   3.422671e-48   2.978304e-83  1.695260e-126  1.733402e-267   0.000000e+00   0.000000e+00   0.000000e+00   0.000000e+00   0.000000e+00   0.000000e+00   0.000000e+00   0.000000e+00   0.000000e+00
         4.0500   5.583209e-01   4.416791e-01   6.858632e-09   4.848665e-22   1.312156e-41   1.148649e-72  5.022297e-111  1.479968e-236   0.000000e+00   0.000000e+00   0.000000e+00   0.000000e+00   0.000000e+00   0.000000e+00   0.000000e+00   0.000000e+00   0.000000e+00
         4.1000   2.569851e-01   7.430147e-01   2.548189e-07   9.876803e-19   6.156185e-36   1.990855e-63   1.997478e-97  3.592935e-209   0.000000e+00   0.000000e+00   0.000000e+00   0.000000e+00   0.000000e+00   0.000000e+00   0.000000e+00   0.000000e+00   0.000000e+00
         4.1500   9.720089e-02   9.027944e-01   4.717329e-06   6.557193e-16   5.323603e-31   2.593320e-55   2.034073e-85  7.193558e-185  2.799113e-302   0.000000e+00   0.000000e+00   0.000000e+00   0.000000e+00   0.000000e+00   0.000000e+00   0.000000e+00   0.000000e+00
         4.2000   3.654061e-02   9.634032e-01   5.621804e-05   1.915382e-13   1.215464e-26   3.978242e-48   9.342527e-75  3.040191e-163  7.912927e-268   0.000000e+00   0.000000e+00   0.000000e+00   0.000000e+00   0.000000e+00   0.000000e+00   0.000000e+00   0.000000e+00
         4.2500   1.494963e-02   9.845608e-01   4.895666e-04   2.898108e-11   9.073925e-23   9.608800e-42   2.872238e-65  5.615287e-144  4.019571e-237   0.000000e+00   0.000000e+00   0.000000e+00   0.000000e+00   0.000000e+00   0.000000e+00   0.000000e+00   0.000000e+00
         4.3000   6.928234e-03   9.897880e-01   3.283736e-03   2.466274e-09   2.508687e-19   4.426638e-36   7.857946e-57  8.107762e-127  9.285726e-210  5.638135e-306   0.000000e+00   0.000000e+00   0.000000e+00   0.000000e+00   0.000000e+00   0.000000e+00   0.000000e+00
         4.3500   3.684234e-03   9.791320e-01   1.718369e-02   1.223278e-07   2.755547e-16   4.446377e-31   2.375886e-49  1.480539e-111  2.150510e-185  3.786161e-271   0.000000e+00   0.000000e+00   0.000000e+00   0.000000e+00   0.000000e+00   0.000000e+00   0.000000e+00
         4.4000   2.183489e-03   9.293332e-01   6.847980e-02   3.517442e-06   1.231385e-13   1.063420e-26   9.334426e-43   5.088147e-98  9.789567e-164  3.703360e-240   0.000000e+00   0.000000e+00   0.000000e+00   0.000000e+00   0.000000e+00   0.000000e+00   0.000000e+00
         4.4500   1.330782e-03   8.017066e-01   1.969061e-01   5.657053e-05   2.220140e-11   6.411143e-23   5.388243e-37   4.589917e-86  1.562183e-144  1.249262e-212  7.468418e-293   0.000000e+00   0.000000e+00   0.000000e+00   0.000000e+00   0.000000e+00   0.000000e+00
         4.5000   7.686960e-04   6.016127e-01   3.971137e-01   5.048727e-04   1.650686e-09   1.060583e-19   5.275053e-32   1.512248e-75  1.513823e-127  3.241257e-188  1.103309e-259   0.000000e+00   0.000000e+00   0.000000e+00   0.000000e+00   0.000000e+00   0.000000e+00
         4.5500   4.157317e-04   4.015361e-01   5.953212e-01   2.726839e-03   5.708365e-08   5.746981e-17   1.101631e-27   2.703053e-66  1.608593e-112  1.462967e-166  3.210755e-230  3.899725e-302   0.000000e+00   0.000000e+00   0.000000e+00   0.000000e+00   0.000000e+00
         4.6000   2.182165e-04   2.531797e-01   7.363925e-01   1.020857e-02   1.089817e-06   1.271112e-14   6.407208e-24   3.968138e-58   3.376845e-99  2.529665e-147  5.140964e-204  4.263720e-268   0.000000e+00   0.000000e+00   0.000000e+00   0.000000e+00   0.000000e+00
         4.6500   1.141426e-04   1.570509e-01   8.133123e-01   2.950936e-02   1.324095e-05   1.377831e-12   1.298889e-20   6.831536e-51   2.335106e-87  3.341244e-130  1.115554e-180  8.970982e-238  3.275146e-302   0.000000e+00   0.000000e+00   0.000000e+00   0.000000e+00
         4.7000   5.962028e-05   9.677135e-02   8.327388e-01   7.031759e-02   1.126471e-04   8.331619e-11   1.084087e-17   1.832309e-44   8.112242e-77  6.028615e-115  7.077431e-160  9.696350e-211  3.278370e-268   0.000000e+00   0.000000e+00   0.000000e+00   0.000000e+00
         4.7500   3.064658e-05   5.863238e-02   7.973225e-01   1.433006e-01   7.138974e-04   3.076297e-09   4.214090e-15   9.619067e-39   2.011085e-67  2.431401e-101  2.537282e-141  1.256673e-186  6.966486e-238  4.926059e-297   0.000000e+00   0.000000e+00   0.000000e+00
         4.8000   1.521723e-05   3.437125e-02   7.108739e-01   2.512787e-01   3.460820e-03   7.295936e-08   8.264879e-13   1.175861e-33   4.719187e-59   3.296208e-89  8.960770e-125  4.023965e-165  7.823765e-211  1.411084e-263   0.000000e+00   0.000000e+00   0.000000e+00
         4.8500   7.183757e-06   1.921155e-02   5.860228e-01   3.816236e-01   1.313366e-02   1.161169e-06   8.770742e-11   3.902720e-29   1.345321e-51   2.154199e-78  5.099089e-110  6.039357e-146  1.041834e-186  9.692448e-234  1.386938e-284   0.000000e+00   0.000000e+00
         4.9000   3.193860e-06   1.014433e-02   4.448203e-01   5.052151e-01   3.980425e-02   1.287949e-05   5.353763e-09   4.027366e-25   5.803141e-45   9.324463e-69   7.223041e-97  7.490126e-129  3.365075e-165  3.885706e-207  1.894150e-252   0.000000e+00   0.000000e+00
         4.9500   1.321570e-06   4.999868e-03   3.082571e-01   5.883199e-01   9.831845e-02   1.031965e-04   1.989314e-07   1.460119e-21   4.605072e-39   3.544443e-60   3.751489e-85  1.272526e-113  4.986752e-146  2.009687e-183  8.477952e-224   0.000000e+00   0.000000e+00
         5.0000   5.084759e-07   2.297708e-03   1.954116e-01   6.020497e-01   1.996252e-01   6.106814e-04   4.686301e-06   2.050787e-18   7.901674e-34   1.502073e-52   9.967889e-75  4.595954e-100  5.916827e-129  2.690205e-162  2.895930e-198   0.000000e+00   0.000000e+00
         5.0500   1.817488e-07   9.834239e-04   1.134648e-01   5.447673e-01   3.379712e-01   2.740046e-03   7.304769e-05   1.223293e-15   3.400983e-29   8.821569e-46   1.833573e-65   5.256041e-88  9.297525e-114  1.746220e-143  1.615283e-175   0.000000e+00   0.000000e+00
         5.1000   6.075074e-08   3.944330e-04   6.084887e-02   4.415748e-01   4.867820e-01   9.611580e-03   7.882910e-04   3.382820e-13   4.221666e-25   8.788371e-40   3.084420e-57   2.741166e-77  3.061234e-100  9.717253e-127  2.927905e-155  1.246330e-285   0.000000e+00
         5.1500   1.920179e-08   1.498322e-04   3.051558e-02   3.259317e-01   6.100308e-01   2.721298e-02   6.159093e-03   4.709071e-11   1.723917e-21   1.794019e-34   6.135379e-50   9.109606e-68   3.211484e-88  7.781662e-112  3.217248e-137  1.695620e-253   0.000000e+00
         5.2000   5.678172e-09   5.332928e-05   1.417770e-02   2.188882e-01   6.681940e-01   6.299798e-02   3.568878e-02   3.501176e-09   2.576469e-18   8.799327e-30   1.797858e-43   2.575611e-59   1.546738e-77   1.410808e-98  3.703800e-121  7.196013e-225   0.000000e+00
         5.2500   1.477452e-09   1.673617e-05   5.748328e-03   1.261814e-01   6.063615e-01   1.138902e-01   1.478017e-01   1.387033e-07   1.470829e-15   1.135406e-25   8.966885e-38   7.612857e-52   4.500584e-68   8.238962e-87  6.911627e-107  2.159903e-199  4.846649e-300
         5.3000   2.999024e-10   4.106160e-06   1.804640e-03   5.525853e-02   4.051288e-01   1.438739e-01   3.939273e-01   2.728465e-06   3.115285e-13   3.909256e-22   8.098278e-33   2.643142e-45   9.452976e-60   1.984780e-76   2.884970e-94  8.894882e-177  1.337495e-266
         5.3500   4.592349e-11   7.612553e-07   4.243348e-04   1.782208e-02   1.939117e-01   1.243462e-01   6.634679e-01   2.704534e-05   2.577343e-11   3.929728e-19   1.511968e-28   1.291729e-39   1.814306e-52   2.655519e-67   3.876110e-83  9.797497e-157  6.657804e-237
         5.4000   6.176727e-12   1.240922e-07   8.704688e-05   4.940615e-03   7.785314e-02   8.657400e-02   8.303814e-01   1.636735e-04   1.041514e-09   1.491993e-16   7.841125e-25   1.246394e-34   4.686233e-46   3.069711e-59   2.767054e-73  6.245012e-139  1.734169e-210
         5.4500   8.539208e-13   2.080016e-08   1.823530e-05   1.380285e-03   3.082870e-02   5.737891e-02   9.096630e-01   7.308202e-04   2.551140e-08   2.734533e-14   1.493546e-21   3.261884e-30   2.336472e-40   4.616845e-52   1.666288e-64  4.654377e-123  6.202242e-187
         5.5000   1.306690e-13   3.858941e-09   4.202652e-06   4.192201e-04   1.302171e-02   3.931750e-02   9.445740e-01   2.662937e-03   4.282667e-07   2.806079e-12   1.249161e-18   2.863419e-26   2.889145e-35   1.212105e-45   1.190414e-56  7.071947e-109  6.703578e-166
         5.5500   2.252570e-14   8.061872e-10   1.084918e-06   1.411005e-04   5.994065e-03   2.855696e-02   9.570109e-01   8.290685e-03   5.253928e-06   1.756940e-10   5.135673e-16   9.726619e-23   1.057149e-30   6.887707e-40   1.304621e-49   3.430610e-96  4.220206e-147
         5.6000   4.299789e-15   1.863693e-10   3.084268e-07   5.199771e-05   2.976570e-03   2.182370e-02   9.525816e-01   2.251695e-02   4.883000e-05   7.088511e-09   1.122259e-13   1.419481e-19   1.309165e-26   1.002538e-34   2.694684e-43   7.742740e-85  2.713454e-130
         5.6500   8.894396e-16   4.665522e-11   9.452105e-08   2.050416e-05   1.561002e-03   1.721528e-02   9.271197e-01   5.373236e-02   3.508862e-04   1.910712e-07   1.379279e-11   9.638018e-17   6.099895e-23   4.282637e-30   1.242620e-37   1.121378e-74  2.898240e-115
         5.7000   1.923292e-16   1.219944e-11   3.012746e-08   8.339442e-06   8.345194e-04   1.355383e-02   8.711662e-01   1.124641e-01   1.969426e-03   3.523565e-06   9.934284e-10   3.236777e-14   1.163389e-19   5.999223e-26   1.472536e-32   1.373796e-65  7.851930e-102
         5.7500   4.182366e-17   3.205092e-12   9.610909e-09   3.368795e-06   4.384754e-04   1.028124e-02   7.757388e-01   2.048300e-01   8.662988e-03   4.513773e-05   4.321446e-08   5.637479e-12   9.718791e-17   3.018921e-22   5.044132e-28   1.807106e-57   7.807552e-90
         5.8000   8.898214e-18   8.230153e-13   2.986407e-09   1.316179e-06   2.207139e-04   7.331270e-03   6.409413e-01   3.212169e-01   2.988110e-02   4.062644e-04   1.163337e-06   5.295753e-10   3.765073e-14   5.897595e-19   5.526347e-24   3.145208e-50   3.946053e-79
         5.8500   1.800512e-18   2.007534e-13   8.788235e-10   4.837905e-07   1.036222e-04   4.788927e-03   4.818326e-01   4.297049e-01   8.094973e-02   2.599854e-03   1.984479e-05   2.783122e-08   7.127327e-12   4.797737e-16   2.121392e-20   8.733880e-44   1.356419e-69
         5.9000   3.339639e-19   4.483047e-14   2.360719e-10   1.613304e-07   4.378480e-05   2.767981e-03   3.244853e-01   4.874432e-01   1.730341e-01   1.200447e-02   2.201542e-04   8.495409e-07   6.940180e-10   1.737819e-13   3.108404e-17   4.592117e-38   4.128909e-61
         5.9500   5.691368e-20   9.186478e-15   5.802642e-11   4.894515e-08   1.670619e-05   1.421606e-03   1.937635e-01   4.681223e-01   2.942916e-01   4.073273e-02   1.635772e-03   1.567865e-05   3.663095e-08   2.994400e-11   1.888710e-14   5.359900e-33   1.417322e-53
         6.0000   8.846771e-21   1.714858e-15   1.295777e-11   1.341754e-08   5.719533e-06   6.453674e-04   1.021373e-01   3.817408e-01   4.030699e-01   1.038056e-01   8.411441e-03   1.826397e-04   1.106117e-06   2.623086e-09   5.162047e-12   1.612377e-28   6.856609e-47
         6.0500   1.250440e-21   2.906934e-16   2.620812e-12   3.314551e-09   1.753002e-06   2.586716e-04   4.750180e-02   2.658552e-01   4.506899e-01   2.033118e-01   3.095795e-02   1.402727e-03   2.015824e-05   1.246595e-07   6.862367e-10   1.436182e-24   5.734998e-41
         6.1000   1.578962e-22   4.395775e-17   4.717291e-13   7.251789e-10   4.729672e-07   9.012325e-05   1.951302e-02   1.591097e-01   4.167903e-01   3.126968e-01   8.416153e-02   7.401473e-03   2.331270e-04   3.416060e-06   4.772237e-08   4.299583e-21   9.981332e-36
         6.1500   1.805642e-23   6.010339e-18   7.660597e-14   1.424955e-10   1.139497e-07   2.771135e-05   7.088662e-03   8.227530e-02   3.223679e-01   3.848002e-01   1.737521e-01   2.783914e-02   1.790003e-03   5.705624e-05   1.854465e-06   4.849080e-18   4.268364e-31
         6.2000   1.873283e-24   7.442799e-19   1.124460e-14   2.519935e-11   2.457406e-08   7.546023e-06   2.277969e-03   3.689278e-02   2.103077e-01   3.846317e-01   2.787189e-01   7.702189e-02   9.488852e-03   6.099105e-04   4.268085e-05   2.279263e-15   5.197791e-27
         6.2500   1.754244e-25   8.303898e-20   1.484288e-15   3.991050e-12   4.722131e-09   1.813328e-06   6.452345e-04   1.433270e-02   1.160782e-01   3.150288e-01   3.527864e-01   1.603893e-01   3.578808e-02   4.339501e-03   6.100905e-04   4.864605e-13   2.046741e-23
         6.3000   1.460180e-26   8.218730e-21   1.734720e-16   5.576626e-13   7.967038e-10   3.792705e-07   1.588845e-04   4.768506e-03   5.375094e-02   2.106413e-01   3.530235e-01   2.535463e-01   9.748827e-02   2.103690e-02   5.585080e-03   5.029436e-11   2.884853e-20
         6.3500   1.035727e-27   6.917953e-22   1.720776e-17   6.595447e-14   1.132647e-10   6.633237e-08   3.290820e-05   1.316848e-03   2.029264e-02   1.121700e-01   2.737252e-01   2.999411e-01   1.901825e-01   6.941792e-02   3.292076e-02   2.610262e-09   1.558697e-17
         6.4000   5.943996e-29   4.701854e-23   1.375429e-18   6.263376e-15   1.287513e-11   9.211270e-09   5.454797e-06   2.876135e-04   5.964714e-03   4.557291e-02   1.581423e-01   2.565860e-01   2.581197e-01   1.524821e-01   1.228391e-01   6.868027e-08   3.357367e-15
         6.4500   2.729748e-30   2.552164e-24   8.761204e-20   4.724362e-16   1.157833e-12   1.005496e-09   7.097546e-07   4.878853e-05   1.342956e-03   1.393467e-02   6.736277e-02   1.576964e-01   2.432819e-01   2.238253e-01   2.925056e-01   9.457825e-07   3.054998e-13
         6.5000   1.071648e-31   1.181940e-25   4.751119e-21   3.024362e-17   8.803857e-14   9.227191e-11   7.751169e-08   6.879579e-06   2.482699e-04   3.444991e-03   2.278719e-02   7.525391e-02   1.727874e-01   2.393898e-01   4.860739e-01   7.611832e-06   1.342264e-11
         6.5500   4.027026e-33   5.229730e-27   2.456382e-22   1.840480e-18   6.341431e-15   7.979672e-12   7.962790e-09   9.045119e-07   4.232641e-05   7.748416e-04   6.902899e-03   3.153195e-02   1.049351e-01   2.125310e-01   6.432394e-01   4.161103e-05   3.378900e-10
         6.6000   1.580752e-34   2.412942e-28   1.321525e-23   1.162330e-19   4.724819e-16   7.104866e-13   8.405797e-10   1.212165e-07   7.282708e-06   1.737832e-04   2.056159e-03   1.276867e-02   6.015503e-02   1.734576e-01   7.512074e-01   1.739748e-04   5.589750e-09
         6.6500   6.787675e-36   1.215861e-29   7.749147e-25   7.980492e-21   3.815637e-17   6.827962e-14   9.558917e-11   1.736856e-08   1.327822e-06   4.086048e-05   6.340814e-04   5.271733e-03   3.442642e-02   1.379964e-01   8.210308e-01   5.981980e-04   6.643069e-08
         6.7000   3.249370e-37   6.819943e-31   5.048547e-26   6.073601e-22   3.405993e-18   7.225772e-15   1.194708e-11   2.716143e-09   2.620736e-07   1.030032e-05   2.073033e-04   2.276212e-03   2.021711e-02   1.102253e-01   8.652986e-01   1.764310e-03   6.003080e-07
         6.7500   1.731083e-38   4.250960e-32   3.648487e-27   5.116311e-23   3.356637e-19   8.414741e-16   1.648681e-12   4.659386e-10   5.631293e-08   2.802296e-06   7.240908e-05   1.037332e-03   1.231810e-02   8.952501e-02   8.924602e-01   4.579781e-03   4.288056e-06
         6.8000   1.024288e-39   2.938824e-33   2.919524e-28   4.762692e-24   3.646841e-20   1.076991e-16   2.505305e-13   8.747930e-11   1.315063e-08   8.219256e-07   2.701749e-05   4.994815e-04   7.805744e-03   7.422192e-02   9.067801e-01   1.063997e-02   2.491027e-05
         6.8500   6.686133e-41   2.238362e-34   2.569791e-29   4.867765e-25   4.340616e-21   1.505858e-17   4.152599e-14   1.781310e-11   3.309397e-09   2.578691e-07   1.069336e-05   2.526197e-04   5.121400e-03   6.261782e-02   9.094912e-01   2.238573e-02   1.203232e-04
         6.9000   4.745709e-42   1.851438e-35   2.452858e-30   5.385724e-26   5.581340e-22   2.268796e-18   7.404325e-15   3.881059e-12   8.858384e-10   8.547215e-08   4.437079e-06   1.327584e-04   3.446409e-03   5.332733e-02   8.995843e-01   4.301281e-02   4.918736e-04
         6.9500   3.614260e-43   1.641149e-36   2.505675e-31   6.366992e-27   7.653925e-23   3.637044e-19   1.402221e-15   8.935668e-13   2.491964e-10   2.958741e-08   1.909045e-06   7.174075e-05   2.355768e-03   4.546903e-02   8.744648e-01   7.591110e-02   1.725665e-03
         7.0000   2.905837e-44   1.533922e-37   2.695504e-32   7.914631e-28   1.101734e-23   6.106829e-20   2.776243e-16   2.140632e-13   7.257300e-11   1.054248e-08   8.398862e-07   3.933850e-05   1.615619e-03   3.839890e-02   8.311876e-01   1.235043e-01   5.253344e-03
         7.0500   2.415074e-45   1.480355e-38   2.990393e-33   1.013176e-28   1.630490e-24   1.052138e-20   5.629458e-17   5.228453e-14   2.145111e-11   3.793322e-09   3.709861e-07   2.151586e-05   1.094686e-03   3.167670e-02   7.676486e-01   1.855655e-01   1.399266e-02
         7.1000   2.049973e-46   1.457486e-39   3.380492e-34   1.319844e-29   2.451774e-25   1.838462e-21   1.155523e-17   1.287262e-14   6.363463e-12   1.363186e-09   1.627471e-07   1.161199e-05   7.251742e-04   2.529968e-02   6.837289e-01   2.574397e-01   3.279475e-02
         7.1500   1.752288e-47   1.443509e-40   3.839871e-35   1.725427e-30   3.694528e-26   3.213743e-22   2.368389e-18   3.152053e-15   1.869788e-12   4.830495e-10   7.003527e-08   6.111017e-06   4.645448e-04   1.937877e-02   5.828606e-01   3.293868e-01   6.790303e-02
         7.2000   1.489503e-48   1.420262e-41   4.328310e-36   2.235707e-31   5.510617e-27   5.551804e-23   4.788351e-19   7.585168e-16   5.378597e-13   1.668694e-10   2.924060e-08   3.103173e-06   2.850249e-04   1.411947e-02   4.725541e-01   3.883568e-01   1.246815e-01
         7.2500   1.240262e-49   1.367504e-42   4.769624e-37   2.828807e-32   8.016143e-28   9.339514e-24   9.409685e-20   1.768025e-16   1.493681e-13   5.545404e-11   1.169834e-08   1.503502e-06   1.659542e-04   9.707746e-03   3.632834e-01   4.226428e-01   2.041986e-01
         7.3000   1.013838e-50   1.291412e-43   5.149936e-38   3.503286e-33   1.139983e-28   1.533773e-24   1.801807e-20   4.002614e-17   4.015339e-14   1.777386e-11   4.495344e-09   6.965183e-07   9.189723e-05   6.319105e-03   2.653538e-01   4.270721e-01   3.011624e-01
         7.3500   8.189653e-52   1.204080e-44   5.484931e-39   4.275182e-34   1.595697e-29   2.475877e-25   3.385235e-21   8.863706e-18   1.052530e-14   5.535844e-12   1.672080e-09   3.109650e-07   4.879414e-05   3.929781e-03   1.855144e-01   4.049504e-01   4.055564e-01
         7.4000   6.589078e-53   1.117217e-45   5.808345e-40   5.182318e-35   2.216321e-30   3.960672e-26   6.291877e-22   1.936177e-18   2.713410e-15   1.690257e-12   6.074747e-10   1.350477e-07   2.508926e-05   2.359838e-03   1.254904e-01   3.652092e-01   5.069154e-01
         7.4500   5.326879e-54   1.040764e-46   6.170321e-41   6.296064e-36   3.082189e-31   6.336250e-27   1.167903e-22   4.212556e-19   6.947875e-16   5.110436e-13   2.177943e-10   5.765594e-08   1.263202e-05   1.384404e-03   8.309679e-02   3.176436e-01   5.978625e-01
         7.5000   4.340879e-55   9.765122e-48   6.596832e-42   7.691491e-37   4.306083e-32   1.017181e-27   2.175993e-23   9.176919e-20   1.777002e-16   1.539352e-13   7.757248e-11   2.437741e-08   6.280260e-06   8.005131e-04   5.442413e-02   2.697035e-01   6.750655e-01
         7.5500   3.579739e-56   9.264828e-49   7.126456e-43   9.486543e-38   6.068468e-33   1.645337e-28   4.079850e-24   2.007203e-20   4.552734e-17   4.633519e-14   2.753715e-11   1.024479e-08   3.097530e-06   4.585338e-04   3.554057e-02   2.257042e-01   7.382936e-01
         7.6000   3.022672e-57   8.993756e-50   7.871290e-44   1.195383e-38   8.730092e-34   2.713911e-29   7.790708e-25   4.461825e-21   1.182779e-17   1.410748e-14   9.860148e-12   4.329266e-09   1.531926e-06   2.630538e-04   2.327235e-02   1.874640e-01   7.889991e-01
         7.6500   2.619165e-58   8.952996e-51   8.909364e-45   1.542493e-39   1.285109e-34   4.575963e-30   1.518917e-25   1.010664e-21   3.124622e-18   4.357564e-15   3.572456e-12   1.845743e-09   7.624559e-07   1.517216e-04   1.533662e-02   1.552707e-01   8.292401e-01
         7.7000   2.331078e-59   9.147921e-52   1.034416e-45   2.040313e-40   1.937782e-35   7.895900e-31   3.027032e-26   2.335805e-22   8.405859e-19   1.367714e-15   1.312045e-12   7.954904e-10   3.827440e-07   8.818678e-05   1.019363e-02   1.286479e-01   8.610699e-01
         7.7500   2.130804e-60   9.593730e-53   1.231946e-46   2.766612e-41   2.993336e-36   1.394500e-31   6.167479e-27   5.509857e-23   2.303863e-19   4.364878e-16   4.888460e-13   3.469215e-10   1.940145e-07   5.172158e-05   6.840914e-03   1.068293e-01   8.862779e-01
         7.8000   1.999152e-61   1.032046e-53   1.504141e-47   3.843700e-42   4.734614e-37   2.519691e-32   1.284221e-27   1.326187e-23   6.432261e-20   1.416379e-16   1.848046e-13   1.531488e-10   9.936272e-08   3.062780e-05   4.637136e-03   8.900887e-02   9.063233e-01
         7.8500   1.923101e-62   1.137651e-54   1.880850e-48   5.466225e-43   7.661239e-38   4.653900e-33   2.730620e-28   3.254911e-24   1.828353e-20   4.671253e-17   7.086870e-14   6.842926e-11   5.141692e-08   1.831424e-05   3.174662e-03   7.445155e-02   9.223554e-01
         7.9000   1.886565e-63   1.278170e-55   2.395939e-49   7.915308e-44   1.261606e-38   8.741258e-34   5.898431e-29   8.105228e-25   5.266354e-21   1.559114e-17   2.746502e-14   3.085291e-11   2.682436e-08   1.103456e-05   2.194265e-03   6.253128e-02   9.352634e-01
         7.9500   1.884451e-64   1.461437e-56   3.104642e-50   1.165374e-44   2.111307e-39   1.667371e-34   1.292680e-29   2.045303e-25   1.535223e-21   5.259608e-18   1.074246e-14   1.401831e-11   1.409210e-08   6.691287e-06   1.530299e-03   5.273360e-02   9.457294e-01
         8.0000   1.921890e-65   1.705223e-57   4.103698e-51   1.749483e-45   3.601054e-40   3.239367e-35   2.882737e-30   5.246114e-26   4.543313e-22   1.798772e-18   4.253140e-15   6.436235e-12   7.471220e-09   4.092688e-06   1.076129e-03   4.464393e-02   9.542758e-01
         8.0500   1.998299e-66   2.027500e-58   5.525231e-52   2.674233e-46   6.251338e-41   6.401656e-36   6.533242e-31   1.366114e-26   1.363414e-22   6.230111e-19   1.702899e-15   2.983646e-12   3.994542e-09   2.523180e-06   7.624870e-04   3.793152e-02   9.613035e-01
         8.1000   2.115181e-67   2.452992e-59   7.567073e-53   4.156609e-47   1.103067e-41   1.285196e-36   1.502863e-31   3.607353e-27   4.144290e-23   2.183026e-19   6.888537e-16   1.395323e-12   2.152153e-09   1.566766e-06   5.439367e-04   3.233366e-02   9.671208e-01
         8.1500   2.276112e-68   3.015785e-60   1.052773e-53   6.560983e-48   1.975928e-42   2.617969e-37   3.504829e-32   9.648423e-28   1.274613e-23   7.730962e-20   2.812723e-16   6.577457e-13   1.167574e-09   9.791560e-07   3.903707e-04   2.764189e-02   9.719668e-01
         8.2000   2.486877e-69   3.763033e-61   1.486098e-54   1.050456e-48   3.589076e-43   5.405036e-38   8.277726e-33   2.611260e-28   3.962752e-24   2.764584e-20   1.158324e-16   3.123014e-13   6.373800e-10   6.154467e-07   2.816351e-04   2.369048e-02   9.760273e-01
         8.2500   2.755486e-70   4.759774e-62   2.125964e-55   1.703984e-49   6.603123e-44   1.129800e-38   1.977887e-33   7.143950e-29   1.244226e-24   9.973911e-21   4.807091e-17   1.492457e-13   3.498761e-10   3.887947e-07   2.041037e-04   2.034734e-02   9.794482e-01
         8.3000   3.092586e-71   6.096066e-63   3.078753e-56   2.797421e-50   1.229160e-44   2.388510e-39   4.776523e-34   1.973845e-29   3.941860e-25   3.627268e-21   2.008846e-17   7.173507e-14   1.929904e-10   2.466877e-07   1.484744e-04   1.750672e-02   9.823446e-01
         8.3500   3.512010e-72   7.897079e-64   4.508718e-57   4.643148e-51   2.312749e-45   5.102220e-40   1.164787e-34   5.502954e-30   1.259062e-25   1.328742e-21   8.447230e-18   3.465592e-14   1.069024e-10   1.571082e-07   1.083379e-04   1.508362e-02   9.848079e-01
         8.4000   4.031150e-73   1.033648e-64   6.670153e-58   7.783650e-52   4.394133e-46   1.100211e-40   2.865518e-35   1.546683e-30   4.051108e-26   4.899019e-22   3.571665e-18   1.681706e-14   5.942799e-11   1.003686e-07   7.923905e-05   1.300930e-02   9.869114e-01
         8.4500   4.671653e-74   1.365538e-65   9.957892e-59   1.316504e-52   8.421777e-47   2.392505e-41   7.105175e-36   4.378648e-31   1.311940e-26   1.816521e-22   1.517385e-18   8.191348e-15   3.313358e-11   6.427877e-08   5.805507e-05   1.122796e-02   9.887139e-01
         8.5000   5.460299e-75   1.818873e-66   1.498642e-59   2.244329e-53   1.626617e-47   5.241635e-42   1.774016e-36   1.247454e-31   4.272680e-27   6.768462e-23   6.472460e-19   4.002218e-15   1.851583e-11   4.124133e-08   4.258015e-05   9.693990e-03   9.902634e-01
         8.5500   6.429987e-76   2.440155e-67   2.271349e-60   3.852467e-54   3.162922e-48   1.155847e-42   4.456060e-37   3.573346e-32   1.398213e-27   2.532322e-23   2.769981e-19   1.960188e-15   1.036442e-11   2.649263e-08   3.124468e-05   8.369945e-03   9.915988e-01
         8.6000   7.619197e-77   3.293155e-68   3.462541e-61   6.650513e-55   6.184371e-49   2.562400e-43   1.124772e-37   1.028074e-32   4.593059e-28   9.504635e-24   1.188430e-19   9.617224e-16   5.807778e-12   1.702874e-08   2.292426e-05   7.224892e-03   9.927522e-01
         8.6500   9.052544e-78   4.455011e-69   5.290533e-62   1.150558e-55   1.211675e-49   5.691088e-44   2.843173e-38   2.960731e-33   1.509570e-28   3.567525e-24   5.096458e-20   4.714120e-16   3.250955e-12   1.092904e-08   1.680841e-05   6.233138e-03   9.937500e-01
         8.7000   1.080175e-78   6.051066e-70   8.115347e-63   1.998082e-56   2.382759e-50   1.268454e-44   7.209597e-39   8.549920e-34   4.972517e-29   1.341315e-24   2.187897e-20   2.311637e-16   1.819396e-12   7.009828e-09   1.230966e-05   5.373216e-03   9.946145e-01
         8.7500   1.293324e-79   8.245055e-71   1.248691e-63   3.480254e-57   4.699198e-51   2.834913e-45   1.832548e-39   2.473997e-34   1.640483e-29   5.048287e-25   9.396934e-21   1.133358e-16   1.017513e-12   4.490999e-09   9.000037e-06   4.627087e-03   9.953639e-01
         8.8000   1.552537e-80   1.126082e-71   1.925677e-64   6.074991e-58   9.286794e-52   6.348134e-46   4.665576e-40   7.167942e-35   5.416742e-30   1.900735e-25   4.035331e-21   5.552623e-17   5.683589e-13   2.872548e-09   6.566395e-06   3.979501e-03   9.960139e-01
         8.8500   1.867073e-81   1.540382e-72   2.974156e-65   1.061921e-58   1.837743e-52   1.423243e-46   1.188934e-40   2.078065e-35   1.788957e-30   7.154871e-26   1.731653e-21   2.716984e-17   3.169333e-13   1.833485e-09   4.778767e-06   3.417491e-03   9.965777e-01
         8.9000   2.247869e-82   2.109010e-73   4.597364e-66   1.857659e-59   3.639149e-53   3.192744e-47   3.030741e-41   6.024786e-36   5.906326e-31   2.691273e-26   7.421970e-22   1.327206e-17   1.763571e-13   1.167336e-09   3.467754e-06   2.929966e-03   9.970666e-01
         8.9500   2.707761e-83   2.888438e-74   7.108279e-67   3.250245e-60   7.207137e-54   7.162389e-48   7.724068e-42   1.745904e-36   1.948408e-31   1.011092e-26   3.175912e-22   6.469651e-18   9.788988e-14   7.410868e-10   2.508292e-06   2.507386e-03   9.974901e-01
         9.0000   3.261711e-84   3.955046e-75   1.098760e-67   5.684822e-61   1.426760e-54   1.605990e-48   1.967164e-42   5.054707e-37   6.419468e-32   3.792473e-27   1.356259e-22   3.146025e-18   5.418257e-14   4.689853e-10   1.807902e-06   2.141503e-03   9.978567e-01
