# pyathena.photchem atomic data : MgII
# CHIANTI source : ion mg_2
# Levels kept    : lowest 3 of CHIANTI (padded to 5 if smaller)
# T grid tier    : warm
# T grid         : 80 log-spaced points, 1e+03 K -> 5e+05 K
# Generated by   : pyathena/photchem/data/build_chianti_tables.py
#
# Indices below are 0-based pyathena indices (level 0 = ground).
# CHIANTI level numbers are 1-based and shown for cross-reference.
#
LEVELS N=3
# idx  chianti_lvl  conf            term       j     g    E_erg            E_K
0     1            3s              2S0.5      0.5   2     0.000000e+00   0.000000e+00
1     2            3p              2P0.5      0.5   2     7.083923e-12   5.130865e+04
2     3            3p              2P1.5      1.5   4     7.102114e-12   5.144040e+04

A_COEFFS N=2
# upper_idx  lower_idx   A [s^-1]
1           0            2.510000e+08
2           0            2.520000e+08

T_GRID N=80
 1.000000e+03
 1.081843e+03
 1.170384e+03
 1.266171e+03
 1.369799e+03
 1.481907e+03
 1.603190e+03
 1.734400e+03
 1.876348e+03
 2.029914e+03
 2.196048e+03
 2.375779e+03
 2.570219e+03
 2.780573e+03
 3.008143e+03
 3.254338e+03
 3.520682e+03
 3.808825e+03
 4.120550e+03
 4.457788e+03
 4.822626e+03
 5.217323e+03
 5.644324e+03
 6.106271e+03
 6.606026e+03
 7.146682e+03
 7.731586e+03
 8.364361e+03
 9.048924e+03
 9.789514e+03
 1.059072e+04
 1.145749e+04
 1.239520e+04
 1.340966e+04
 1.450715e+04
 1.569445e+04
 1.697893e+04
 1.836854e+04
 1.987187e+04
 2.149824e+04
 2.325772e+04
 2.516120e+04
 2.722046e+04
 2.944826e+04
 3.185839e+04
 3.446577e+04
 3.728655e+04
 4.033818e+04
 4.363957e+04
 4.721116e+04
 5.107506e+04
 5.525519e+04
 5.977743e+04
 6.466978e+04
 6.996254e+04
 7.568847e+04
 8.188303e+04
 8.858457e+04
 9.583459e+04
 1.036780e+05
 1.121633e+05
 1.213430e+05
 1.312741e+05
 1.420179e+05
 1.536411e+05
 1.662155e+05
 1.798191e+05
 1.945360e+05
 2.104573e+05
 2.276818e+05
 2.463159e+05
 2.664751e+05
 2.882841e+05
 3.118781e+05
 3.374031e+05
 3.650172e+05
 3.948912e+05
 4.272102e+05
 4.621743e+05
 5.000000e+05

UPSILON_E N_trans=3
# upper_idx  lower_idx   upsilon(T_GRID[0]..T_GRID[N-1])
1           0            5.329685e+00  5.337497e+00  5.345874e+00  5.354845e+00  5.364438e+00  5.374676e+00  5.385580e+00  5.397166e+00  5.409444e+00  5.422415e+00  5.436090e+00  5.450512e+00  5.465742e+00  5.481849e+00  5.498919e+00  5.517058e+00  5.536388e+00  5.557059e+00  5.579246e+00  5.603094e+00  5.628688e+00  5.656106e+00  5.685421e+00  5.716704e+00  5.750022e+00  5.785436e+00  5.823006e+00  5.862787e+00  5.904835e+00  5.949207e+00  5.995961e+00  6.045158e+00  6.096864e+00  6.151151e+00  6.208102e+00  6.267811e+00  6.330385e+00  6.395947e+00  6.464634e+00  6.536686e+00  6.612735e+00  6.693513e+00  6.779723e+00  6.872032e+00  6.971062e+00  7.077392e+00  7.191553e+00  7.314029e+00  7.445422e+00  7.586691e+00  7.738730e+00  7.902293e+00  8.078009e+00  8.266395e+00  8.467865e+00  8.682744e+00  8.911283e+00  9.153947e+00  9.411510e+00  9.684591e+00  9.973645e+00  1.027898e+01  1.060078e+01  1.093913e+01  1.129403e+01  1.166538e+01  1.205304e+01  1.245681e+01  1.287634e+01  1.331019e+01  1.375650e+01  1.421369e+01  1.468040e+01  1.515552e+01  1.563805e+01  1.612717e+01  1.662215e+01  1.712244e+01  1.762800e+01  1.813895e+01
2           0            1.063618e+01  1.064990e+01  1.066462e+01  1.068040e+01  1.069731e+01  1.071540e+01  1.073475e+01  1.075542e+01  1.077747e+01  1.080097e+01  1.082601e+01  1.085276e+01  1.088144e+01  1.091232e+01  1.094571e+01  1.098201e+01  1.102167e+01  1.106523e+01  1.111332e+01  1.116636e+01  1.122436e+01  1.128717e+01  1.135455e+01  1.142615e+01  1.150149e+01  1.157996e+01  1.166084e+01  1.174332e+01  1.182721e+01  1.191297e+01  1.200115e+01  1.209241e+01  1.218745e+01  1.228707e+01  1.239211e+01  1.250344e+01  1.262198e+01  1.274865e+01  1.288439e+01  1.303008e+01  1.318637e+01  1.335387e+01  1.353315e+01  1.372478e+01  1.392932e+01  1.414731e+01  1.437928e+01  1.462576e+01  1.488788e+01  1.516858e+01  1.547073e+01  1.579677e+01  1.614870e+01  1.652817e+01  1.693650e+01  1.737472e+01  1.784358e+01  1.834347e+01  1.887436e+01  1.943609e+01  2.002844e+01  2.065117e+01  2.130395e+01  2.198643e+01  2.269822e+01  2.343889e+01  2.420796e+01  2.500492e+01  2.582916e+01  2.667935e+01  2.755375e+01  2.845082e+01  2.936919e+01  3.030761e+01  3.126495e+01  3.224015e+01  3.323224e+01  3.424023e+01  3.526265e+01  3.629796e+01
2           1            5.781119e+00  5.777516e+00  5.773648e+00  5.769503e+00  5.765076e+00  5.760366e+00  5.755377e+00  5.750122e+00  5.744624e+00  5.738923e+00  5.733096e+00  5.727310e+00  5.721809e+00  5.716928e+00  5.713124e+00  5.711002e+00  5.711361e+00  5.715233e+00  5.723940e+00  5.738635e+00  5.759893e+00  5.788130e+00  5.823595e+00  5.866296e+00  5.915911e+00  5.971689e+00  6.032323e+00  6.095885e+00  6.161025e+00  6.227203e+00  6.293776e+00  6.359957e+00  6.424796e+00  6.487164e+00  6.545738e+00  6.598992e+00  6.645189e+00  6.682377e+00  6.708395e+00  6.721166e+00  6.720053e+00  6.705142e+00  6.676835e+00  6.635865e+00  6.583302e+00  6.520543e+00  6.449294e+00  6.371532e+00  6.289097e+00  6.202903e+00  6.113740e+00  6.022444e+00  5.929882e+00  5.836923e+00  5.744424e+00  5.653204e+00  5.564030e+00  5.477599e+00  5.394526e+00  5.315335e+00  5.240455e+00  5.170216e+00  5.104851e+00  5.044498e+00  4.989211e+00  4.938965e+00  4.893662e+00  4.853149e+00  4.817215e+00  4.785521e+00  4.757669e+00  4.733281e+00  4.712003e+00  4.693506e+00  4.677483e+00  4.663655e+00  4.651765e+00  4.641599e+00  4.633057e+00  4.626061e+00

UPSILON_P N_trans=0
# upper_idx  lower_idx   upsilon(T_GRID[0]..T_GRID[N-1])

