# pyathena.photchem atomic data : NI
# CHIANTI source : ion n_1
# Levels kept    : lowest 5 of CHIANTI (padded to 5 if smaller)
# T grid tier    : cold
# T grid         : 80 log-spaced points, 10 K -> 1e+05 K
# Generated by   : pyathena/photchem/data/build_chianti_tables.py
#
# Indices below are 0-based pyathena indices (level 0 = ground).
# CHIANTI level numbers are 1-based and shown for cross-reference.
#
LEVELS N=5
# idx  chianti_lvl  conf            term       j     g    E_erg            E_K
0     1            2s2.2p3         4S1.5      1.5   4     0.000000e+00   0.000000e+00
1     3            2s2.2p3         2D2.5      2.5   6     3.817979e-12   2.765351e+04
2     2            2s2.2p3         2D1.5      1.5   4     3.819709e-12   2.766604e+04
3     4            2s2.2p3         2P0.5      0.5   2     5.727410e-12   4.148346e+04
4     5            2s2.2p3         2P1.5      1.5   4     5.727486e-12   4.148401e+04

A_COEFFS N=9
# upper_idx  lower_idx   A [s^-1]
1           0            7.797000e-06
2           0            2.060000e-05
2           1            1.069000e-08
3           0            2.611000e-03
3           1            3.303000e-02
3           2            5.055000e-02
4           0            6.518000e-03
4           1            5.881000e-02
4           2            2.637000e-02

T_GRID N=80
 1.000000e+01
 1.123655e+01
 1.262600e+01
 1.418727e+01
 1.594159e+01
 1.791284e+01
 2.012785e+01
 2.261676e+01
 2.541343e+01
 2.855592e+01
 3.208700e+01
 3.605471e+01
 4.051305e+01
 4.552268e+01
 5.115178e+01
 5.747694e+01
 6.458424e+01
 7.257040e+01
 8.154407e+01
 9.162739e+01
 1.029576e+02
 1.156888e+02
 1.299942e+02
 1.460686e+02
 1.641307e+02
 1.844263e+02
 2.072315e+02
 2.328566e+02
 2.616505e+02
 2.940048e+02
 3.303599e+02
 3.712105e+02
 4.171125e+02
 4.686904e+02
 5.266462e+02
 5.917686e+02
 6.649436e+02
 7.471671e+02
 8.395579e+02
 9.433732e+02
 1.060026e+03
 1.191103e+03
 1.338389e+03
 1.503887e+03
 1.689850e+03
 1.898808e+03
 2.133605e+03
 2.397435e+03
 2.693889e+03
 3.027002e+03
 3.401305e+03
 3.821893e+03
 4.294488e+03
 4.825522e+03
 5.422221e+03
 6.092705e+03
 6.846097e+03
 7.692650e+03
 8.643883e+03
 9.712740e+03
 1.091377e+04
 1.226331e+04
 1.377972e+04
 1.548365e+04
 1.739828e+04
 1.954966e+04
 2.196707e+04
 2.468340e+04
 2.773563e+04
 3.116527e+04
 3.501900e+04
 3.934927e+04
 4.421500e+04
 4.968240e+04
 5.582586e+04
 6.272900e+04
 7.048574e+04
 7.920164e+04
 8.899530e+04
 1.000000e+05

UPSILON_E N_trans=10
# upper_idx  lower_idx   upsilon(T_GRID[0]..T_GRID[N-1])
1           0            2.739861e-04  3.080252e-04  3.463151e-04  3.893922e-04  4.378622e-04  4.924091e-04  5.538060e-04  6.229272e-04  7.007620e-04  7.884308e-04  8.872037e-04  9.985215e-04  1.124020e-03  1.265560e-03  1.425257e-03  1.605524e-03  1.809111e-03  2.039161e-03  2.299268e-03  2.593549e-03  2.926725e-03  3.304218e-03  3.732264e-03  4.218041e-03  4.769822e-03  5.397150e-03  6.111043e-03  6.924221e-03  7.851373e-03  8.909454e-03  1.011801e-02  1.149954e-02  1.307989e-02  1.488861e-02  1.695940e-02  1.933044e-02  2.204471e-02  2.515014e-02  2.869971e-02  3.275116e-02  3.736681e-02  4.261910e-02  4.859257e-02  5.537797e-02  6.306995e-02  7.176404e-02  8.155201e-02  9.250507e-02  1.046675e-01  1.180611e-01  1.327091e-01  1.486961e-01  1.660928e-01  1.849303e-01  2.052073e-01  2.270151e-01  2.504537e-01  2.755316e-01  3.021002e-01  3.298134e-01  3.583569e-01  3.879012e-01  4.186838e-01  4.507222e-01  4.836172e-01  5.165456e-01  5.490232e-01  5.819198e-01  6.160990e-01  6.518233e-01  6.878035e-01  7.215052e-01  7.513835e-01  7.767329e-01  7.974091e-01  8.136216e-01  8.257841e-01  8.344101e-01  8.400431e-01  8.432115e-01
2           0            1.500118e-04  1.687437e-04  1.898395e-04  2.136038e-04  2.403820e-04  2.705665e-04  3.046029e-04  3.429985e-04  3.863309e-04  4.352593e-04  4.905365e-04  5.530238e-04  6.237082e-04  7.037225e-04  7.943692e-04  8.971484e-04  1.013791e-03  1.146298e-03  1.296985e-03  1.468539e-03  1.664082e-03  1.887243e-03  2.142251e-03  2.434036e-03  2.768350e-03  3.151904e-03  3.592530e-03  4.099363e-03  4.683043e-03  5.355941e-03  6.132406e-03  7.029025e-03  8.064891e-03  9.261863e-03  1.064481e-02  1.224181e-02  1.408425e-02  1.620688e-02  1.864762e-02  2.144726e-02  2.464885e-02  2.829656e-02  3.243441e-02  3.710484e-02  4.234697e-02  4.819446e-02  5.467576e-02  6.185632e-02  6.983931e-02  7.872641e-02  8.859305e-02  9.944450e-02  1.112510e-01  1.239566e-01  1.374935e-01  1.519072e-01  1.672788e-01  1.836315e-01  2.009568e-01  2.192397e-01  2.384162e-01  2.584657e-01  2.793341e-01  3.008861e-01  3.228351e-01  3.447447e-01  3.663730e-01  3.883061e-01  4.111033e-01  4.349290e-01  4.589174e-01  4.813810e-01  5.012927e-01  5.181838e-01  5.319593e-01  5.427596e-01  5.508609e-01  5.566057e-01  5.603562e-01  5.624648e-01
2           1            6.035912e-05  6.795070e-05  7.651450e-05  8.617948e-05  9.709285e-05  1.094229e-04  1.233622e-04  1.391320e-04  1.569863e-04  1.772179e-04  2.001647e-04  2.262180e-04  2.558313e-04  2.895324e-04  3.279367e-04  3.717635e-04  4.218562e-04  4.792060e-04  5.449811e-04  6.205620e-04  7.075836e-04  8.079869e-04  9.240809e-04  1.058618e-03  1.214884e-03  1.396806e-03  1.609082e-03  1.857333e-03  2.148286e-03  2.489985e-03  2.892033e-03  3.365872e-03  3.925098e-03  4.585801e-03  5.366930e-03  6.290670e-03  7.382802e-03  8.673029e-03  1.019521e-02  1.198748e-02  1.409282e-02  1.657571e-02  1.952992e-02  2.306709e-02  2.731539e-02  3.241733e-02  3.852353e-02  4.574825e-02  5.415922e-02  6.380115e-02  7.473409e-02  8.712311e-02  1.011266e-01  1.168569e-01  1.343771e-01  1.537613e-01  1.750479e-01  1.981880e-01  2.231417e-01  2.499561e-01  2.786158e-01  3.093814e-01  3.424587e-01  3.777827e-01  4.148267e-01  4.526082e-01  4.906326e-01  5.306626e-01  5.743407e-01  6.221745e-01  6.720338e-01  7.197058e-01  7.625426e-01  7.992380e-01  8.293905e-01  8.531779e-01  8.711209e-01  8.839174e-01  8.923303e-01  8.971155e-01
3           0            1.184665e-05  1.343202e-05  1.524471e-05  1.732091e-05  1.970335e-05  2.244258e-05  2.559868e-05  2.924311e-05  3.346122e-05  3.835510e-05  4.404719e-05  5.068461e-05  5.844447e-05  6.754029e-05  7.822977e-05  9.082425e-05  1.057000e-04  1.233117e-04  1.442088e-04  1.690544e-04  1.986480e-04  2.339509e-04  2.761168e-04  3.265248e-04  3.868167e-04  4.589372e-04  5.451749e-04  6.482030e-04  7.711152e-04  9.174530e-04  1.091216e-03  1.296847e-03  1.539180e-03  1.823339e-03  2.154561e-03  2.537944e-03  2.978077e-03  3.478555e-03  4.041359e-03  4.666096e-03  5.349656e-03  6.098671e-03  6.935973e-03  7.892538e-03  9.007860e-03  1.033037e-02  1.191479e-02  1.377616e-02  1.588184e-02  1.818358e-02  2.063865e-02  2.325579e-02  2.605319e-02  2.904567e-02  3.224969e-02  3.574384e-02  3.963137e-02  4.399024e-02  4.877803e-02  5.375840e-02  5.873534e-02  6.377356e-02  6.901344e-02  7.453404e-02  8.025385e-02  8.591279e-02  9.134906e-02  9.671799e-02  1.022053e-01  1.078927e-01  1.136071e-01  1.189660e-01  1.237305e-01  1.277879e-01  1.311113e-01  1.337294e-01  1.357037e-01  1.371128e-01  1.380409e-01  1.385710e-01
3           1            1.310732e-02  1.314894e-02  1.319569e-02  1.324819e-02  1.330714e-02  1.337334e-02  1.344766e-02  1.353110e-02  1.362476e-02  1.372989e-02  1.384786e-02  1.398023e-02  1.412873e-02  1.429528e-02  1.448204e-02  1.469140e-02  1.492603e-02  1.518889e-02  1.548326e-02  1.581276e-02  1.618141e-02  1.659362e-02  1.705423e-02  1.756854e-02  1.814231e-02  1.878180e-02  1.949374e-02  2.028531e-02  2.116414e-02  2.213821e-02  2.321578e-02  2.440523e-02  2.571489e-02  2.715281e-02  2.872641e-02  3.044212e-02  3.230494e-02  3.431787e-02  3.648136e-02  3.879265e-02  4.124537e-02  4.383502e-02  4.656147e-02  4.942490e-02  5.242578e-02  5.556495e-02  5.884643e-02  6.232784e-02  6.612298e-02  7.035871e-02  7.512760e-02  8.039434e-02  8.608622e-02  9.211947e-02  9.841753e-02  1.050424e-01  1.121145e-01  1.197147e-01  1.278969e-01  1.367001e-01  1.461239e-01  1.561855e-01  1.668726e-01  1.781163e-01  1.897830e-01  2.016839e-01  2.137666e-01  2.267545e-01  2.412887e-01  2.575698e-01  2.748084e-01  2.914397e-01  3.064703e-01  3.193981e-01  3.300534e-01  3.384804e-01  3.448509e-01  3.494042e-01  3.524057e-01  3.541203e-01
3           2            2.257483e-02  2.261762e-02  2.266575e-02  2.271988e-02  2.278077e-02  2.284927e-02  2.292633e-02  2.301304e-02  2.311063e-02  2.322047e-02  2.334412e-02  2.348334e-02  2.364013e-02  2.381672e-02  2.401566e-02  2.423982e-02  2.449243e-02  2.477715e-02  2.509811e-02  2.545993e-02  2.586783e-02  2.632766e-02  2.684593e-02  2.742990e-02  2.808759e-02  2.882778e-02  2.966003e-02  3.059458e-02  3.164222e-02  3.281406e-02  3.412119e-02  3.557414e-02  3.718219e-02  3.895238e-02  4.088826e-02  4.298834e-02  4.524411e-02  4.763784e-02  5.014002e-02  5.270660e-02  5.527825e-02  5.782611e-02  6.037424e-02  6.296900e-02  6.567993e-02  6.860109e-02  7.184470e-02  7.543395e-02  7.929082e-02  8.331626e-02  8.744541e-02  9.176031e-02  9.637123e-02  1.013790e-01  1.068578e-01  1.127627e-01  1.189822e-01  1.254054e-01  1.320440e-01  1.391209e-01  1.468114e-01  1.552805e-01  1.646258e-01  1.748442e-01  1.857220e-01  1.968274e-01  2.079687e-01  2.199899e-01  2.336891e-01  2.493544e-01  2.662010e-01  2.825991e-01  2.975025e-01  3.103715e-01  3.210100e-01  3.294443e-01  3.358345e-01  3.404124e-01  3.434385e-01  3.451752e-01
4           0            4.015140e-05  4.527192e-05  5.106613e-05  5.762782e-05  6.506508e-05  7.350273e-05  8.308527e-05  9.398034e-05  1.063829e-04  1.205203e-04  1.366583e-04  1.551080e-04  1.762353e-04  2.004704e-04  2.283214e-04  2.603887e-04  2.973837e-04  3.401503e-04  3.896914e-04  4.471997e-04  5.140948e-04  5.920665e-04  6.831260e-04  7.896652e-04  9.145248e-04  1.061072e-03  1.233287e-03  1.435858e-03  1.674284e-03  1.954978e-03  2.285372e-03  2.674013e-03  3.130634e-03  3.666199e-03  4.292898e-03  5.024064e-03  5.874011e-03  6.857738e-03  7.990507e-03  9.287253e-03  1.076210e-02  1.243408e-02  1.432976e-02  1.647861e-02  1.891236e-02  2.166442e-02  2.476832e-02  2.824581e-02  3.210382e-02  3.634084e-02  4.096792e-02  4.605882e-02  5.169688e-02  5.795572e-02  6.488453e-02  7.242598e-02  8.045718e-02  8.884857e-02  9.755031e-02  1.066612e-01  1.162528e-01  1.263620e-01  1.369819e-01  1.480592e-01  1.594253e-01  1.707874e-01  1.819518e-01  1.930740e-01  2.043336e-01  2.157830e-01  2.270776e-01  2.375451e-01  2.467771e-01  2.545926e-01  2.609646e-01  2.659649e-01  2.697224e-01  2.723944e-01  2.741465e-01  2.751398e-01
4           1            5.047685e-02  5.058914e-02  5.071536e-02  5.085724e-02  5.101671e-02  5.119599e-02  5.139752e-02  5.162408e-02  5.187880e-02  5.216519e-02  5.248718e-02  5.284924e-02  5.325637e-02  5.371417e-02  5.422898e-02  5.480791e-02  5.545893e-02  5.619099e-02  5.701414e-02  5.793960e-02  5.897991e-02  6.014905e-02  6.146254e-02  6.293752e-02  6.459286e-02  6.644917e-02  6.852878e-02  7.085560e-02  7.345486e-02  7.635270e-02  7.957550e-02  8.314890e-02  8.709649e-02  9.143798e-02  9.618690e-02  1.013477e-01  1.069122e-01  1.128553e-01  1.191307e-01  1.256655e-01  1.323586e-01  1.391545e-01  1.460794e-01  1.531911e-01  1.605800e-01  1.683718e-01  1.767222e-01  1.857320e-01  1.954344e-01  2.058518e-01  2.170129e-01  2.289901e-01  2.418489e-01  2.556300e-01  2.703530e-01  2.861088e-01  3.029944e-01  3.210396e-01  3.402568e-01  3.606838e-01  3.823278e-01  4.055191e-01  4.305626e-01  4.575064e-01  4.859931e-01  5.152709e-01  5.450394e-01  5.772782e-01  6.137900e-01  6.551650e-01  6.993361e-01  7.421521e-01  7.809630e-01  8.144142e-01  8.420289e-01  8.638969e-01  8.804480e-01  8.922921e-01  9.001110e-01  9.045885e-01
4           2            2.087668e-02  2.093313e-02  2.099657e-02  2.106785e-02  2.114794e-02  2.123792e-02  2.133901e-02  2.145260e-02  2.158021e-02  2.172357e-02  2.188462e-02  2.206554e-02  2.226876e-02  2.249702e-02  2.275338e-02  2.304126e-02  2.336451e-02  2.372739e-02  2.413469e-02  2.459173e-02  2.510442e-02  2.567933e-02  2.632369e-02  2.704548e-02  2.785344e-02  2.875708e-02  2.976668e-02  3.089324e-02  3.214838e-02  3.354422e-02  3.509306e-02  3.680713e-02  3.869802e-02  4.077608e-02  4.304958e-02  4.552367e-02  4.819912e-02  5.107084e-02  5.412626e-02  5.734351e-02  6.069103e-02  6.415811e-02  6.776973e-02  7.156605e-02  7.560285e-02  7.995211e-02  8.469814e-02  8.988088e-02  9.548840e-02  1.014964e-01  1.079014e-01  1.147910e-01  1.222631e-01  1.303982e-01  1.392457e-01  1.487582e-01  1.588287e-01  1.693386e-01  1.802994e-01  1.919549e-01  2.044826e-01  2.180360e-01  2.326846e-01  2.483807e-01  2.648771e-01  2.817312e-01  2.987489e-01  3.169173e-01  3.371431e-01  3.597209e-01  3.835768e-01  4.065651e-01  4.273255e-01  4.451720e-01  4.598755e-01  4.715002e-01  4.802856e-01  4.865630e-01  4.906995e-01  4.930610e-01
4           3            7.321034e-03  7.346528e-03  7.375148e-03  7.407271e-03  7.443323e-03  7.483777e-03  7.529165e-03  7.580077e-03  7.637175e-03  7.701195e-03  7.772958e-03  7.853377e-03  7.943466e-03  8.044354e-03  8.157288e-03  8.283650e-03  8.424968e-03  8.582925e-03  8.759372e-03  8.956343e-03  9.176060e-03  9.420953e-03  9.693663e-03  9.997053e-03  1.033422e-02  1.070848e-02  1.112342e-02  1.158282e-02  1.209075e-02  1.265147e-02  1.326950e-02  1.394955e-02  1.469659e-02  1.551579e-02  1.641256e-02  1.739254e-02  1.846165e-02  1.962611e-02  2.089250e-02  2.226778e-02  2.375963e-02  2.538305e-02  2.716366e-02  2.913358e-02  3.133131e-02  3.380135e-02  3.659282e-02  3.975199e-02  4.331938e-02  4.733140e-02  5.182990e-02  5.688664e-02  6.256878e-02  6.892559e-02  7.598177e-02  8.371665e-02  9.207461e-02  1.009804e-01  1.104006e-01  1.203905e-01  1.309849e-01  1.423289e-01  1.545421e-01  1.676294e-01  1.813658e-01  1.952914e-01  2.091520e-01  2.235176e-01  2.389449e-01  2.556156e-01  2.728334e-01  2.892076e-01  3.038699e-01  3.163991e-01  3.266748e-01  3.347688e-01  3.408656e-01  3.452075e-01  3.480571e-01  3.496732e-01

UPSILON_P N_trans=0
# upper_idx  lower_idx   upsilon(T_GRID[0]..T_GRID[N-1])

