# pyathena.photchem atomic data : NII
# CHIANTI source : ion n_2
# Levels kept    : lowest 5 of CHIANTI (padded to 5 if smaller)
# T grid tier    : warm
# T grid         : 80 log-spaced points, 1e+03 K -> 5e+05 K
# Generated by   : pyathena/photchem/data/build_chianti_tables.py
#
# Indices below are 0-based pyathena indices (level 0 = ground).
# CHIANTI level numbers are 1-based and shown for cross-reference.
#
LEVELS N=5
# idx  chianti_lvl  conf            term       j     g    E_erg            E_K
0     1            2s2.2p2         3P0        0.0   1     0.000000e+00   0.000000e+00
1     2            2s2.2p2         3P1        1.0   3     9.671820e-15   7.005271e+01
2     3            2s2.2p2         3P2        2.0   5     2.597688e-14   1.881498e+02
3     4            2s2.2p2         1D2        2.0   5     3.041797e-12   2.203165e+04
4     5            2s2.2p2         1S0        0.0   1     6.491996e-12   4.702133e+04

A_COEFFS N=8
# upper_idx  lower_idx   A [s^-1]
1           0            2.080000e-06
2           1            7.460000e-06
3           0            5.250000e-07
3           1            9.849000e-04
3           2            2.919000e-03
4           1            3.180000e-02
4           2            1.550000e-04
4           3            1.140000e+00

T_GRID N=80
 1.000000e+03
 1.081843e+03
 1.170384e+03
 1.266171e+03
 1.369799e+03
 1.481907e+03
 1.603190e+03
 1.734400e+03
 1.876348e+03
 2.029914e+03
 2.196048e+03
 2.375779e+03
 2.570219e+03
 2.780573e+03
 3.008143e+03
 3.254338e+03
 3.520682e+03
 3.808825e+03
 4.120550e+03
 4.457788e+03
 4.822626e+03
 5.217323e+03
 5.644324e+03
 6.106271e+03
 6.606026e+03
 7.146682e+03
 7.731586e+03
 8.364361e+03
 9.048924e+03
 9.789514e+03
 1.059072e+04
 1.145749e+04
 1.239520e+04
 1.340966e+04
 1.450715e+04
 1.569445e+04
 1.697893e+04
 1.836854e+04
 1.987187e+04
 2.149824e+04
 2.325772e+04
 2.516120e+04
 2.722046e+04
 2.944826e+04
 3.185839e+04
 3.446577e+04
 3.728655e+04
 4.033818e+04
 4.363957e+04
 4.721116e+04
 5.107506e+04
 5.525519e+04
 5.977743e+04
 6.466978e+04
 6.996254e+04
 7.568847e+04
 8.188303e+04
 8.858457e+04
 9.583459e+04
 1.036780e+05
 1.121633e+05
 1.213430e+05
 1.312741e+05
 1.420179e+05
 1.536411e+05
 1.662155e+05
 1.798191e+05
 1.945360e+05
 2.104573e+05
 2.276818e+05
 2.463159e+05
 2.664751e+05
 2.882841e+05
 3.118781e+05
 3.374031e+05
 3.650172e+05
 3.948912e+05
 4.272102e+05
 4.621743e+05
 5.000000e+05

UPSILON_E N_trans=10
# upper_idx  lower_idx   upsilon(T_GRID[0]..T_GRID[N-1])
1           0            3.677568e-01  3.656251e-01  3.635320e-01  3.614992e-01  3.595503e-01  3.577106e-01  3.560064e-01  3.544653e-01  3.531147e-01  3.519821e-01  3.510937e-01  3.504736e-01  3.501433e-01  3.501203e-01  3.504170e-01  3.510402e-01  3.519897e-01  3.532578e-01  3.548285e-01  3.566773e-01  3.587709e-01  3.610675e-01  3.635174e-01  3.660636e-01  3.686434e-01  3.711895e-01  3.736323e-01  3.759013e-01  3.779596e-01  3.798391e-01  3.815808e-01  3.832256e-01  3.848131e-01  3.863801e-01  3.879602e-01  3.895823e-01  3.912706e-01  3.930443e-01  3.949170e-01  3.968974e-01  3.989891e-01  4.011912e-01  4.034992e-01  4.059047e-01  4.083971e-01  4.109634e-01  4.135892e-01  4.162593e-01  4.189580e-01  4.216700e-01  4.243800e-01  4.270739e-01  4.297385e-01  4.323616e-01  4.349326e-01  4.374421e-01  4.398820e-01  4.422458e-01  4.445280e-01  4.467247e-01  4.488327e-01  4.508501e-01  4.527760e-01  4.546102e-01  4.563531e-01  4.580061e-01  4.595706e-01  4.610490e-01  4.624436e-01  4.637572e-01  4.649928e-01  4.661535e-01  4.672426e-01  4.682633e-01  4.692189e-01  4.701127e-01  4.709480e-01  4.717280e-01  4.724558e-01  4.731344e-01
2           0            1.077820e-01  1.081227e-01  1.085317e-01  1.090185e-01  1.095933e-01  1.102674e-01  1.110529e-01  1.119627e-01  1.130102e-01  1.142097e-01  1.155755e-01  1.171226e-01  1.188657e-01  1.208190e-01  1.229965e-01  1.254107e-01  1.280730e-01  1.309929e-01  1.341773e-01  1.376307e-01  1.413543e-01  1.453458e-01  1.495991e-01  1.541042e-01  1.588469e-01  1.638087e-01  1.689691e-01  1.743222e-01  1.798714e-01  1.856191e-01  1.915660e-01  1.977107e-01  2.040495e-01  2.105762e-01  2.172819e-01  2.241548e-01  2.311799e-01  2.383102e-01  2.454607e-01  2.525503e-01  2.595063e-01  2.662649e-01  2.727722e-01  2.789841e-01  2.848663e-01  2.903940e-01  2.955509e-01  3.003287e-01  3.047263e-01  3.087482e-01  3.124045e-01  3.157088e-01  3.186781e-01  3.213318e-01  3.236907e-01  3.257763e-01  3.276108e-01  3.292160e-01  3.306131e-01  3.318225e-01  3.328639e-01  3.337554e-01  3.345139e-01  3.351551e-01  3.356934e-01  3.361417e-01  3.365118e-01  3.368142e-01  3.370582e-01  3.372523e-01  3.374037e-01  3.375190e-01  3.376038e-01  3.376630e-01  3.377010e-01  3.377214e-01  3.377274e-01  3.377217e-01  3.377067e-01  3.376844e-01
2           1            1.211384e+00  1.213502e+00  1.216092e+00  1.219205e+00  1.222893e+00  1.227205e+00  1.232187e+00  1.237882e+00  1.244324e+00  1.251537e+00  1.259532e+00  1.268304e+00  1.277830e+00  1.288063e+00  1.298932e+00  1.310334e+00  1.322141e+00  1.334187e+00  1.346275e+00  1.358177e+00  1.369670e+00  1.380670e+00  1.391135e+00  1.401028e+00  1.410323e+00  1.419004e+00  1.427063e+00  1.434501e+00  1.441330e+00  1.447579e+00  1.453308e+00  1.458583e+00  1.463476e+00  1.468056e+00  1.472391e+00  1.476545e+00  1.480575e+00  1.484531e+00  1.488362e+00  1.491910e+00  1.495036e+00  1.497634e+00  1.499625e+00  1.500959e+00  1.501611e+00  1.501577e+00  1.500872e+00  1.499527e+00  1.497584e+00  1.495093e+00  1.492112e+00  1.488702e+00  1.484925e+00  1.480844e+00  1.476519e+00  1.472007e+00  1.467361e+00  1.462632e+00  1.457863e+00  1.453094e+00  1.448361e+00  1.443693e+00  1.439116e+00  1.434651e+00  1.430316e+00  1.426125e+00  1.422087e+00  1.418212e+00  1.414503e+00  1.410963e+00  1.407594e+00  1.404395e+00  1.401364e+00  1.398498e+00  1.395792e+00  1.393242e+00  1.390842e+00  1.388587e+00  1.386471e+00  1.384488e+00
3           0            2.617028e-01  2.619867e-01  2.623189e-01  2.627041e-01  2.631472e-01  2.636527e-01  2.642249e-01  2.648676e-01  2.655837e-01  2.663753e-01  2.672433e-01  2.681869e-01  2.692035e-01  2.702885e-01  2.714347e-01  2.726323e-01  2.738686e-01  2.751279e-01  2.763913e-01  2.776370e-01  2.788400e-01  2.799728e-01  2.810058e-01  2.819078e-01  2.826665e-01  2.833000e-01  2.838317e-01  2.842879e-01  2.846966e-01  2.850871e-01  2.854884e-01  2.859291e-01  2.864360e-01  2.870333e-01  2.877342e-01  2.885225e-01  2.893767e-01  2.902765e-01  2.912033e-01  2.921403e-01  2.930728e-01  2.939882e-01  2.948758e-01  2.957273e-01  2.965361e-01  2.972975e-01  2.980082e-01  2.986667e-01  2.992723e-01  2.998256e-01  3.003280e-01  3.007813e-01  3.011881e-01  3.015511e-01  3.018733e-01  3.021579e-01  3.024079e-01  3.026266e-01  3.028169e-01  3.029817e-01  3.031236e-01  3.032453e-01  3.033491e-01  3.034371e-01  3.035112e-01  3.035732e-01  3.036248e-01  3.036673e-01  3.037019e-01  3.037299e-01  3.037522e-01  3.037696e-01  3.037828e-01  3.037927e-01  3.037996e-01  3.038042e-01  3.038068e-01  3.038078e-01  3.038074e-01  3.038060e-01
3           1            7.476254e-01  7.477260e-01  7.478285e-01  7.479327e-01  7.480384e-01  7.481454e-01  7.482539e-01  7.483641e-01  7.484764e-01  7.485917e-01  7.487111e-01  7.488365e-01  7.489702e-01  7.491153e-01  7.492760e-01  7.494572e-01  7.496653e-01  7.499079e-01  7.501940e-01  7.505341e-01  7.509405e-01  7.514270e-01  7.520088e-01  7.527030e-01  7.535278e-01  7.544972e-01  7.556117e-01  7.568670e-01  7.582565e-01  7.597713e-01  7.614001e-01  7.631299e-01  7.649456e-01  7.668313e-01  7.688001e-01  7.709097e-01  7.732188e-01  7.757807e-01  7.786416e-01  7.818399e-01  7.854045e-01  7.893548e-01  7.936971e-01  7.983702e-01  8.032612e-01  8.082667e-01  8.132965e-01  8.182736e-01  8.231338e-01  8.278254e-01  8.323083e-01  8.365530e-01  8.405392e-01  8.442549e-01  8.476951e-01  8.508605e-01  8.537566e-01  8.563925e-01  8.587799e-01  8.609327e-01  8.628660e-01  8.645954e-01  8.661371e-01  8.675068e-01  8.687200e-01  8.697916e-01  8.707356e-01  8.715650e-01  8.722922e-01  8.729283e-01  8.734837e-01  8.739676e-01  8.743885e-01  8.747540e-01  8.750709e-01  8.753453e-01  8.755824e-01  8.757871e-01  8.759636e-01  8.761156e-01
3           2            1.410416e+00  1.410581e+00  1.410859e+00  1.411263e+00  1.411812e+00  1.412520e+00  1.413405e+00  1.414481e+00  1.415762e+00  1.417260e+00  1.418983e+00  1.420935e+00  1.423116e+00  1.425516e+00  1.428120e+00  1.430903e+00  1.433828e+00  1.436847e+00  1.439900e+00  1.442913e+00  1.445797e+00  1.448449e+00  1.450756e+00  1.452667e+00  1.454246e+00  1.455587e+00  1.456797e+00  1.457997e+00  1.459320e+00  1.460905e+00  1.462896e+00  1.465429e+00  1.468560e+00  1.472263e+00  1.476503e+00  1.481241e+00  1.486431e+00  1.492024e+00  1.497970e+00  1.504214e+00  1.510699e+00  1.517314e+00  1.523934e+00  1.530451e+00  1.536773e+00  1.542827e+00  1.548554e+00  1.553914e+00  1.558877e+00  1.563427e+00  1.567559e+00  1.571277e+00  1.574591e+00  1.577518e+00  1.580079e+00  1.582297e+00  1.584198e+00  1.585808e+00  1.587156e+00  1.588266e+00  1.589165e+00  1.589878e+00  1.590427e+00  1.590833e+00  1.591116e+00  1.591295e+00  1.591384e+00  1.591399e+00  1.591352e+00  1.591255e+00  1.591117e+00  1.590946e+00  1.590751e+00  1.590538e+00  1.590312e+00  1.590078e+00  1.589839e+00  1.589598e+00  1.589359e+00  1.589123e+00
4           0            3.517154e-02  3.510400e-02  3.503311e-02  3.495887e-02  3.488137e-02  3.480070e-02  3.471705e-02  3.463062e-02  3.454170e-02  3.445065e-02  3.435790e-02  3.426396e-02  3.416943e-02  3.407500e-02  3.398144e-02  3.388962e-02  3.380049e-02  3.371509e-02  3.363452e-02  3.355993e-02  3.349254e-02  3.343342e-02  3.338314e-02  3.334211e-02  3.331058e-02  3.328871e-02  3.327648e-02  3.327374e-02  3.328024e-02  3.329557e-02  3.332081e-02  3.335945e-02  3.341500e-02  3.349061e-02  3.358895e-02  3.371219e-02  3.386190e-02  3.403904e-02  3.424381e-02  3.447225e-02  3.471697e-02  3.497119e-02  3.522902e-02  3.548541e-02  3.573618e-02  3.597796e-02  3.620814e-02  3.642482e-02  3.662669e-02  3.681298e-02  3.698338e-02  3.713795e-02  3.727705e-02  3.740126e-02  3.751135e-02  3.760820e-02  3.769277e-02  3.776607e-02  3.782910e-02  3.788284e-02  3.792827e-02  3.796628e-02  3.799775e-02  3.802347e-02  3.804417e-02  3.806051e-02  3.807311e-02  3.808250e-02  3.808916e-02  3.809352e-02  3.809596e-02  3.809681e-02  3.809636e-02  3.809484e-02  3.809248e-02  3.808947e-02  3.808594e-02  3.808204e-02  3.807788e-02  3.807355e-02
4           1            8.778399e-02  8.782781e-02  8.788355e-02  8.795295e-02  8.803791e-02  8.814046e-02  8.826277e-02  8.840712e-02  8.857585e-02  8.877138e-02  8.899608e-02  8.925229e-02  8.954222e-02  8.986786e-02  9.023089e-02  9.063261e-02  9.107378e-02  9.155458e-02  9.207442e-02  9.263189e-02  9.322465e-02  9.384932e-02  9.450146e-02  9.517552e-02  9.586524e-02  9.656605e-02  9.727394e-02  9.798458e-02  9.869335e-02  9.939543e-02  1.000859e-01  1.007599e-01  1.014125e-01  1.020408e-01  1.026485e-01  1.032405e-01  1.038219e-01  1.043976e-01  1.049719e-01  1.055489e-01  1.061316e-01  1.067227e-01  1.073198e-01  1.079116e-01  1.084873e-01  1.090382e-01  1.095570e-01  1.100383e-01  1.104784e-01  1.108750e-01  1.112269e-01  1.115343e-01  1.117981e-01  1.120200e-01  1.122023e-01  1.123476e-01  1.124590e-01  1.125395e-01  1.125923e-01  1.126206e-01  1.126274e-01  1.126157e-01  1.125882e-01  1.125474e-01  1.124958e-01  1.124353e-01  1.123679e-01  1.122953e-01  1.122189e-01  1.121401e-01  1.120599e-01  1.119792e-01  1.118989e-01  1.118197e-01  1.117419e-01  1.116662e-01  1.115927e-01  1.115219e-01  1.114538e-01  1.113885e-01
4           2            1.544467e-01  1.546631e-01  1.548910e-01  1.551308e-01  1.553832e-01  1.556491e-01  1.559293e-01  1.562249e-01  1.565373e-01  1.568682e-01  1.572195e-01  1.575936e-01  1.579933e-01  1.584220e-01  1.588835e-01  1.593822e-01  1.599232e-01  1.605120e-01  1.611550e-01  1.618588e-01  1.626308e-01  1.634748e-01  1.643849e-01  1.653522e-01  1.663658e-01  1.674135e-01  1.684816e-01  1.695556e-01  1.706202e-01  1.716602e-01  1.726700e-01  1.736592e-01  1.746382e-01  1.756170e-01  1.766049e-01  1.776101e-01  1.786394e-01  1.796983e-01  1.807898e-01  1.819016e-01  1.830106e-01  1.840962e-01  1.851412e-01  1.861322e-01  1.870586e-01  1.879129e-01  1.886903e-01  1.893884e-01  1.900069e-01  1.905471e-01  1.910117e-01  1.914044e-01  1.917299e-01  1.919931e-01  1.921995e-01  1.923546e-01  1.924640e-01  1.925329e-01  1.925666e-01  1.925698e-01  1.925472e-01  1.925029e-01  1.924406e-01  1.923638e-01  1.922754e-01  1.921782e-01  1.920745e-01  1.919663e-01  1.918554e-01  1.917432e-01  1.916309e-01  1.915197e-01  1.914103e-01  1.913034e-01  1.911996e-01  1.910993e-01  1.910027e-01  1.909101e-01  1.908216e-01  1.907374e-01
4           3            2.400430e-01  2.414666e-01  2.432289e-01  2.453746e-01  2.479515e-01  2.510098e-01  2.546015e-01  2.587795e-01  2.635967e-01  2.691048e-01  2.753527e-01  2.823847e-01  2.902388e-01  2.989443e-01  3.085196e-01  3.189702e-01  3.302857e-01  3.424380e-01  3.553793e-01  3.690401e-01  3.833287e-01  3.981299e-01  4.133058e-01  4.286965e-01  4.441221e-01  4.593889e-01  4.743570e-01  4.889488e-01  5.030927e-01  5.167216e-01  5.297740e-01  5.421958e-01  5.539404e-01  5.649698e-01  5.752553e-01  5.847773e-01  5.935401e-01  6.015859e-01  6.089640e-01  6.157248e-01  6.219187e-01  6.275949e-01  6.328007e-01  6.375809e-01  6.419771e-01  6.460276e-01  6.497674e-01  6.532277e-01  6.564365e-01  6.594185e-01  6.621955e-01  6.647865e-01  6.672081e-01  6.694747e-01  6.715988e-01  6.735914e-01  6.754621e-01  6.772192e-01  6.788702e-01  6.804216e-01  6.818795e-01  6.832493e-01  6.845359e-01  6.857440e-01  6.868777e-01  6.879412e-01  6.889382e-01  6.898723e-01  6.907470e-01  6.915654e-01  6.923309e-01  6.930462e-01  6.937144e-01  6.943382e-01  6.949201e-01  6.954627e-01  6.959683e-01  6.964393e-01  6.968777e-01  6.972858e-01

UPSILON_P N_trans=3
# upper_idx  lower_idx   upsilon(T_GRID[0]..T_GRID[N-1])
1           0            0.000000e+00  0.000000e+00  0.000000e+00  0.000000e+00  0.000000e+00  0.000000e+00  0.000000e+00  0.000000e+00  0.000000e+00  0.000000e+00  0.000000e+00  0.000000e+00  0.000000e+00  0.000000e+00  0.000000e+00  0.000000e+00  0.000000e+00  0.000000e+00  0.000000e+00  0.000000e+00  0.000000e+00  0.000000e+00  0.000000e+00  0.000000e+00  0.000000e+00  0.000000e+00  8.543531e-13  1.795875e-11  3.836722e-11  6.247487e-11  9.069485e-11  1.234528e-10  1.611794e-10  2.043010e-10  2.532282e-10  3.083424e-10  3.699793e-10  4.384116e-10  5.138289e-10  5.963164e-10  6.858327e-10  7.821876e-10  8.850297e-10  9.939857e-10  1.108664e-09  1.228534e-09  1.352913e-09  1.480967e-09  1.611712e-09  1.744026e-09  1.876821e-09  2.009427e-09  2.141251e-09  2.271694e-09  2.400168e-09  2.526098e-09  2.648937e-09  2.768127e-09  2.883126e-09  2.993444e-09  3.098659e-09  3.198421e-09  3.292454e-09  3.380710e-09  3.463624e-09  3.541700e-09  3.615411e-09  3.685192e-09  3.751440e-09  3.814502e-09  3.874632e-09  3.931410e-09  3.984117e-09  4.032243e-09  4.075471e-09  4.113656e-09  4.146790e-09  4.174983e-09  4.198435e-09  4.217417e-09
2           0            0.000000e+00  0.000000e+00  0.000000e+00  0.000000e+00  0.000000e+00  0.000000e+00  0.000000e+00  0.000000e+00  0.000000e+00  0.000000e+00  0.000000e+00  0.000000e+00  0.000000e+00  0.000000e+00  0.000000e+00  0.000000e+00  0.000000e+00  0.000000e+00  5.002592e-12  4.693033e-11  9.696739e-11  1.560857e-10  2.253025e-10  3.056672e-10  3.982436e-10  5.040874e-10  6.242191e-10  7.595911e-10  9.110502e-10  1.079294e-09  1.264826e-09  1.467901e-09  1.688477e-09  1.926159e-09  2.180184e-09  2.449653e-09  2.733423e-09  3.029951e-09  3.337280e-09  3.653037e-09  3.974441e-09  4.298345e-09  4.622073e-09  4.944232e-09  5.263574e-09  5.578874e-09  5.888949e-09  6.192671e-09  6.489046e-09  6.777572e-09  7.058028e-09  7.330273e-09  7.594231e-09  7.849886e-09  8.097261e-09  8.336096e-09  8.565662e-09  8.785321e-09  8.994586e-09  9.193117e-09  9.380714e-09  9.557310e-09  9.723124e-09  9.879557e-09  1.002823e-08  1.017047e-08  1.030729e-08  1.043948e-08  1.056762e-08  1.069209e-08  1.081315e-08  1.093094e-08  1.104551e-08  1.115685e-08  1.126491e-08  1.136962e-08  1.147088e-08  1.156863e-08  1.166278e-08  1.175327e-08
2           1            0.000000e+00  0.000000e+00  0.000000e+00  0.000000e+00  0.000000e+00  0.000000e+00  0.000000e+00  0.000000e+00  0.000000e+00  0.000000e+00  0.000000e+00  0.000000e+00  0.000000e+00  0.000000e+00  0.000000e+00  0.000000e+00  0.000000e+00  4.585685e-11  1.036626e-10  1.706855e-10  2.479054e-10  3.363267e-10  4.369602e-10  5.507983e-10  6.787864e-10  8.217868e-10  9.805378e-10  1.155607e-09  1.347337e-09  1.555792e-09  1.780694e-09  2.021366e-09  2.276668e-09  2.545021e-09  2.825240e-09  3.116395e-09  3.417313e-09  3.726559e-09  4.042442e-09  4.363023e-09  4.686136e-09  5.009708e-09  5.332200e-09  5.652125e-09  5.968000e-09  6.278362e-09  6.581804e-09  6.877050e-09  7.163517e-09  7.441064e-09  7.709642e-09  7.969274e-09  8.220047e-09  8.462091e-09  8.695477e-09  8.920118e-09  9.135955e-09  9.342979e-09  9.541226e-09  9.730770e-09  9.911720e-09  1.008421e-08  1.024841e-08  1.040447e-08  1.055261e-08  1.069304e-08  1.082599e-08  1.095169e-08  1.107041e-08  1.118240e-08  1.128792e-08  1.138724e-08  1.148063e-08  1.156836e-08  1.165069e-08  1.172788e-08  1.180019e-08  1.186788e-08  1.193119e-08  1.199036e-08

