# pyathena.photchem atomic data : NV
# CHIANTI source : ion n_5
# Levels kept    : lowest 3 of CHIANTI (padded to 5 if smaller)
# T grid tier    : hot
# T grid         : 80 log-spaced points, 1e+04 K -> 1e+07 K
# Generated by   : pyathena/photchem/data/build_chianti_tables.py
#
# Indices below are 0-based pyathena indices (level 0 = ground).
# CHIANTI level numbers are 1-based and shown for cross-reference.
#
LEVELS N=3
# idx  chianti_lvl  conf            term       j     g    E_erg            E_K
0     1            1s2.2s          2S0.5      0.5   2     0.000000e+00   0.000000e+00
1     2            1s2.2p          2P0.5      0.5   2     1.597999e-11   1.157426e+05
2     3            1s2.2p          2P1.5      1.5   4     1.603137e-11   1.161147e+05

A_COEFFS N=2
# upper_idx  lower_idx   A [s^-1]
1           0            3.370000e+08
2           0            3.400000e+08

T_GRID N=80
 1.000000e+04
 1.091377e+04
 1.191103e+04
 1.299942e+04
 1.418727e+04
 1.548365e+04
 1.689850e+04
 1.844263e+04
 2.012785e+04
 2.196707e+04
 2.397435e+04
 2.616505e+04
 2.855592e+04
 3.116527e+04
 3.401305e+04
 3.712105e+04
 4.051305e+04
 4.421500e+04
 4.825522e+04
 5.266462e+04
 5.747694e+04
 6.272900e+04
 6.846097e+04
 7.471671e+04
 8.154407e+04
 8.899530e+04
 9.712740e+04
 1.060026e+05
 1.156888e+05
 1.262600e+05
 1.377972e+05
 1.503887e+05
 1.641307e+05
 1.791284e+05
 1.954966e+05
 2.133605e+05
 2.328566e+05
 2.541343e+05
 2.773563e+05
 3.027002e+05
 3.303599e+05
 3.605471e+05
 3.934927e+05
 4.294488e+05
 4.686904e+05
 5.115178e+05
 5.582586e+05
 6.092705e+05
 6.649436e+05
 7.257040e+05
 7.920164e+05
 8.643883e+05
 9.433732e+05
 1.029576e+06
 1.123655e+06
 1.226331e+06
 1.338389e+06
 1.460686e+06
 1.594159e+06
 1.739828e+06
 1.898808e+06
 2.072315e+06
 2.261676e+06
 2.468340e+06
 2.693889e+06
 2.940048e+06
 3.208700e+06
 3.501900e+06
 3.821893e+06
 4.171125e+06
 4.552268e+06
 4.968240e+06
 5.422221e+06
 5.917686e+06
 6.458424e+06
 7.048574e+06
 7.692650e+06
 8.395579e+06
 9.162739e+06
 1.000000e+07

UPSILON_E N_trans=3
# upper_idx  lower_idx   upsilon(T_GRID[0]..T_GRID[N-1])
1           0            2.158507e+00  2.160383e+00  2.162430e+00  2.164663e+00  2.167100e+00  2.169760e+00  2.172661e+00  2.175825e+00  2.179276e+00  2.183039e+00  2.187141e+00  2.191611e+00  2.196482e+00  2.201788e+00  2.207564e+00  2.213850e+00  2.220687e+00  2.228119e+00  2.236193e+00  2.244959e+00  2.254466e+00  2.264770e+00  2.275925e+00  2.287990e+00  2.301024e+00  2.315087e+00  2.330239e+00  2.346542e+00  2.364053e+00  2.382799e+00  2.402781e+00  2.423986e+00  2.446393e+00  2.469969e+00  2.494674e+00  2.520454e+00  2.547252e+00  2.575008e+00  2.603766e+00  2.633634e+00  2.664719e+00  2.697125e+00  2.730948e+00  2.766276e+00  2.803189e+00  2.841752e+00  2.882023e+00  2.924045e+00  2.967852e+00  3.013468e+00  3.060904e+00  3.110160e+00  3.161227e+00  3.214083e+00  3.268703e+00  3.325049e+00  3.383081e+00  3.442752e+00  3.504010e+00  3.566803e+00  3.631073e+00  3.696760e+00  3.763767e+00  3.831977e+00  3.901281e+00  3.971577e+00  4.042772e+00  4.114782e+00  4.187527e+00  4.260935e+00  4.334941e+00  4.409485e+00  4.484511e+00  4.559969e+00  4.635814e+00  4.712004e+00  4.788501e+00  4.865271e+00  4.942282e+00  5.019506e+00
2           0            4.297820e+00  4.302278e+00  4.307125e+00  4.312394e+00  4.318121e+00  4.324342e+00  4.331099e+00  4.338432e+00  4.346389e+00  4.355019e+00  4.364373e+00  4.374506e+00  4.385478e+00  4.397349e+00  4.410185e+00  4.424055e+00  4.439029e+00  4.455183e+00  4.472594e+00  4.491343e+00  4.511512e+00  4.533187e+00  4.556453e+00  4.581399e+00  4.608111e+00  4.636677e+00  4.667183e+00  4.699712e+00  4.734344e+00  4.771154e+00  4.810211e+00  4.851576e+00  4.895300e+00  4.941426e+00  4.989982e+00  5.040984e+00  5.094432e+00  5.150313e+00  5.208595e+00  5.269229e+00  5.332218e+00  5.397666e+00  5.465696e+00  5.536445e+00  5.610055e+00  5.686676e+00  5.766459e+00  5.849555e+00  5.936111e+00  6.026266e+00  6.120125e+00  6.217724e+00  6.319081e+00  6.424194e+00  6.533050e+00  6.645618e+00  6.761856e+00  6.881708e+00  7.005105e+00  7.131970e+00  7.262216e+00  7.395746e+00  7.532373e+00  7.671780e+00  7.813662e+00  7.957728e+00  8.103712e+00  8.251363e+00  8.400452e+00  8.550770e+00  8.702124e+00  8.854339e+00  9.007258e+00  9.160738e+00  9.314650e+00  9.468879e+00  9.623323e+00  9.777889e+00  9.932498e+00  1.008708e+01
2           1            7.460044e-01  7.451536e-01  7.440768e-01  7.427542e-01  7.411673e-01  7.392987e-01  7.371324e-01  7.346672e-01  7.320000e-01  7.292692e-01  7.266090e-01  7.241476e-01  7.220067e-01  7.203001e-01  7.191334e-01  7.186042e-01  7.188012e-01  7.198045e-01  7.216860e-01  7.245093e-01  7.283297e-01  7.331098e-01  7.386345e-01  7.446820e-01  7.510485e-01  7.575465e-01  7.640052e-01  7.702688e-01  7.761960e-01  7.816594e-01  7.865440e-01  7.907470e-01  7.941764e-01  7.967505e-01  7.983971e-01  7.990525e-01  7.986612e-01  7.971747e-01  7.945515e-01  7.907558e-01  7.857576e-01  7.795519e-01  7.722403e-01  7.639514e-01  7.548042e-01  7.449087e-01  7.343666e-01  7.232718e-01  7.117112e-01  6.997648e-01  6.875067e-01  6.750048e-01  6.623221e-01  6.495164e-01  6.366411e-01  6.237450e-01  6.108734e-01  5.980677e-01  5.853658e-01  5.728026e-01  5.604102e-01  5.482178e-01  5.362522e-01  5.245378e-01  5.130969e-01  5.019499e-01  4.911151e-01  4.806094e-01  4.704479e-01  4.606444e-01  4.512111e-01  4.421591e-01  4.334984e-01  4.252378e-01  4.173850e-01  4.099470e-01  4.029298e-01  3.963387e-01  3.901782e-01  3.844520e-01

UPSILON_P N_trans=0
# upper_idx  lower_idx   upsilon(T_GRID[0]..T_GRID[N-1])

