# pyathena.photchem atomic data : NeII
# CHIANTI source : ion ne_2
# Levels kept    : lowest 2 of CHIANTI (padded to 5 if smaller)
# T grid tier    : warm
# T grid         : 80 log-spaced points, 1e+03 K -> 5e+05 K
# Generated by   : pyathena/photchem/data/build_chianti_tables.py
#
# Indices below are 0-based pyathena indices (level 0 = ground).
# CHIANTI level numbers are 1-based and shown for cross-reference.
#
LEVELS N=2
# idx  chianti_lvl  conf            term       j     g    E_erg            E_K
0     1            2s22p5          2P1.5      1.5   4     0.000000e+00   0.000000e+00
1     2            2s22p5          2P0.5      0.5   2     1.549874e-13   1.122569e+03

A_COEFFS N=1
# upper_idx  lower_idx   A [s^-1]
1           0            8.321000e-03

T_GRID N=80
 1.000000e+03
 1.081843e+03
 1.170384e+03
 1.266171e+03
 1.369799e+03
 1.481907e+03
 1.603190e+03
 1.734400e+03
 1.876348e+03
 2.029914e+03
 2.196048e+03
 2.375779e+03
 2.570219e+03
 2.780573e+03
 3.008143e+03
 3.254338e+03
 3.520682e+03
 3.808825e+03
 4.120550e+03
 4.457788e+03
 4.822626e+03
 5.217323e+03
 5.644324e+03
 6.106271e+03
 6.606026e+03
 7.146682e+03
 7.731586e+03
 8.364361e+03
 9.048924e+03
 9.789514e+03
 1.059072e+04
 1.145749e+04
 1.239520e+04
 1.340966e+04
 1.450715e+04
 1.569445e+04
 1.697893e+04
 1.836854e+04
 1.987187e+04
 2.149824e+04
 2.325772e+04
 2.516120e+04
 2.722046e+04
 2.944826e+04
 3.185839e+04
 3.446577e+04
 3.728655e+04
 4.033818e+04
 4.363957e+04
 4.721116e+04
 5.107506e+04
 5.525519e+04
 5.977743e+04
 6.466978e+04
 6.996254e+04
 7.568847e+04
 8.188303e+04
 8.858457e+04
 9.583459e+04
 1.036780e+05
 1.121633e+05
 1.213430e+05
 1.312741e+05
 1.420179e+05
 1.536411e+05
 1.662155e+05
 1.798191e+05
 1.945360e+05
 2.104573e+05
 2.276818e+05
 2.463159e+05
 2.664751e+05
 2.882841e+05
 3.118781e+05
 3.374031e+05
 3.650172e+05
 3.948912e+05
 4.272102e+05
 4.621743e+05
 5.000000e+05

UPSILON_E N_trans=1
# upper_idx  lower_idx   upsilon(T_GRID[0]..T_GRID[N-1])
1           0            2.660000e-01  2.677580e-01  2.696893e-01  2.717898e-01  2.740477e-01  2.764415e-01  2.789374e-01  2.814860e-01  2.840189e-01  2.864442e-01  2.886751e-01  2.906857e-01  2.924660e-01  2.940163e-01  2.953491e-01  2.964926e-01  2.974933e-01  2.984193e-01  2.993618e-01  3.003851e-01  3.014906e-01  3.026731e-01  3.039248e-01  3.052358e-01  3.065937e-01  3.079837e-01  3.093888e-01  3.107914e-01  3.121919e-01  3.136087e-01  3.150609e-01  3.165600e-01  3.181127e-01  3.197252e-01  3.214030e-01  3.231506e-01  3.249713e-01  3.268669e-01  3.288380e-01  3.308848e-01  3.330132e-01  3.352287e-01  3.375335e-01  3.399269e-01  3.424055e-01  3.449632e-01  3.475917e-01  3.502809e-01  3.530548e-01  3.560252e-01  3.592874e-01  3.629026e-01  3.669034e-01  3.712981e-01  3.760759e-01  3.812108e-01  3.866634e-01  3.922154e-01  3.974334e-01  4.020072e-01  4.060618e-01  4.100246e-01  4.142019e-01  4.187872e-01  4.238871e-01  4.295434e-01  4.357506e-01  4.424705e-01  4.496057e-01  4.566294e-01  4.629192e-01  4.680836e-01  4.719087e-01  4.743099e-01  4.752941e-01  4.749309e-01  4.733303e-01  4.706257e-01  4.669618e-01  4.624859e-01

UPSILON_P N_trans=1
# upper_idx  lower_idx   upsilon(T_GRID[0]..T_GRID[N-1])
1           0            0.000000e+00  0.000000e+00  0.000000e+00  0.000000e+00  0.000000e+00  0.000000e+00  0.000000e+00  0.000000e+00  0.000000e+00  0.000000e+00  0.000000e+00  0.000000e+00  0.000000e+00  0.000000e+00  0.000000e+00  0.000000e+00  0.000000e+00  0.000000e+00  0.000000e+00  0.000000e+00  0.000000e+00  1.306593e-13  3.483430e-13  6.694826e-13  1.207984e-12  2.096280e-12  3.484296e-12  5.537595e-12  8.470378e-12  1.269977e-11  1.873082e-11  2.708776e-11  3.829980e-11  5.288573e-11  7.134067e-11  9.421163e-11  1.221014e-10  1.555399e-10  1.949604e-10  2.406853e-10  2.929165e-10  3.517362e-10  4.171251e-10  4.889451e-10  5.669371e-10  6.507321e-10  7.398653e-10  8.337914e-10  9.318969e-10  1.033383e-09  1.137308e-09  1.242783e-09  1.348985e-09  1.455163e-09  1.560645e-09  1.664834e-09  1.767208e-09  1.867320e-09  1.964797e-09  2.059328e-09  2.150668e-09  2.238627e-09  2.323067e-09  2.403900e-09  2.481074e-09  2.554575e-09  2.624422e-09  2.690659e-09  2.753351e-09  2.812582e-09  2.868453e-09  2.921073e-09  2.970562e-09  3.017047e-09  3.060656e-09  3.101522e-09  3.139779e-09  3.175559e-09  3.208992e-09  3.240208e-09

