# pyathena.photchem atomic data : NeIII
# CHIANTI source : ion ne_3
# Levels kept    : lowest 5 of CHIANTI (padded to 5 if smaller)
# T grid tier    : warm
# T grid         : 80 log-spaced points, 1e+03 K -> 5e+05 K
# Generated by   : pyathena/photchem/data/build_chianti_tables.py
#
# Indices below are 0-based pyathena indices (level 0 = ground).
# CHIANTI level numbers are 1-based and shown for cross-reference.
#
LEVELS N=5
# idx  chianti_lvl  conf            term       j     g    E_erg            E_K
0     1            2s2.2p4         3P2        2.0   5     0.000000e+00   0.000000e+00
1     2            2s2.2p4         3P1        1.0   3     1.276799e-13   9.247820e+02
2     3            2s2.2p4         3P0        0.0   1     1.828113e-13   1.324097e+03
3     4            2s2.2p4         1D2        2.0   5     5.131983e-12   3.717080e+04
4     5            2s2.2p4         1S0        0.0   1     1.107207e-11   8.019467e+04

A_COEFFS N=9
# upper_idx  lower_idx   A [s^-1]
1           0            5.971000e-03
2           0            2.524000e-08
2           1            1.154000e-03
3           0            1.653000e-01
3           1            5.107000e-02
3           2            1.555000e-05
4           0            3.142000e-03
4           1            1.940000e+00
4           3            2.550000e+00

T_GRID N=80
 1.000000e+03
 1.081843e+03
 1.170384e+03
 1.266171e+03
 1.369799e+03
 1.481907e+03
 1.603190e+03
 1.734400e+03
 1.876348e+03
 2.029914e+03
 2.196048e+03
 2.375779e+03
 2.570219e+03
 2.780573e+03
 3.008143e+03
 3.254338e+03
 3.520682e+03
 3.808825e+03
 4.120550e+03
 4.457788e+03
 4.822626e+03
 5.217323e+03
 5.644324e+03
 6.106271e+03
 6.606026e+03
 7.146682e+03
 7.731586e+03
 8.364361e+03
 9.048924e+03
 9.789514e+03
 1.059072e+04
 1.145749e+04
 1.239520e+04
 1.340966e+04
 1.450715e+04
 1.569445e+04
 1.697893e+04
 1.836854e+04
 1.987187e+04
 2.149824e+04
 2.325772e+04
 2.516120e+04
 2.722046e+04
 2.944826e+04
 3.185839e+04
 3.446577e+04
 3.728655e+04
 4.033818e+04
 4.363957e+04
 4.721116e+04
 5.107506e+04
 5.525519e+04
 5.977743e+04
 6.466978e+04
 6.996254e+04
 7.568847e+04
 8.188303e+04
 8.858457e+04
 9.583459e+04
 1.036780e+05
 1.121633e+05
 1.213430e+05
 1.312741e+05
 1.420179e+05
 1.536411e+05
 1.662155e+05
 1.798191e+05
 1.945360e+05
 2.104573e+05
 2.276818e+05
 2.463159e+05
 2.664751e+05
 2.882841e+05
 3.118781e+05
 3.374031e+05
 3.650172e+05
 3.948912e+05
 4.272102e+05
 4.621743e+05
 5.000000e+05

UPSILON_E N_trans=10
# upper_idx  lower_idx   upsilon(T_GRID[0]..T_GRID[N-1])
1           0            7.062491e-01  7.073994e-01  7.086228e-01  7.099220e-01  7.112997e-01  7.127579e-01  7.142984e-01  7.159222e-01  7.176301e-01  7.194218e-01  7.212959e-01  7.232504e-01  7.252814e-01  7.273841e-01  7.295517e-01  7.317755e-01  7.340447e-01  7.363465e-01  7.386652e-01  7.409826e-01  7.432780e-01  7.455276e-01  7.477050e-01  7.497811e-01  7.517246e-01  7.535022e-01  7.550796e-01  7.564219e-01  7.574955e-01  7.582689e-01  7.587150e-01  7.588131e-01  7.585516e-01  7.579307e-01  7.569658e-01  7.556912e-01  7.541635e-01  7.524655e-01  7.507098e-01  7.490459e-01  7.482367e-01  7.504866e-01  7.586221e-01  7.759632e-01  8.063115e-01  8.539187e-01  9.234323e-01  1.019841e+00  1.148554e+00  1.315203e+00  1.525413e+00  1.784642e+00  2.098016e+00  2.470132e+00  2.901290e+00  3.384197e+00  3.910302e+00  4.470801e+00  5.056862e+00  5.659838e+00  6.270810e+00  6.876245e+00  7.461623e+00  8.014457e+00  8.524427e+00  8.983410e+00  9.385431e+00  9.726557e+00  1.000479e+01  1.021992e+01  1.037314e+01  1.046681e+01  1.050427e+01  1.048955e+01  1.042721e+01  1.032212e+01  1.017932e+01  1.000387e+01  9.800720e+00  9.574625e+00
2           0            1.955308e-01  1.958316e-01  1.961509e-01  1.964895e-01  1.968477e-01  1.972261e-01  1.976247e-01  1.980439e-01  1.984833e-01  1.989426e-01  1.994212e-01  1.999179e-01  2.004315e-01  2.009600e-01  2.015011e-01  2.020517e-01  2.026083e-01  2.031666e-01  2.037215e-01  2.042672e-01  2.047970e-01  2.053034e-01  2.057781e-01  2.062121e-01  2.065955e-01  2.069182e-01  2.071695e-01  2.073389e-01  2.074162e-01  2.073922e-01  2.072590e-01  2.070111e-01  2.066459e-01  2.061650e-01  2.055753e-01  2.048896e-01  2.041290e-01  2.033232e-01  2.025125e-01  2.017486e-01  2.010974e-01  2.007107e-01  2.008875e-01  2.019943e-01  2.044565e-01  2.087570e-01  2.154311e-01  2.250593e-01  2.382379e-01  2.554610e-01  2.771711e-01  3.037893e-01  3.357027e-01  3.732520e-01  4.167101e-01  4.658372e-01  5.197106e-01  5.773234e-01  6.376575e-01  6.997098e-01  7.625166e-01  8.250809e-01  8.859717e-01  9.437573e-01  9.972283e-01  1.045408e+00  1.087551e+00  1.123139e+00  1.151865e+00  1.173687e+00  1.188794e+00  1.197493e+00  1.200176e+00  1.197303e+00  1.189378e+00  1.176931e+00  1.160509e+00  1.140652e+00  1.117891e+00  1.092733e+00
2           1            2.151499e-01  2.155920e-01  2.160617e-01  2.165601e-01  2.170879e-01  2.176458e-01  2.182344e-01  2.188538e-01  2.195042e-01  2.201852e-01  2.208961e-01  2.216356e-01  2.224021e-01  2.231933e-01  2.240062e-01  2.248372e-01  2.256815e-01  2.265339e-01  2.273880e-01  2.282364e-01  2.290709e-01  2.298821e-01  2.306599e-01  2.313935e-01  2.320714e-01  2.326819e-01  2.332136e-01  2.336558e-01  2.339992e-01  2.342367e-01  2.343646e-01  2.343840e-01  2.343019e-01  2.341330e-01  2.339019e-01  2.336446e-01  2.334114e-01  2.332685e-01  2.333005e-01  2.336129e-01  2.343335e-01  2.356733e-01  2.382943e-01  2.431653e-01  2.514261e-01  2.643841e-01  2.835053e-01  3.103969e-01  3.467775e-01  3.941776e-01  4.537488e-01  5.265562e-01  6.135760e-01  7.156648e-01  8.335297e-01  9.673771e-01  1.115311e+00  1.274594e+00  1.442427e+00  1.616016e+00  1.792649e+00  1.969736e+00  2.144015e+00  2.311425e+00  2.468397e+00  2.611980e+00  2.739855e+00  2.850327e+00  2.942295e+00  3.015248e+00  3.069383e+00  3.105328e+00  3.123994e+00  3.126519e+00  3.114205e+00  3.088465e+00  3.050776e+00  3.002639e+00  2.945535e+00  2.880905e+00
3           0            6.616307e-01  6.620925e-01  6.625868e-01  6.631155e-01  6.636806e-01  6.642838e-01  6.649270e-01  6.656121e-01  6.663408e-01  6.671149e-01  6.679357e-01  6.688048e-01  6.697233e-01  6.706920e-01  6.717114e-01  6.727819e-01  6.739029e-01  6.750736e-01  6.762926e-01  6.775576e-01  6.788656e-01  6.802128e-01  6.815944e-01  6.830047e-01  6.844370e-01  6.858836e-01  6.873360e-01  6.887849e-01  6.902202e-01  6.916317e-01  6.930092e-01  6.943431e-01  6.956250e-01  6.968484e-01  6.980102e-01  6.991112e-01  7.001579e-01  7.011641e-01  7.021525e-01  7.031565e-01  7.042225e-01  7.054120e-01  7.068031e-01  7.084932e-01  7.105989e-01  7.132003e-01  7.162957e-01  7.198652e-01  7.238751e-01  7.282774e-01  7.330097e-01  7.379953e-01  7.431552e-01  7.484656e-01  7.539236e-01  7.595255e-01  7.652665e-01  7.711405e-01  7.771386e-01  7.831834e-01  7.891083e-01  7.947458e-01  7.999385e-01  8.045431e-01  8.084341e-01  8.115021e-01  8.136365e-01  8.147463e-01  8.147694e-01  8.136723e-01  8.114484e-01  8.081160e-01  8.037137e-01  7.982333e-01  7.916230e-01  7.838720e-01  7.750094e-01  7.650964e-01  7.542195e-01  7.424838e-01
3           1            3.970262e-01  3.973036e-01  3.976006e-01  3.979182e-01  3.982577e-01  3.986200e-01  3.990062e-01  3.994176e-01  3.998551e-01  4.003197e-01  4.008123e-01  4.013338e-01  4.018848e-01  4.024658e-01  4.030771e-01  4.037189e-01  4.043908e-01  4.050923e-01  4.058225e-01  4.065801e-01  4.073632e-01  4.081695e-01  4.089962e-01  4.098398e-01  4.106964e-01  4.115614e-01  4.124297e-01  4.132958e-01  4.141539e-01  4.149979e-01  4.158220e-01  4.166206e-01  4.173890e-01  4.181239e-01  4.188235e-01  4.194891e-01  4.201250e-01  4.207401e-01  4.213486e-01  4.219710e-01  4.226358e-01  4.233801e-01  4.242510e-01  4.253067e-01  4.266132e-01  4.281998e-01  4.300647e-01  4.321994e-01  4.345884e-01  4.372094e-01  4.400323e-01  4.430203e-01  4.461399e-01  4.493757e-01  4.527134e-01  4.561367e-01  4.596278e-01  4.631678e-01  4.667332e-01  4.702637e-01  4.736792e-01  4.769031e-01  4.798644e-01  4.824994e-01  4.847534e-01  4.865664e-01  4.878594e-01  4.885671e-01  4.886435e-01  4.880607e-01  4.868086e-01  4.848932e-01  4.823287e-01  4.790906e-01  4.751532e-01  4.705173e-01  4.652070e-01  4.592643e-01  4.527454e-01  4.457168e-01
3           2            1.322839e-01  1.323817e-01  1.324862e-01  1.325980e-01  1.327172e-01  1.328444e-01  1.329799e-01  1.331240e-01  1.332770e-01  1.334393e-01  1.336111e-01  1.337926e-01  1.339841e-01  1.341855e-01  1.343971e-01  1.346185e-01  1.348498e-01  1.350906e-01  1.353404e-01  1.355986e-01  1.358644e-01  1.361370e-01  1.364150e-01  1.366972e-01  1.369821e-01  1.372678e-01  1.375524e-01  1.378340e-01  1.381104e-01  1.383795e-01  1.386393e-01  1.388880e-01  1.391241e-01  1.393469e-01  1.395562e-01  1.397532e-01  1.399403e-01  1.401216e-01  1.403034e-01  1.404945e-01  1.407065e-01  1.409545e-01  1.412571e-01  1.416368e-01  1.421092e-01  1.426728e-01  1.433225e-01  1.440502e-01  1.448449e-01  1.456925e-01  1.465762e-01  1.474799e-01  1.484074e-01  1.493716e-01  1.503861e-01  1.514650e-01  1.526223e-01  1.538711e-01  1.551974e-01  1.565497e-01  1.578744e-01  1.591207e-01  1.602414e-01  1.611943e-01  1.619461e-01  1.624856e-01  1.628113e-01  1.629255e-01  1.628336e-01  1.625441e-01  1.620680e-01  1.614180e-01  1.605905e-01  1.595657e-01  1.583329e-01  1.568903e-01  1.552438e-01  1.534055e-01  1.513919e-01  1.492232e-01
4           0            8.447196e-02  8.445291e-02  8.443238e-02  8.441026e-02  8.438644e-02  8.436080e-02  8.433322e-02  8.430356e-02  8.427170e-02  8.423749e-02  8.420079e-02  8.416146e-02  8.411936e-02  8.407434e-02  8.402627e-02  8.397502e-02  8.392048e-02  8.386255e-02  8.380117e-02  8.373631e-02  8.366799e-02  8.359628e-02  8.352134e-02  8.344341e-02  8.336286e-02  8.328020e-02  8.319610e-02  8.311146e-02  8.302743e-02  8.294545e-02  8.286733e-02  8.279528e-02  8.273200e-02  8.268077e-02  8.264547e-02  8.263075e-02  8.264205e-02  8.268572e-02  8.276910e-02  8.290064e-02  8.308990e-02  8.334768e-02  8.368600e-02  8.411816e-02  8.465611e-02  8.530220e-02  8.605439e-02  8.690803e-02  8.785573e-02  8.888722e-02  8.998933e-02  9.114651e-02  9.234791e-02  9.358779e-02  9.485988e-02  9.615730e-02  9.747266e-02  9.879819e-02  1.001230e-01  1.014261e-01  1.026849e-01  1.038780e-01  1.049861e-01  1.059918e-01  1.068802e-01  1.076343e-01  1.082366e-01  1.086742e-01  1.089385e-01  1.090254e-01  1.089349e-01  1.086707e-01  1.082345e-01  1.076170e-01  1.068133e-01  1.058249e-01  1.046592e-01  1.033277e-01  1.018456e-01  1.002300e-01
4           1            5.007270e-02  5.008043e-02  5.008856e-02  5.009707e-02  5.010596e-02  5.011521e-02  5.012479e-02  5.013468e-02  5.014482e-02  5.015516e-02  5.016562e-02  5.017611e-02  5.018653e-02  5.019674e-02  5.020660e-02  5.021592e-02  5.022451e-02  5.023213e-02  5.023851e-02  5.024338e-02  5.024642e-02  5.024728e-02  5.024560e-02  5.024103e-02  5.023318e-02  5.022171e-02  5.020630e-02  5.018671e-02  5.016280e-02  5.013456e-02  5.010220e-02  5.006619e-02  5.002737e-02  4.998699e-02  4.994689e-02  4.990957e-02  4.987834e-02  4.985753e-02  4.985256e-02  4.987022e-02  4.991875e-02  5.000811e-02  5.015008e-02  5.035842e-02  5.064900e-02  5.103508e-02  5.151398e-02  5.207647e-02  5.270952e-02  5.339614e-02  5.411539e-02  5.484245e-02  5.555030e-02  5.623057e-02  5.689232e-02  5.754645e-02  5.820493e-02  5.888043e-02  5.958595e-02  6.032637e-02  6.108186e-02  6.182824e-02  6.254227e-02  6.320228e-02  6.378872e-02  6.428482e-02  6.467946e-02  6.496633e-02  6.514162e-02  6.520391e-02  6.515406e-02  6.499495e-02  6.473132e-02  6.436627e-02  6.389689e-02  6.332253e-02  6.264595e-02  6.187268e-02  6.101040e-02  6.006840e-02
4           2            1.735481e-02  1.737110e-02  1.738765e-02  1.740434e-02  1.742100e-02  1.743745e-02  1.745346e-02  1.746877e-02  1.748308e-02  1.749603e-02  1.750724e-02  1.751626e-02  1.752260e-02  1.752574e-02  1.752512e-02  1.752014e-02  1.751022e-02  1.749479e-02  1.747333e-02  1.744540e-02  1.741074e-02  1.736931e-02  1.732138e-02  1.726766e-02  1.720945e-02  1.714878e-02  1.708866e-02  1.703327e-02  1.698828e-02  1.696117e-02  1.696155e-02  1.700162e-02  1.709654e-02  1.726496e-02  1.752943e-02  1.791693e-02  1.845929e-02  1.919362e-02  2.016266e-02  2.141480e-02  2.298836e-02  2.489308e-02  2.713030e-02  2.969507e-02  3.257554e-02  3.575269e-02  3.920014e-02  4.288716e-02  4.679816e-02  5.092346e-02  5.525053e-02  5.976408e-02  6.444627e-02  6.927674e-02  7.421600e-02  7.919506e-02  8.414312e-02  8.899208e-02  9.367821e-02  9.814369e-02  1.023357e-01  1.061961e-01  1.096716e-01  1.127211e-01  1.153154e-01  1.174373e-01  1.190803e-01  1.202479e-01  1.209433e-01  1.211663e-01  1.209273e-01  1.202464e-01  1.191516e-01  1.176767e-01  1.158597e-01  1.137412e-01  1.113628e-01  1.087663e-01  1.059923e-01  1.030796e-01
4           3            3.420280e-01  3.416220e-01  3.411870e-01  3.407212e-01  3.402229e-01  3.396903e-01  3.391215e-01  3.385148e-01  3.378683e-01  3.371804e-01  3.364493e-01  3.356734e-01  3.348514e-01  3.339820e-01  3.330640e-01  3.320968e-01  3.310798e-01  3.300131e-01  3.288971e-01  3.277326e-01  3.265211e-01  3.252649e-01  3.239669e-01  3.226308e-01  3.212613e-01  3.198638e-01  3.184451e-01  3.170125e-01  3.155748e-01  3.141416e-01  3.127234e-01  3.113318e-01  3.099791e-01  3.086783e-01  3.074430e-01  3.062870e-01  3.052239e-01  3.042676e-01  3.034308e-01  3.027259e-01  3.021638e-01  3.017540e-01  3.015040e-01  3.014194e-01  3.015036e-01  3.017574e-01  3.021791e-01  3.027646e-01  3.035072e-01  3.043980e-01  3.054259e-01  3.065720e-01  3.078090e-01  3.091082e-01  3.104416e-01  3.117819e-01  3.131036e-01  3.143834e-01  3.156009e-01  3.167385e-01  3.177818e-01  3.187199e-01  3.195450e-01  3.202524e-01  3.208403e-01  3.213094e-01  3.216627e-01  3.219052e-01  3.220431e-01  3.220840e-01  3.220363e-01  3.219089e-01  3.217108e-01  3.214512e-01  3.211390e-01  3.207828e-01  3.203908e-01  3.199703e-01  3.195285e-01  3.190716e-01

UPSILON_P N_trans=3
# upper_idx  lower_idx   upsilon(T_GRID[0]..T_GRID[N-1])
1           0            0.000000e+00  0.000000e+00  0.000000e+00  0.000000e+00  0.000000e+00  0.000000e+00  0.000000e+00  0.000000e+00  0.000000e+00  0.000000e+00  0.000000e+00  0.000000e+00  0.000000e+00  0.000000e+00  0.000000e+00  0.000000e+00  0.000000e+00  0.000000e+00  0.000000e+00  0.000000e+00  0.000000e+00  0.000000e+00  0.000000e+00  0.000000e+00  0.000000e+00  0.000000e+00  0.000000e+00  0.000000e+00  0.000000e+00  0.000000e+00  0.000000e+00  0.000000e+00  0.000000e+00  0.000000e+00  1.786764e-12  5.281656e-12  9.775960e-12  1.548262e-11  2.265027e-11  3.156700e-11  4.256404e-11  5.601909e-11  7.235901e-11  9.206177e-11  1.156572e-10  1.436725e-10  1.763777e-10  2.139105e-10  2.563459e-10  3.036890e-10  3.558677e-10  4.127289e-10  4.740359e-10  5.394712e-10  6.086402e-10  6.810744e-10  7.562401e-10  8.335491e-10  9.123721e-10  9.921080e-10  1.072397e-09  1.152946e-09  1.233462e-09  1.313653e-09  1.393233e-09  1.471927e-09  1.549392e-09  1.625228e-09  1.699075e-09  1.770625e-09  1.839617e-09  1.905845e-09  1.969150e-09  2.029442e-09  2.086751e-09  2.141139e-09  2.192682e-09  2.241458e-09  2.287556e-09  2.331066e-09
2           0            2.239461e-13  2.640274e-13  3.055951e-13  3.485064e-13  3.925725e-13  4.375511e-13  4.831387e-13  5.289629e-13  5.745740e-13  6.194366e-13  6.629213e-13  7.042984e-13  7.427314e-13  7.772743e-13  8.068717e-13  8.303642e-13  8.465002e-13  8.539575e-13  8.513764e-13  8.374085e-13  8.107849e-13  7.704100e-13  7.154852e-13  6.456701e-13  5.612907e-13  4.636001e-13  3.551055e-13  2.399692e-13  1.244960e-13  1.771943e-14  0.000000e+00  0.000000e+00  0.000000e+00  0.000000e+00  2.190235e-13  6.097204e-13  1.222509e-12  2.123525e-12  3.392112e-12  5.122350e-12  7.424501e-12  1.042629e-11  1.427391e-11  1.913230e-11  2.515867e-11  3.247823e-11  4.121373e-11  5.148660e-11  6.341458e-11  7.710912e-11  9.267263e-11  1.101837e-10  1.296295e-10  1.509425e-10  1.740271e-10  1.987615e-10  2.249996e-10  2.525745e-10  2.813150e-10  3.110554e-10  3.416211e-10  3.728306e-10  4.044990e-10  4.364421e-10  4.684814e-10  5.004585e-10  5.322267e-10  5.636483e-10  5.945960e-10  6.249542e-10  6.546199e-10  6.835034e-10  7.115277e-10  7.386289e-10  7.647560e-10  7.898703e-10  8.139447e-10  8.369625e-10  8.589170e-10  8.798099e-10
2           1            0.000000e+00  0.000000e+00  0.000000e+00  0.000000e+00  0.000000e+00  0.000000e+00  8.045350e-15  3.271108e-14  5.821796e-14  8.446698e-14  1.113305e-13  1.386486e-13  1.662244e-13  1.938208e-13  2.211559e-13  2.478996e-13  2.736705e-13  2.980342e-13  3.205021e-13  3.405334e-13  3.575394e-13  3.708911e-13  3.799329e-13  3.840009e-13  3.824504e-13  3.746926e-13  3.602424e-13  3.387813e-13  3.102362e-13  2.748783e-13  2.334435e-13  1.872788e-13  1.385152e-13  9.027168e-14  4.688931e-14  1.419758e-14  0.000000e+00  1.345341e-14  6.730400e-14  1.763581e-13  3.587902e-13  6.363054e-13  1.034461e-12  1.582937e-12  2.315946e-12  3.281559e-12  4.547515e-12  6.191773e-12  8.301418e-12  1.097194e-11  1.430606e-11  1.841217e-11  2.339356e-11  2.930873e-11  3.619519e-11  4.408122e-11  5.298475e-11  6.291239e-11  7.385869e-11  8.580194e-11  9.870351e-11  1.125126e-10  1.271676e-10  1.425967e-10  1.587198e-10  1.754356e-10  1.925722e-10  2.099459e-10  2.273868e-10  2.447405e-10  2.618697e-10  2.786551e-10  2.949938e-10  3.107530e-10  3.257794e-10  3.399564e-10  3.532036e-10  3.654719e-10  3.767396e-10  3.870077e-10

