# pyathena.photchem atomic data : OIV
# CHIANTI source : ion o_4
# Levels kept    : lowest 2 of CHIANTI (padded to 5 if smaller)
# T grid tier    : hot
# T grid         : 80 log-spaced points, 1e+04 K -> 1e+07 K
# Generated by   : pyathena/photchem/data/build_chianti_tables.py
#
# Indices below are 0-based pyathena indices (level 0 = ground).
# CHIANTI level numbers are 1-based and shown for cross-reference.
#
LEVELS N=2
# idx  chianti_lvl  conf            term       j     g    E_erg            E_K
0     1            2s2_2p          2P0.5      0.5   2     0.000000e+00   0.000000e+00
1     2            2s2_2p          2P1.5      1.5   4     7.669932e-14   5.555309e+02

A_COEFFS N=1
# upper_idx  lower_idx   A [s^-1]
1           0            5.220000e-04

T_GRID N=80
 1.000000e+04
 1.091377e+04
 1.191103e+04
 1.299942e+04
 1.418727e+04
 1.548365e+04
 1.689850e+04
 1.844263e+04
 2.012785e+04
 2.196707e+04
 2.397435e+04
 2.616505e+04
 2.855592e+04
 3.116527e+04
 3.401305e+04
 3.712105e+04
 4.051305e+04
 4.421500e+04
 4.825522e+04
 5.266462e+04
 5.747694e+04
 6.272900e+04
 6.846097e+04
 7.471671e+04
 8.154407e+04
 8.899530e+04
 9.712740e+04
 1.060026e+05
 1.156888e+05
 1.262600e+05
 1.377972e+05
 1.503887e+05
 1.641307e+05
 1.791284e+05
 1.954966e+05
 2.133605e+05
 2.328566e+05
 2.541343e+05
 2.773563e+05
 3.027002e+05
 3.303599e+05
 3.605471e+05
 3.934927e+05
 4.294488e+05
 4.686904e+05
 5.115178e+05
 5.582586e+05
 6.092705e+05
 6.649436e+05
 7.257040e+05
 7.920164e+05
 8.643883e+05
 9.433732e+05
 1.029576e+06
 1.123655e+06
 1.226331e+06
 1.338389e+06
 1.460686e+06
 1.594159e+06
 1.739828e+06
 1.898808e+06
 2.072315e+06
 2.261676e+06
 2.468340e+06
 2.693889e+06
 2.940048e+06
 3.208700e+06
 3.501900e+06
 3.821893e+06
 4.171125e+06
 4.552268e+06
 4.968240e+06
 5.422221e+06
 5.917686e+06
 6.458424e+06
 7.048574e+06
 7.692650e+06
 8.395579e+06
 9.162739e+06
 1.000000e+07

UPSILON_E N_trans=1
# upper_idx  lower_idx   upsilon(T_GRID[0]..T_GRID[N-1])
1           0            2.824795e+00  2.833149e+00  2.824351e+00  2.799492e+00  2.761663e+00  2.716779e+00  2.674048e+00  2.638991e+00  2.612570e+00  2.595315e+00  2.587262e+00  2.587736e+00  2.595096e+00  2.606408e+00  2.617422e+00  2.625925e+00  2.631485e+00  2.633709e+00  2.632230e+00  2.626729e+00  2.616953e+00  2.602741e+00  2.584046e+00  2.560959e+00  2.533729e+00  2.502583e+00  2.467439e+00  2.428218e+00  2.384900e+00  2.337529e+00  2.286216e+00  2.231141e+00  2.172553e+00  2.110801e+00  2.046366e+00  1.979784e+00  1.911630e+00  1.842497e+00  1.772986e+00  1.703683e+00  1.635146e+00  1.567758e+00  1.501691e+00  1.437088e+00  1.374085e+00  1.312805e+00  1.253359e+00  1.195844e+00  1.140345e+00  1.086929e+00  1.035651e+00  9.865554e-01  9.396987e-01  8.951228e-01  8.528436e-01  8.128540e-01  7.751271e-01  7.396196e-01  7.062743e-01  6.750175e-01  6.457469e-01  6.183583e-01  5.927529e-01  5.688365e-01  5.465188e-01  5.257128e-01  5.063348e-01  4.883038e-01  4.715414e-01  4.559720e-01  4.415233e-01  4.281257e-01  4.157126e-01  4.042205e-01  3.935886e-01  3.837593e-01  3.746780e-01  3.662930e-01  3.585597e-01  3.514373e-01

UPSILON_P N_trans=1
# upper_idx  lower_idx   upsilon(T_GRID[0]..T_GRID[N-1])
1           0            0.000000e+00  0.000000e+00  0.000000e+00  0.000000e+00  0.000000e+00  0.000000e+00  0.000000e+00  0.000000e+00  0.000000e+00  1.776140e-11  5.724547e-11  1.041115e-10  1.592444e-10  2.235507e-10  2.979347e-10  3.832691e-10  4.803571e-10  5.898872e-10  7.123805e-10  8.481291e-10  9.971302e-10  1.159013e-09  1.332968e-09  1.517670e-09  1.711374e-09  1.912941e-09  2.121440e-09  2.335719e-09  2.554409e-09  2.775929e-09  2.998510e-09  3.220389e-09  3.440245e-09  3.656843e-09  3.868977e-09  4.075490e-09  4.275301e-09  4.467659e-09  4.652373e-09  4.829403e-09  4.998796e-09  5.160668e-09  5.315210e-09  5.463282e-09  5.606442e-09  5.746074e-09  5.883306e-09  6.019008e-09  6.153795e-09  6.287825e-09  6.418908e-09  6.544065e-09  6.661074e-09  6.768408e-09  6.865134e-09  6.950817e-09  7.025426e-09  7.089247e-09  7.142801e-09  7.186775e-09  7.221966e-09  7.249227e-09  7.269436e-09  7.283457e-09  7.292123e-09  7.296217e-09  7.296467e-09  7.293531e-09  7.288003e-09  7.280410e-09  7.271213e-09  7.260811e-09  7.249546e-09  7.237710e-09  7.225546e-09  7.213255e-09  7.201002e-09  7.188920e-09  7.177113e-09  7.165662e-09

