# pyathena.photchem atomic data : OVI
# CHIANTI source : ion o_6
# Levels kept    : lowest 3 of CHIANTI (padded to 5 if smaller)
# T grid tier    : hot
# T grid         : 80 log-spaced points, 1e+04 K -> 1e+07 K
# Generated by   : pyathena/photchem/data/build_chianti_tables.py
#
# Indices below are 0-based pyathena indices (level 0 = ground).
# CHIANTI level numbers are 1-based and shown for cross-reference.
#
LEVELS N=3
# idx  chianti_lvl  conf            term       j     g    E_erg            E_K
0     1            1s2.2s          2S0.5      0.5   2     0.000000e+00   0.000000e+00
1     2            1s2.2p          2P0.5      0.5   2     1.914007e-11   1.386310e+05
2     3            1s2.2p          2P1.5      1.5   4     1.924583e-11   1.393970e+05

A_COEFFS N=2
# upper_idx  lower_idx   A [s^-1]
1           0            4.100000e+08
2           0            4.160000e+08

T_GRID N=80
 1.000000e+04
 1.091377e+04
 1.191103e+04
 1.299942e+04
 1.418727e+04
 1.548365e+04
 1.689850e+04
 1.844263e+04
 2.012785e+04
 2.196707e+04
 2.397435e+04
 2.616505e+04
 2.855592e+04
 3.116527e+04
 3.401305e+04
 3.712105e+04
 4.051305e+04
 4.421500e+04
 4.825522e+04
 5.266462e+04
 5.747694e+04
 6.272900e+04
 6.846097e+04
 7.471671e+04
 8.154407e+04
 8.899530e+04
 9.712740e+04
 1.060026e+05
 1.156888e+05
 1.262600e+05
 1.377972e+05
 1.503887e+05
 1.641307e+05
 1.791284e+05
 1.954966e+05
 2.133605e+05
 2.328566e+05
 2.541343e+05
 2.773563e+05
 3.027002e+05
 3.303599e+05
 3.605471e+05
 3.934927e+05
 4.294488e+05
 4.686904e+05
 5.115178e+05
 5.582586e+05
 6.092705e+05
 6.649436e+05
 7.257040e+05
 7.920164e+05
 8.643883e+05
 9.433732e+05
 1.029576e+06
 1.123655e+06
 1.226331e+06
 1.338389e+06
 1.460686e+06
 1.594159e+06
 1.739828e+06
 1.898808e+06
 2.072315e+06
 2.261676e+06
 2.468340e+06
 2.693889e+06
 2.940048e+06
 3.208700e+06
 3.501900e+06
 3.821893e+06
 4.171125e+06
 4.552268e+06
 4.968240e+06
 5.422221e+06
 5.917686e+06
 6.458424e+06
 7.048574e+06
 7.692650e+06
 8.395579e+06
 9.162739e+06
 1.000000e+07

UPSILON_E N_trans=3
# upper_idx  lower_idx   upsilon(T_GRID[0]..T_GRID[N-1])
1           0            1.686995e+00  1.687037e+00  1.687121e+00  1.687256e+00  1.687452e+00  1.687723e+00  1.688083e+00  1.688549e+00  1.689139e+00  1.689877e+00  1.690785e+00  1.691891e+00  1.693225e+00  1.694819e+00  1.696708e+00  1.698931e+00  1.701529e+00  1.704544e+00  1.708020e+00  1.712001e+00  1.716533e+00  1.721660e+00  1.727423e+00  1.733861e+00  1.741007e+00  1.748890e+00  1.757529e+00  1.766937e+00  1.777115e+00  1.788055e+00  1.799740e+00  1.812176e+00  1.825383e+00  1.839375e+00  1.854165e+00  1.869764e+00  1.886175e+00  1.903402e+00  1.921443e+00  1.940297e+00  1.959996e+00  1.980587e+00  2.002112e+00  2.024611e+00  2.048120e+00  2.072667e+00  2.098278e+00  2.124968e+00  2.152751e+00  2.181636e+00  2.211658e+00  2.242845e+00  2.275221e+00  2.308795e+00  2.343574e+00  2.379554e+00  2.416723e+00  2.455067e+00  2.494563e+00  2.535186e+00  2.576906e+00  2.619690e+00  2.663502e+00  2.708304e+00  2.754027e+00  2.800593e+00  2.847933e+00  2.895978e+00  2.944669e+00  2.993947e+00  3.043761e+00  3.094062e+00  3.144806e+00  3.195952e+00  3.247462e+00  3.299303e+00  3.351443e+00  3.403853e+00  3.456507e+00  3.509380e+00
2           0            3.306357e+00  3.309439e+00  3.312748e+00  3.316298e+00  3.320103e+00  3.324176e+00  3.328532e+00  3.333185e+00  3.338151e+00  3.343446e+00  3.349088e+00  3.355094e+00  3.361485e+00  3.368285e+00  3.375518e+00  3.383215e+00  3.391410e+00  3.400145e+00  3.409467e+00  3.419434e+00  3.430115e+00  3.441588e+00  3.453949e+00  3.467307e+00  3.481789e+00  3.497540e+00  3.514723e+00  3.533521e+00  3.554137e+00  3.576708e+00  3.601226e+00  3.627650e+00  3.655908e+00  3.685906e+00  3.717530e+00  3.750640e+00  3.785083e+00  3.820693e+00  3.857419e+00  3.895365e+00  3.934639e+00  3.975349e+00  4.017594e+00  4.061468e+00  4.107054e+00  4.154421e+00  4.203629e+00  4.254741e+00  4.307913e+00  4.363310e+00  4.421068e+00  4.481298e+00  4.544084e+00  4.609485e+00  4.677538e+00  4.748258e+00  4.821640e+00  4.897666e+00  4.976299e+00  5.057492e+00  5.141188e+00  5.227280e+00  5.315581e+00  5.405905e+00  5.498082e+00  5.591953e+00  5.687369e+00  5.784194e+00  5.882304e+00  5.981581e+00  6.081919e+00  6.183221e+00  6.285396e+00  6.388363e+00  6.492044e+00  6.596372e+00  6.701283e+00  6.806720e+00  6.912629e+00  7.018963e+00
2           1            4.888131e-01  4.867642e-01  4.847378e-01  4.827585e-01  4.808541e-01  4.790557e-01  4.773969e-01  4.759145e-01  4.746473e-01  4.736357e-01  4.729215e-01  4.725464e-01  4.725516e-01  4.729763e-01  4.738570e-01  4.752257e-01  4.771091e-01  4.795272e-01  4.824921e-01  4.860072e-01  4.900660e-01  4.946514e-01  4.997358e-01  5.052802e-01  5.112346e-01  5.175387e-01  5.241216e-01  5.309037e-01  5.377969e-01  5.447061e-01  5.515307e-01  5.581655e-01  5.645027e-01  5.704325e-01  5.758452e-01  5.806321e-01  5.846867e-01  5.879054e-01  5.901889e-01  5.914427e-01  5.915776e-01  5.905101e-01  5.881636e-01  5.845256e-01  5.796991e-01  5.737988e-01  5.669377e-01  5.592257e-01  5.507693e-01  5.416713e-01  5.320300e-01  5.219394e-01  5.114885e-01  5.007619e-01  4.898389e-01  4.787945e-01  4.676986e-01  4.566165e-01  4.456092e-01  4.347332e-01  4.240408e-01  4.135805e-01  4.033967e-01  3.935305e-01  3.840195e-01  3.748979e-01  3.661970e-01  3.579454e-01  3.501664e-01  3.428529e-01  3.359797e-01  3.295224e-01  3.234577e-01  3.177637e-01  3.124194e-01  3.074049e-01  3.027013e-01  2.982907e-01  2.941560e-01  2.902811e-01

UPSILON_P N_trans=0
# upper_idx  lower_idx   upsilon(T_GRID[0]..T_GRID[N-1])

