# pyathena.photchem atomic data : SI
# CHIANTI source : ion s_1
# Levels kept    : lowest 5 of CHIANTI (padded to 5 if smaller)
# T grid tier    : cold
# T grid         : 80 log-spaced points, 10 K -> 1e+05 K
# Generated by   : pyathena/photchem/data/build_chianti_tables.py
#
# Indices below are 0-based pyathena indices (level 0 = ground).
# CHIANTI level numbers are 1-based and shown for cross-reference.
#
LEVELS N=5
# idx  chianti_lvl  conf            term       j     g    E_erg            E_K
0     1            3s2.3p4         3P2        2.0   5     0.000000e+00   0.000000e+00
1     2            3s2.3p4         3P1        1.0   3     7.866546e-14   5.697716e+02
2     3            3s2.3p4         3P0        0.0   1     1.139170e-13   8.250972e+02
3     4            3s2.3p4         1D2        2.0   5     1.834786e-12   1.328930e+04
4     5            3s2.3p4         1S0        0.0   1     4.404948e-12   3.190491e+04

A_COEFFS N=9
# upper_idx  lower_idx   A [s^-1]
1           0            1.025000e-03
2           0            4.126000e-08
2           1            2.126000e-04
3           0            2.509000e-02
3           1            7.456000e-03
3           2            3.823000e-06
4           0            5.082000e-03
4           1            3.071000e-01
4           3            1.216000e+00

T_GRID N=80
 1.000000e+01
 1.123655e+01
 1.262600e+01
 1.418727e+01
 1.594159e+01
 1.791284e+01
 2.012785e+01
 2.261676e+01
 2.541343e+01
 2.855592e+01
 3.208700e+01
 3.605471e+01
 4.051305e+01
 4.552268e+01
 5.115178e+01
 5.747694e+01
 6.458424e+01
 7.257040e+01
 8.154407e+01
 9.162739e+01
 1.029576e+02
 1.156888e+02
 1.299942e+02
 1.460686e+02
 1.641307e+02
 1.844263e+02
 2.072315e+02
 2.328566e+02
 2.616505e+02
 2.940048e+02
 3.303599e+02
 3.712105e+02
 4.171125e+02
 4.686904e+02
 5.266462e+02
 5.917686e+02
 6.649436e+02
 7.471671e+02
 8.395579e+02
 9.433732e+02
 1.060026e+03
 1.191103e+03
 1.338389e+03
 1.503887e+03
 1.689850e+03
 1.898808e+03
 2.133605e+03
 2.397435e+03
 2.693889e+03
 3.027002e+03
 3.401305e+03
 3.821893e+03
 4.294488e+03
 4.825522e+03
 5.422221e+03
 6.092705e+03
 6.846097e+03
 7.692650e+03
 8.643883e+03
 9.712740e+03
 1.091377e+04
 1.226331e+04
 1.377972e+04
 1.548365e+04
 1.739828e+04
 1.954966e+04
 2.196707e+04
 2.468340e+04
 2.773563e+04
 3.116527e+04
 3.501900e+04
 3.934927e+04
 4.421500e+04
 4.968240e+04
 5.582586e+04
 6.272900e+04
 7.048574e+04
 7.920164e+04
 8.899530e+04
 1.000000e+05

UPSILON_E N_trans=10
# upper_idx  lower_idx   upsilon(T_GRID[0]..T_GRID[N-1])
1           0            0.000000e+00  0.000000e+00  0.000000e+00  0.000000e+00  0.000000e+00  0.000000e+00  0.000000e+00  0.000000e+00  0.000000e+00  0.000000e+00  0.000000e+00  0.000000e+00  0.000000e+00  0.000000e+00  0.000000e+00  0.000000e+00  0.000000e+00  0.000000e+00  0.000000e+00  0.000000e+00  0.000000e+00  0.000000e+00  0.000000e+00  0.000000e+00  8.245100e-05  2.160105e-04  3.957771e-04  6.341765e-04  9.465054e-04  1.351474e-03  1.871802e-03  2.534859e-03  3.373305e-03  4.425694e-03  5.736951e-03  7.358605e-03  9.348596e-03  1.177043e-02  1.469132e-02  1.817893e-02  2.229611e-02  2.709294e-02  3.259526e-02  3.878879e-02  4.559767e-02  5.285657e-02  6.027543e-02  6.739634e-02  7.367235e-02  8.050193e-02  9.156036e-02  1.066413e-01  1.211126e-01  1.343613e-01  1.499176e-01  1.692402e-01  1.918118e-01  2.168021e-01  2.434468e-01  2.741964e-01  3.132520e-01  3.608848e-01  4.149814e-01  4.731650e-01  5.329563e-01  5.919232e-01  6.491149e-01  7.121584e-01  7.906299e-01  8.917597e-01  1.016575e+00  1.144863e+00  1.256850e+00  1.348988e+00  1.425852e+00  1.505574e+00  1.599563e+00  1.697177e+00  1.786897e+00  1.861863e+00
2           0            4.185886e-04  4.300483e-04  4.429116e-04  4.573487e-04  4.735497e-04  4.917273e-04  5.121187e-04  5.349892e-04  5.606340e-04  5.893823e-04  6.216006e-04  6.576958e-04  6.981197e-04  7.433732e-04  7.940098e-04  8.506410e-04  9.139399e-04  9.846460e-04  1.063569e-03  1.151592e-03  1.249677e-03  1.358862e-03  1.480265e-03  1.615084e-03  1.764590e-03  1.930123e-03  2.113081e-03  2.314905e-03  2.537065e-03  2.781030e-03  3.048243e-03  3.340087e-03  3.657849e-03  4.002682e-03  4.375570e-03  4.777311e-03  5.208514e-03  5.669637e-03  6.161088e-03  6.683413e-03  7.237610e-03  7.825624e-03  8.451076e-03  9.120295e-03  9.843734e-03  1.063783e-02  1.152740e-02  1.254859e-02  1.375621e-02  1.528970e-02  1.737822e-02  2.000833e-02  2.288953e-02  2.594682e-02  2.932843e-02  3.309836e-02  3.723855e-02  4.171428e-02  4.653606e-02  5.231040e-02  5.995232e-02  6.951519e-02  8.053079e-02  9.247186e-02  1.047880e-01  1.169389e-01  1.287150e-01  1.418133e-01  1.583621e-01  1.799686e-01  2.069423e-01  2.352946e-01  2.609707e-01  2.826052e-01  3.007463e-01  3.199432e-01  3.432371e-01  3.684025e-01  3.928586e-01  4.149805e-01
2           1            0.000000e+00  0.000000e+00  0.000000e+00  0.000000e+00  0.000000e+00  0.000000e+00  0.000000e+00  0.000000e+00  0.000000e+00  0.000000e+00  0.000000e+00  0.000000e+00  0.000000e+00  0.000000e+00  0.000000e+00  0.000000e+00  0.000000e+00  0.000000e+00  0.000000e+00  0.000000e+00  0.000000e+00  0.000000e+00  0.000000e+00  0.000000e+00  0.000000e+00  0.000000e+00  0.000000e+00  0.000000e+00  0.000000e+00  0.000000e+00  0.000000e+00  0.000000e+00  1.121380e-03  3.686364e-03  7.082969e-03  1.150290e-02  1.716836e-02  2.433213e-02  3.327519e-02  4.430055e-02  5.772172e-02  7.384364e-02  9.293366e-02  1.151796e-01  1.406315e-01  1.691243e-01  2.001778e-01  2.328725e-01  2.669776e-01  3.233883e-01  4.473431e-01  6.413045e-01  8.583352e-01  1.089056e+00  1.362536e+00  1.684793e+00  2.039485e+00  2.404055e+00  2.752149e+00  3.070859e+00  3.356574e+00  3.605731e+00  3.815228e+00  3.983003e+00  4.108124e+00  4.190801e+00  4.231651e+00  4.227881e+00  4.176701e+00  4.077457e+00  3.934854e+00  3.772368e+00  3.613566e+00  3.471535e+00  3.347674e+00  3.215408e+00  3.055542e+00  2.877681e+00  2.694654e+00  2.515361e+00
3           0            0.000000e+00  0.000000e+00  0.000000e+00  0.000000e+00  0.000000e+00  0.000000e+00  0.000000e+00  0.000000e+00  0.000000e+00  0.000000e+00  0.000000e+00  0.000000e+00  0.000000e+00  0.000000e+00  0.000000e+00  0.000000e+00  0.000000e+00  0.000000e+00  0.000000e+00  0.000000e+00  0.000000e+00  0.000000e+00  0.000000e+00  0.000000e+00  0.000000e+00  0.000000e+00  0.000000e+00  5.114732e-05  3.199253e-04  6.826591e-04  1.163678e-03  1.792418e-03  2.604145e-03  3.640639e-03  4.950743e-03  6.590653e-03  8.623754e-03  1.111973e-02  1.415260e-02  1.779719e-02  2.212342e-02  2.718767e-02  3.302027e-02  3.960808e-02  4.687107e-02  5.463172e-02  6.257631e-02  7.020759e-02  7.692884e-02  8.424319e-02  9.611232e-02  1.122754e-01  1.276408e-01  1.413235e-01  1.567891e-01  1.753706e-01  1.963633e-01  2.187312e-01  2.414409e-01  2.661450e-01  2.960079e-01  3.312733e-01  3.704218e-01  4.117654e-01  4.535622e-01  4.941217e-01  5.330077e-01  5.770923e-01  6.348716e-01  7.127758e-01  8.122673e-01  9.186007e-01  1.016547e+00  1.100430e+00  1.172025e+00  1.249555e+00  1.344453e+00  1.443986e+00  1.534764e+00  1.608841e+00
3           1            0.000000e+00  0.000000e+00  0.000000e+00  0.000000e+00  0.000000e+00  0.000000e+00  0.000000e+00  0.000000e+00  0.000000e+00  0.000000e+00  0.000000e+00  0.000000e+00  0.000000e+00  0.000000e+00  0.000000e+00  0.000000e+00  0.000000e+00  0.000000e+00  0.000000e+00  0.000000e+00  0.000000e+00  0.000000e+00  0.000000e+00  0.000000e+00  0.000000e+00  0.000000e+00  0.000000e+00  1.051870e-04  2.741096e-04  4.999804e-04  7.973854e-04  1.183956e-03  1.680801e-03  2.312909e-03  3.109477e-03  4.104078e-03  5.334556e-03  6.842497e-03  8.672047e-03  1.086780e-02  1.347139e-02  1.651633e-02  2.002055e-02  2.397599e-02  2.833466e-02  3.299036e-02  3.775561e-02  4.233344e-02  4.636848e-02  5.076135e-02  5.787571e-02  6.757275e-02  7.686462e-02  8.519085e-02  9.448891e-02  1.055256e-01  1.179576e-01  1.312714e-01  1.449588e-01  1.599112e-01  1.777954e-01  1.987143e-01  2.218307e-01  2.462135e-01  2.709009e-01  2.949572e-01  3.181624e-01  3.444585e-01  3.786957e-01  4.245381e-01  4.827983e-01  5.450398e-01  6.025342e-01  6.518280e-01  6.938590e-01  7.394943e-01  7.955399e-01  8.544070e-01  9.081337e-01  9.519910e-01
3           2            1.428354e-04  1.602748e-04  1.798124e-04  2.016925e-04  2.261857e-04  2.535910e-04  2.842382e-04  3.184901e-04  3.567445e-04  3.994363e-04  4.470384e-04  5.000633e-04  5.590624e-04  6.246254e-04  6.973773e-04  7.779735e-04  8.670924e-04  9.654242e-04  1.073655e-03  1.192447e-03  1.322406e-03  1.464050e-03  1.617758e-03  1.783709e-03  1.961808e-03  2.151595e-03  2.352129e-03  2.561861e-03  2.778470e-03  2.998694e-03  3.218133e-03  3.431043e-03  3.630137e-03  3.806407e-03  3.949014e-03  4.045280e-03  4.080873e-03  4.040286e-03  3.907733e-03  3.668667e-03  3.312144e-03  2.834329e-03  2.243485e-03  1.566856e-03  8.598579e-04  2.179986e-04  0.000000e+00  0.000000e+00  5.363248e-04  1.675547e-03  2.205473e-03  2.037726e-03  2.165159e-03  2.792196e-03  3.305099e-03  3.506469e-03  3.597690e-03  3.854998e-03  4.577386e-03  5.696858e-03  6.912665e-03  8.113784e-03  9.300627e-03  1.047528e-02  1.164013e-02  1.279737e-02  1.408053e-02  1.646678e-02  2.109178e-02  2.880555e-02  3.995206e-02  5.354670e-02  6.820830e-02  8.205679e-02  9.446021e-02  1.091212e-01  1.285546e-01  1.504233e-01  1.721131e-01  1.919540e-01
4           0            8.627082e-04  8.495273e-04  8.347714e-04  8.182600e-04  7.997940e-04  7.791545e-04  7.561011e-04  7.303714e-04  7.016794e-04  6.697157e-04  6.341469e-04  5.946167e-04  5.507476e-04  5.021435e-04  4.483952e-04  3.890868e-04  3.238062e-04  2.521583e-04  1.737835e-04  8.838231e-05  0.000000e+00  0.000000e+00  0.000000e+00  0.000000e+00  0.000000e+00  0.000000e+00  0.000000e+00  0.000000e+00  0.000000e+00  0.000000e+00  0.000000e+00  0.000000e+00  0.000000e+00  0.000000e+00  0.000000e+00  0.000000e+00  0.000000e+00  0.000000e+00  0.000000e+00  9.342480e-05  7.752393e-04  1.624062e-03  2.642042e-03  3.815722e-03  5.107916e-03  6.447119e-03  7.714118e-03  8.725618e-03  9.255263e-03  9.660294e-03  1.098915e-02  1.323114e-02  1.516086e-02  1.653998e-02  1.814922e-02  2.027865e-02  2.275180e-02  2.531731e-02  2.772075e-02  3.026879e-02  3.359327e-02  3.780286e-02  4.269206e-02  4.802757e-02  5.356484e-02  5.906292e-02  6.442527e-02  7.039288e-02  7.789599e-02  8.763588e-02  9.977443e-02  1.127400e-01  1.248663e-01  1.353209e-01  1.441471e-01  1.534851e-01  1.647035e-01  1.763002e-01  1.867035e-01  1.949924e-01
4           1            0.000000e+00  0.000000e+00  0.000000e+00  0.000000e+00  0.000000e+00  0.000000e+00  0.000000e+00  0.000000e+00  0.000000e+00  0.000000e+00  0.000000e+00  0.000000e+00  0.000000e+00  0.000000e+00  0.000000e+00  0.000000e+00  0.000000e+00  0.000000e+00  0.000000e+00  0.000000e+00  0.000000e+00  0.000000e+00  0.000000e+00  5.111104e-06  1.268410e-05  2.288146e-05  3.641658e-05  5.417163e-05  7.723122e-05  1.069205e-04  1.448471e-04  1.929460e-04  2.535250e-04  3.293066e-04  4.234624e-04  5.396290e-04  6.818954e-04  8.547438e-04  1.062921e-03  1.311210e-03  1.604061e-03  1.945038e-03  2.336017e-03  2.776070e-03  3.259972e-03  3.776242e-03  4.304685e-03  4.813368e-03  5.264019e-03  5.752449e-03  6.532496e-03  7.607417e-03  8.689106e-03  9.680073e-03  1.068690e-02  1.179145e-02  1.305195e-02  1.453839e-02  1.632506e-02  1.843042e-02  2.083089e-02  2.348505e-02  2.633841e-02  2.932959e-02  3.239365e-02  3.546564e-02  3.854732e-02  4.205191e-02  4.647751e-02  5.219578e-02  5.931982e-02  6.719994e-02  7.499097e-02  8.158933e-02  8.656926e-02  9.170215e-02  9.827009e-02  1.053200e-01  1.117747e-01  1.169909e-01
4           2            0.000000e+00  0.000000e+00  0.000000e+00  0.000000e+00  0.000000e+00  0.000000e+00  0.000000e+00  0.000000e+00  0.000000e+00  0.000000e+00  0.000000e+00  0.000000e+00  0.000000e+00  0.000000e+00  0.000000e+00  0.000000e+00  0.000000e+00  0.000000e+00  0.000000e+00  0.000000e+00  0.000000e+00  0.000000e+00  0.000000e+00  0.000000e+00  0.000000e+00  0.000000e+00  0.000000e+00  0.000000e+00  0.000000e+00  0.000000e+00  0.000000e+00  0.000000e+00  0.000000e+00  0.000000e+00  0.000000e+00  0.000000e+00  0.000000e+00  0.000000e+00  0.000000e+00  0.000000e+00  0.000000e+00  0.000000e+00  0.000000e+00  0.000000e+00  0.000000e+00  0.000000e+00  3.786691e-07  3.525556e-07  0.000000e+00  0.000000e+00  3.973906e-06  5.161067e-06  0.000000e+00  0.000000e+00  1.038162e-04  3.692394e-04  6.905410e-04  9.550255e-04  1.043255e-03  1.008151e-03  1.009003e-03  1.095424e-03  1.252152e-03  1.460898e-03  1.702042e-03  1.955877e-03  2.227407e-03  2.674139e-03  3.484641e-03  4.800263e-03  6.659732e-03  8.787073e-03  1.089181e-02  1.286376e-02  1.473646e-02  1.688017e-02  1.950525e-02  2.227208e-02  2.483823e-02  2.699795e-02
4           3            2.492897e-03  2.797265e-03  3.138254e-03  3.520126e-03  3.947603e-03  4.425906e-03  4.960789e-03  5.558584e-03  6.226236e-03  6.971332e-03  7.802128e-03  8.727567e-03  9.757274e-03  1.090154e-02  1.217127e-02  1.357791e-02  1.513329e-02  1.684947e-02  1.873841e-02  2.081166e-02  2.307983e-02  2.555193e-02  2.823456e-02  3.113087e-02  3.423921e-02  3.755152e-02  4.105141e-02  4.471181e-02  4.849223e-02  5.233573e-02  5.616552e-02  5.988135e-02  6.335604e-02  6.643237e-02  6.892116e-02  7.060113e-02  7.122219e-02  7.051366e-02  6.820004e-02  6.402745e-02  5.780491e-02  4.946549e-02  3.915345e-02  2.734433e-02  1.500534e-02  3.803447e-03  0.000000e+00  0.000000e+00  9.436766e-03  3.081427e-02  4.563595e-02  5.009545e-02  5.394032e-02  6.123247e-02  6.986914e-02  7.889365e-02  8.849189e-02  9.892350e-02  1.105405e-01  1.241686e-01  1.408239e-01  1.603809e-01  1.820171e-01  2.048222e-01  2.278570e-01  2.502104e-01  2.716053e-01  2.954347e-01  3.259152e-01  3.662403e-01  4.170839e-01  4.707940e-01  5.197186e-01  5.621317e-01  5.995905e-01  6.397489e-01  6.880554e-01  7.429117e-01  8.015674e-01  8.618573e-01

UPSILON_P N_trans=0
# upper_idx  lower_idx   upsilon(T_GRID[0]..T_GRID[N-1])

