# pyathena.photchem atomic data : SIII
# CHIANTI source : ion s_3
# Levels kept    : lowest 5 of CHIANTI (padded to 5 if smaller)
# T grid tier    : warm
# T grid         : 80 log-spaced points, 1e+03 K -> 5e+05 K
# Generated by   : pyathena/photchem/data/build_chianti_tables.py
#
# Indices below are 0-based pyathena indices (level 0 = ground).
# CHIANTI level numbers are 1-based and shown for cross-reference.
#
LEVELS N=5
# idx  chianti_lvl  conf            term       j     g    E_erg            E_K
0     1            3s2.3p2         3P0        0.0   1     0.000000e+00   0.000000e+00
1     2            3s2.3p2         3P1        1.0   3     5.928210e-14   4.293785e+02
2     3            3s2.3p2         3P2        2.0   5     1.654537e-13   1.198376e+03
3     4            3s2.3p2         1D2        2.0   5     2.248907e-12   1.628876e+04
4     5            3s2.3p2         1S0        0.0   1     5.394472e-12   3.907201e+04

A_COEFFS N=9
# upper_idx  lower_idx   A [s^-1]
1           0            3.418000e-04
2           0            2.277000e-08
2           1            1.430000e-03
3           0            5.638000e-06
3           1            1.953000e-02
3           2            5.157000e-02
4           1            6.876000e-01
4           2            9.532000e-03
4           3            2.189000e+00

T_GRID N=80
 1.000000e+03
 1.081843e+03
 1.170384e+03
 1.266171e+03
 1.369799e+03
 1.481907e+03
 1.603190e+03
 1.734400e+03
 1.876348e+03
 2.029914e+03
 2.196048e+03
 2.375779e+03
 2.570219e+03
 2.780573e+03
 3.008143e+03
 3.254338e+03
 3.520682e+03
 3.808825e+03
 4.120550e+03
 4.457788e+03
 4.822626e+03
 5.217323e+03
 5.644324e+03
 6.106271e+03
 6.606026e+03
 7.146682e+03
 7.731586e+03
 8.364361e+03
 9.048924e+03
 9.789514e+03
 1.059072e+04
 1.145749e+04
 1.239520e+04
 1.340966e+04
 1.450715e+04
 1.569445e+04
 1.697893e+04
 1.836854e+04
 1.987187e+04
 2.149824e+04
 2.325772e+04
 2.516120e+04
 2.722046e+04
 2.944826e+04
 3.185839e+04
 3.446577e+04
 3.728655e+04
 4.033818e+04
 4.363957e+04
 4.721116e+04
 5.107506e+04
 5.525519e+04
 5.977743e+04
 6.466978e+04
 6.996254e+04
 7.568847e+04
 8.188303e+04
 8.858457e+04
 9.583459e+04
 1.036780e+05
 1.121633e+05
 1.213430e+05
 1.312741e+05
 1.420179e+05
 1.536411e+05
 1.662155e+05
 1.798191e+05
 1.945360e+05
 2.104573e+05
 2.276818e+05
 2.463159e+05
 2.664751e+05
 2.882841e+05
 3.118781e+05
 3.374031e+05
 3.650172e+05
 3.948912e+05
 4.272102e+05
 4.621743e+05
 5.000000e+05

UPSILON_E N_trans=10
# upper_idx  lower_idx   upsilon(T_GRID[0]..T_GRID[N-1])
1           0            2.080006e+00  2.083010e+00  2.086206e+00  2.089590e+00  2.093151e+00  2.096872e+00  2.100725e+00  2.104711e+00  2.108931e+00  2.113547e+00  2.118786e+00  2.124953e+00  2.132448e+00  2.141573e+00  2.152296e+00  2.164467e+00  2.177826e+00  2.191974e+00  2.206357e+00  2.220480e+00  2.234011e+00  2.246570e+00  2.257707e+00  2.266897e+00  2.273557e+00  2.277334e+00  2.278130e+00  2.275911e+00  2.270712e+00  2.262635e+00  2.251865e+00  2.238707e+00  2.223573e+00  2.206951e+00  2.189400e+00  2.171532e+00  2.153908e+00  2.136622e+00  2.119607e+00  2.102791e+00  2.086103e+00  2.069473e+00  2.052828e+00  2.036088e+00  2.019175e+00  2.002030e+00  1.984608e+00  1.966884e+00  1.948639e+00  1.929234e+00  1.908106e+00  1.884842e+00  1.859173e+00  1.830957e+00  1.800142e+00  1.766735e+00  1.730839e+00  1.692638e+00  1.652377e+00  1.610338e+00  1.566665e+00  1.521402e+00  1.474683e+00  1.426721e+00  1.377775e+00  1.328142e+00  1.278170e+00  1.228219e+00  1.178614e+00  1.129646e+00  1.081566e+00  1.034562e+00  9.885723e-01  9.434965e-01  8.993091e-01  8.560368e-01  8.137380e-01  7.724969e-01  7.324415e-01  6.936911e-01
2           0            9.840083e-01  9.798467e-01  9.755176e-01  9.710861e-01  9.666453e-01  9.623249e-01  9.582992e-01  9.547489e-01  9.517728e-01  9.494528e-01  9.478631e-01  9.470649e-01  9.470991e-01  9.479809e-01  9.496947e-01  9.521780e-01  9.553093e-01  9.588929e-01  9.626501e-01  9.664117e-01  9.702245e-01  9.741707e-01  9.783596e-01  9.829306e-01  9.880533e-01  9.938790e-01  1.000538e+00  1.008173e+00  1.016941e+00  1.027010e+00  1.038545e+00  1.051601e+00  1.066156e+00  1.082165e+00  1.099561e+00  1.118256e+00  1.138103e+00  1.158748e+00  1.179752e+00  1.200673e+00  1.221070e+00  1.240523e+00  1.258653e+00  1.275176e+00  1.289861e+00  1.302520e+00  1.313011e+00  1.321240e+00  1.327110e+00  1.330458e+00  1.331179e+00  1.329240e+00  1.324669e+00  1.317553e+00  1.307882e+00  1.295501e+00  1.280357e+00  1.262499e+00  1.242064e+00  1.219255e+00  1.194365e+00  1.167748e+00  1.139752e+00  1.110713e+00  1.080943e+00  1.050716e+00  1.020112e+00  9.891330e-01  9.578467e-01  9.263619e-01  8.948140e-01  8.633489e-01  8.320973e-01  8.011843e-01  7.707350e-01  7.408679e-01  7.116914e-01  6.832842e-01  6.556373e-01  6.287404e-01
2           1            4.860003e+00  4.856781e+00  4.853404e+00  4.849911e+00  4.846354e+00  4.842812e+00  4.839388e+00  4.836264e+00  4.833785e+00  4.832431e+00  4.832837e+00  4.835827e+00  4.842447e+00  4.853488e+00  4.868891e+00  4.888269e+00  4.910915e+00  4.935726e+00  4.961147e+00  4.986000e+00  5.009932e+00  5.032609e+00  5.053671e+00  5.072728e+00  5.089389e+00  5.103639e+00  5.115877e+00  5.126671e+00  5.136756e+00  5.147041e+00  5.158520e+00  5.171563e+00  5.186134e+00  5.202172e+00  5.219591e+00  5.238281e+00  5.258083e+00  5.278659e+00  5.299603e+00  5.320503e+00  5.340950e+00  5.360551e+00  5.378808e+00  5.394792e+00  5.407574e+00  5.416352e+00  5.420474e+00  5.419438e+00  5.412533e+00  5.398416e+00  5.375997e+00  5.344565e+00  5.303763e+00  5.253543e+00  5.193911e+00  5.124803e+00  5.046459e+00  4.959395e+00  4.864341e+00  4.762174e+00  4.653552e+00  4.538966e+00  4.419104e+00  4.294801e+00  4.166981e+00  4.036592e+00  3.904418e+00  3.771169e+00  3.637586e+00  3.504406e+00  3.372337e+00  3.241984e+00  3.113491e+00  2.986916e+00  2.862444e+00  2.740336e+00  2.620890e+00  2.504468e+00  2.391671e+00  2.283027e+00
3           0            6.979751e-01  7.041773e-01  7.105508e-01  7.169476e-01  7.231597e-01  7.289028e-01  7.337974e-01  7.374789e-01  7.398437e-01  7.408830e-01  7.406685e-01  7.393800e-01  7.373360e-01  7.348329e-01  7.319405e-01  7.287330e-01  7.253245e-01  7.218779e-01  7.186112e-01  7.157086e-01  7.132720e-01  7.114077e-01  7.102328e-01  7.098741e-01  7.104635e-01  7.120584e-01  7.146340e-01  7.181336e-01  7.224675e-01  7.275120e-01  7.331138e-01  7.391351e-01  7.454407e-01  7.518766e-01  7.582732e-01  7.644487e-01  7.702271e-01  7.755010e-01  7.801898e-01  7.842199e-01  7.875263e-01  7.900548e-01  7.917509e-01  7.925320e-01  7.923242e-01  7.910751e-01  7.887539e-01  7.853513e-01  7.808401e-01  7.751279e-01  7.681512e-01  7.598882e-01  7.503543e-01  7.395973e-01  7.276463e-01  7.144916e-01  7.001642e-01  6.847341e-01  6.683026e-01  6.509921e-01  6.329179e-01  6.141875e-01  5.949233e-01  5.752574e-01  5.553249e-01  5.352543e-01  5.151118e-01  4.949398e-01  4.748005e-01  4.547681e-01  4.349223e-01  4.153421e-01  3.960961e-01  3.772462e-01  3.588509e-01  3.409627e-01  3.236273e-01  3.068797e-01  2.907337e-01  2.751979e-01
3           1            2.089979e+00  2.108176e+00  2.126779e+00  2.145295e+00  2.163032e+00  2.179049e+00  2.192094e+00  2.200993e+00  2.205502e+00  2.205741e+00  2.202153e+00  2.195604e+00  2.187503e+00  2.179085e+00  2.170523e+00  2.161881e+00  2.153242e+00  2.144701e+00  2.136376e+00  2.128483e+00  2.121384e+00  2.115528e+00  2.111454e+00  2.109801e+00  2.111277e+00  2.116189e+00  2.124391e+00  2.135612e+00  2.149456e+00  2.165395e+00  2.182803e+00  2.201251e+00  2.220414e+00  2.239925e+00  2.259380e+00  2.278346e+00  2.296386e+00  2.313117e+00  2.328185e+00  2.341253e+00  2.352014e+00  2.360196e+00  2.365582e+00  2.368051e+00  2.367538e+00  2.364030e+00  2.357557e+00  2.348195e+00  2.335889e+00  2.320246e+00  2.300956e+00  2.277849e+00  2.250890e+00  2.220153e+00  2.185623e+00  2.147122e+00  2.104629e+00  2.058283e+00  2.008350e+00  1.955194e+00  1.899359e+00  1.841509e+00  1.782271e+00  1.722217e+00  1.661865e+00  1.601649e+00  1.541659e+00  1.481849e+00  1.422276e+00  1.363066e+00  1.304392e+00  1.246446e+00  1.189407e+00  1.133450e+00  1.078746e+00  1.025453e+00  9.737149e-01  9.236437e-01  8.752949e-01  8.287081e-01
3           2            3.930079e+00  3.960290e+00  3.991315e+00  4.022421e+00  4.052581e+00  4.080391e+00  4.103978e+00  4.121548e+00  4.132570e+00  4.136968e+00  4.135047e+00  4.127631e+00  4.116208e+00  4.102183e+00  4.085955e+00  4.067996e+00  4.049026e+00  4.030062e+00  4.012456e+00  3.997270e+00  3.984948e+00  3.975900e+00  3.970535e+00  3.969248e+00  3.972405e+00  3.980152e+00  3.992399e+00  4.008918e+00  4.029338e+00  4.053140e+00  4.079665e+00  4.108248e+00  4.138180e+00  4.168656e+00  4.198789e+00  4.227629e+00  4.254268e+00  4.278195e+00  4.299056e+00  4.316528e+00  4.330337e+00  4.340259e+00  4.346027e+00  4.347090e+00  4.342926e+00  4.333138e+00  4.317461e+00  4.295762e+00  4.267896e+00  4.233543e+00  4.192535e+00  4.144894e+00  4.090813e+00  4.030629e+00  3.964478e+00  3.892179e+00  3.813781e+00  3.729573e+00  3.640029e+00  3.545759e+00  3.447443e+00  3.345799e+00  3.241586e+00  3.135573e+00  3.028517e+00  2.921107e+00  2.813576e+00  2.705996e+00  2.598586e+00  2.491667e+00  2.385617e+00  2.280833e+00  2.177688e+00  2.076533e+00  1.977698e+00  1.881482e+00  1.788148e+00  1.697901e+00  1.610848e+00  1.527063e+00
4           0            8.389992e-02  8.480381e-02  8.576093e-02  8.676752e-02  8.781725e-02  8.890050e-02  9.000348e-02  9.111271e-02  9.222505e-02  9.334061e-02  9.446215e-02  9.559592e-02  9.675282e-02  9.794379e-02  9.917400e-02  1.004501e-01  1.017815e-01  1.031812e-01  1.046659e-01  1.062433e-01  1.079052e-01  1.096380e-01  1.114240e-01  1.132402e-01  1.150593e-01  1.168739e-01  1.186979e-01  1.205507e-01  1.224563e-01  1.244442e-01  1.265455e-01  1.287695e-01  1.311111e-01  1.335632e-01  1.361171e-01  1.387628e-01  1.414894e-01  1.442900e-01  1.471580e-01  1.500862e-01  1.530665e-01  1.560902e-01  1.591415e-01  1.621808e-01  1.651660e-01  1.680589e-01  1.708259e-01  1.734383e-01  1.758475e-01  1.779569e-01  1.796820e-01  1.809608e-01  1.817514e-01  1.820315e-01  1.818138e-01  1.811498e-01  1.800934e-01  1.786972e-01  1.770118e-01  1.750834e-01  1.729087e-01  1.704486e-01  1.676859e-01  1.646225e-01  1.612750e-01  1.576723e-01  1.538742e-01  1.499506e-01  1.459607e-01  1.419541e-01  1.379718e-01  1.340409e-01  1.301361e-01  1.262243e-01  1.222910e-01  1.183350e-01  1.143641e-01  1.103911e-01  1.064287e-01  1.024918e-01
4           1            2.170036e-01  2.199520e-01  2.230654e-01  2.263260e-01  2.297059e-01  2.331639e-01  2.366425e-01  2.400870e-01  2.434889e-01  2.468561e-01  2.502107e-01  2.535935e-01  2.570695e-01  2.606935e-01  2.644671e-01  2.683845e-01  2.724381e-01  2.766176e-01  2.809105e-01  2.852982e-01  2.897538e-01  2.942453e-01  2.987346e-01  3.031778e-01  3.075269e-01  3.117619e-01  3.158936e-01  3.199425e-01  3.239391e-01  3.279238e-01  3.319446e-01  3.360337e-01  3.402151e-01  3.445152e-01  3.489630e-01  3.535890e-01  3.584147e-01  3.634117e-01  3.685334e-01  3.737314e-01  3.789565e-01  3.841605e-01  3.892727e-01  3.941424e-01  3.986138e-01  4.025506e-01  4.058385e-01  4.083863e-01  4.100984e-01  4.108433e-01  4.105204e-01  4.090690e-01  4.064652e-01  4.027178e-01  3.978492e-01  3.918868e-01  3.848837e-01  3.769164e-01  3.680779e-01  3.584738e-01  3.482229e-01  3.374519e-01  3.262833e-01  3.148331e-01  3.032093e-01  2.915065e-01  2.797613e-01  2.679875e-01  2.562141e-01  2.444806e-01  2.328316e-01  2.213164e-01  2.100026e-01  1.989559e-01  1.882284e-01  1.778602e-01  1.678811e-01  1.583103e-01  1.491514e-01  1.404031e-01
4           2            3.530085e-01  3.581178e-01  3.635157e-01  3.691732e-01  3.750440e-01  3.810597e-01  3.871241e-01  3.931452e-01  3.991051e-01  4.050117e-01  4.108945e-01  4.168118e-01  4.228588e-01  4.291147e-01  4.355766e-01  4.422307e-01  4.490601e-01  4.560456e-01  4.631655e-01  4.703963e-01  4.777133e-01  4.850909e-01  4.925027e-01  4.999223e-01  5.073238e-01  5.146807e-01  5.219664e-01  5.291560e-01  5.362277e-01  5.431629e-01  5.499520e-01  5.566422e-01  5.633206e-01  5.700885e-01  5.770584e-01  5.843511e-01  5.920648e-01  6.001538e-01  6.085206e-01  6.170636e-01  6.256802e-01  6.342688e-01  6.426935e-01  6.506919e-01  6.579962e-01  6.643723e-01  6.696236e-01  6.735940e-01  6.761342e-01  6.770621e-01  6.762450e-01  6.736100e-01  6.691388e-01  6.628612e-01  6.548169e-01  6.450387e-01  6.336029e-01  6.206243e-01  6.062472e-01  5.906362e-01  5.739590e-01  5.563830e-01  5.380808e-01  5.192249e-01  4.999836e-01  4.805145e-01  4.609391e-01  4.413597e-01  4.218777e-01  4.025900e-01  3.835871e-01  3.649468e-01  3.467105e-01  3.289081e-01  3.115731e-01  2.947389e-01  2.784372e-01  2.626974e-01  2.475521e-01  2.330274e-01
4           3            8.830011e-01  8.837789e-01  8.845642e-01  8.853298e-01  8.860381e-01  8.866379e-01  8.870617e-01  8.872917e-01  8.874948e-01  8.879487e-01  8.890480e-01  8.913335e-01  8.955236e-01  9.022714e-01  9.118644e-01  9.245268e-01  9.404431e-01  9.597424e-01  9.824806e-01  1.008645e+00  1.038144e+00  1.070770e+00  1.106172e+00  1.143839e+00  1.183101e+00  1.223465e+00  1.264624e+00  1.306226e+00  1.347860e+00  1.389064e+00  1.429365e+00  1.468610e+00  1.506862e+00  1.544228e+00  1.580848e+00  1.616900e+00  1.652538e+00  1.687697e+00  1.722244e+00  1.756051e+00  1.789000e+00  1.820984e+00  1.851821e+00  1.881038e+00  1.908147e+00  1.932726e+00  1.954430e+00  1.972996e+00  1.988195e+00  1.999792e+00  2.007637e+00  2.011679e+00  2.011952e+00  2.008568e+00  2.001647e+00  1.991284e+00  1.977644e+00  1.960956e+00  1.941499e+00  1.919578e+00  1.895440e+00  1.869286e+00  1.841357e+00  1.811924e+00  1.781273e+00  1.749695e+00  1.717490e+00  1.684945e+00  1.652323e+00  1.619861e+00  1.587767e+00  1.556187e+00  1.525013e+00  1.494098e+00  1.463391e+00  1.432907e+00  1.402703e+00  1.372900e+00  1.343798e+00  1.315669e+00

UPSILON_P N_trans=0
# upper_idx  lower_idx   upsilon(T_GRID[0]..T_GRID[N-1])

