# pyathena.photchem atomic data : SiII
# CHIANTI source : ion si_2
# Levels kept    : lowest 2 of CHIANTI (padded to 5 if smaller)
# T grid tier    : warm
# T grid         : 80 log-spaced points, 1e+03 K -> 5e+05 K
# Generated by   : pyathena/photchem/data/build_chianti_tables.py
#
# Indices below are 0-based pyathena indices (level 0 = ground).
# CHIANTI level numbers are 1-based and shown for cross-reference.
#
LEVELS N=2
# idx  chianti_lvl  conf            term       j     g    E_erg            E_K
0     1            3s2.3p          2P0.5      0.5   2     0.000000e+00   0.000000e+00
1     2            3s2.3p          2P1.5      1.5   4     5.704586e-14   4.131815e+02

A_COEFFS N=1
# upper_idx  lower_idx   A [s^-1]
1           0            2.170000e-04

T_GRID N=80
 1.000000e+03
 1.081843e+03
 1.170384e+03
 1.266171e+03
 1.369799e+03
 1.481907e+03
 1.603190e+03
 1.734400e+03
 1.876348e+03
 2.029914e+03
 2.196048e+03
 2.375779e+03
 2.570219e+03
 2.780573e+03
 3.008143e+03
 3.254338e+03
 3.520682e+03
 3.808825e+03
 4.120550e+03
 4.457788e+03
 4.822626e+03
 5.217323e+03
 5.644324e+03
 6.106271e+03
 6.606026e+03
 7.146682e+03
 7.731586e+03
 8.364361e+03
 9.048924e+03
 9.789514e+03
 1.059072e+04
 1.145749e+04
 1.239520e+04
 1.340966e+04
 1.450715e+04
 1.569445e+04
 1.697893e+04
 1.836854e+04
 1.987187e+04
 2.149824e+04
 2.325772e+04
 2.516120e+04
 2.722046e+04
 2.944826e+04
 3.185839e+04
 3.446577e+04
 3.728655e+04
 4.033818e+04
 4.363957e+04
 4.721116e+04
 5.107506e+04
 5.525519e+04
 5.977743e+04
 6.466978e+04
 6.996254e+04
 7.568847e+04
 8.188303e+04
 8.858457e+04
 9.583459e+04
 1.036780e+05
 1.121633e+05
 1.213430e+05
 1.312741e+05
 1.420179e+05
 1.536411e+05
 1.662155e+05
 1.798191e+05
 1.945360e+05
 2.104573e+05
 2.276818e+05
 2.463159e+05
 2.664751e+05
 2.882841e+05
 3.118781e+05
 3.374031e+05
 3.650172e+05
 3.948912e+05
 4.272102e+05
 4.621743e+05
 5.000000e+05

UPSILON_E N_trans=1
# upper_idx  lower_idx   upsilon(T_GRID[0]..T_GRID[N-1])
1           0            6.411882e+00  6.404732e+00  6.397167e+00  6.389180e+00  6.380763e+00  6.371910e+00  6.362622e+00  6.352899e+00  6.342750e+00  6.332183e+00  6.321216e+00  6.309871e+00  6.298175e+00  6.286161e+00  6.273871e+00  6.261349e+00  6.248649e+00  6.235828e+00  6.222947e+00  6.210070e+00  6.197263e+00  6.184589e+00  6.172107e+00  6.159870e+00  6.147916e+00  6.136268e+00  6.124930e+00  6.113878e+00  6.103056e+00  6.092376e+00  6.081723e+00  6.070957e+00  6.059896e+00  6.048319e+00  6.035963e+00  6.022529e+00  6.007680e+00  5.990972e+00  5.971726e+00  5.949190e+00  5.922592e+00  5.891164e+00  5.854160e+00  5.810903e+00  5.760993e+00  5.704255e+00  5.640613e+00  5.570088e+00  5.492804e+00  5.408985e+00  5.318923e+00  5.222921e+00  5.121370e+00  5.014746e+00  4.903599e+00  4.788540e+00  4.670220e+00  4.549350e+00  4.426922e+00  4.304011e+00  4.181574e+00  4.060447e+00  3.941349e+00  3.824887e+00  3.711563e+00  3.601783e+00  3.495861e+00  3.394035e+00  3.296469e+00  3.203266e+00  3.114474e+00  3.030095e+00  2.950093e+00  2.874399e+00  2.802916e+00  2.735528e+00  2.672101e+00  2.612489e+00  2.556538e+00  2.504087e+00

UPSILON_P N_trans=1
# upper_idx  lower_idx   upsilon(T_GRID[0]..T_GRID[N-1])
1           0            0.000000e+00  0.000000e+00  0.000000e+00  0.000000e+00  0.000000e+00  0.000000e+00  0.000000e+00  0.000000e+00  0.000000e+00  0.000000e+00  0.000000e+00  0.000000e+00  0.000000e+00  0.000000e+00  0.000000e+00  0.000000e+00  0.000000e+00  0.000000e+00  0.000000e+00  0.000000e+00  0.000000e+00  0.000000e+00  0.000000e+00  1.628732e-10  5.013060e-10  9.017032e-10  1.371038e-09  1.916573e-09  2.545781e-09  3.266243e-09  4.085531e-09  5.011067e-09  6.049970e-09  7.208180e-09  8.487101e-09  9.885080e-09  1.139816e-08  1.301991e-08  1.474134e-08  1.655084e-08  1.843435e-08  2.037702e-08  2.236397e-08  2.437886e-08  2.640424e-08  2.842184e-08  3.041303e-08  3.235948e-08  3.424426e-08  3.605164e-08  3.776720e-08  3.937816e-08  4.087365e-08  4.224438e-08  4.346948e-08  4.451775e-08  4.536381e-08  4.598903e-08  4.638142e-08  4.653534e-08  4.645093e-08  4.613542e-08  4.560707e-08  4.488742e-08  4.399855e-08  4.296269e-08  4.180171e-08  4.053681e-08  3.918820e-08  3.777490e-08  3.631452e-08  3.482317e-08  3.331543e-08  3.180425e-08  3.030105e-08  2.881573e-08  2.735672e-08  2.593110e-08  2.454470e-08  2.320218e-08

