# pyathena.photchem atomic data : SiIV
# CHIANTI source : ion si_4
# Levels kept    : lowest 3 of CHIANTI (padded to 5 if smaller)
# T grid tier    : hot
# T grid         : 80 log-spaced points, 1e+04 K -> 1e+07 K
# Generated by   : pyathena/photchem/data/build_chianti_tables.py
#
# Indices below are 0-based pyathena indices (level 0 = ground).
# CHIANTI level numbers are 1-based and shown for cross-reference.
#
LEVELS N=3
# idx  chianti_lvl  conf            term       j     g    E_erg            E_K
0     1            3s              2S0.5      0.5   2     0.000000e+00   0.000000e+00
1     2            3p              2P0.5      0.5   2     1.415771e-11   1.025438e+05
2     3            3p              2P1.5      1.5   4     1.424928e-11   1.032071e+05

A_COEFFS N=2
# upper_idx  lower_idx   A [s^-1]
1           0            8.910000e+08
2           0            9.060000e+08

T_GRID N=80
 1.000000e+04
 1.091377e+04
 1.191103e+04
 1.299942e+04
 1.418727e+04
 1.548365e+04
 1.689850e+04
 1.844263e+04
 2.012785e+04
 2.196707e+04
 2.397435e+04
 2.616505e+04
 2.855592e+04
 3.116527e+04
 3.401305e+04
 3.712105e+04
 4.051305e+04
 4.421500e+04
 4.825522e+04
 5.266462e+04
 5.747694e+04
 6.272900e+04
 6.846097e+04
 7.471671e+04
 8.154407e+04
 8.899530e+04
 9.712740e+04
 1.060026e+05
 1.156888e+05
 1.262600e+05
 1.377972e+05
 1.503887e+05
 1.641307e+05
 1.791284e+05
 1.954966e+05
 2.133605e+05
 2.328566e+05
 2.541343e+05
 2.773563e+05
 3.027002e+05
 3.303599e+05
 3.605471e+05
 3.934927e+05
 4.294488e+05
 4.686904e+05
 5.115178e+05
 5.582586e+05
 6.092705e+05
 6.649436e+05
 7.257040e+05
 7.920164e+05
 8.643883e+05
 9.433732e+05
 1.029576e+06
 1.123655e+06
 1.226331e+06
 1.338389e+06
 1.460686e+06
 1.594159e+06
 1.739828e+06
 1.898808e+06
 2.072315e+06
 2.261676e+06
 2.468340e+06
 2.693889e+06
 2.940048e+06
 3.208700e+06
 3.501900e+06
 3.821893e+06
 4.171125e+06
 4.552268e+06
 4.968240e+06
 5.422221e+06
 5.917686e+06
 6.458424e+06
 7.048574e+06
 7.692650e+06
 8.395579e+06
 9.162739e+06
 1.000000e+07

UPSILON_E N_trans=3
# upper_idx  lower_idx   upsilon(T_GRID[0]..T_GRID[N-1])
1           0            5.200346e+00  5.197611e+00  5.195722e+00  5.194942e+00  5.195582e+00  5.198007e+00  5.202629e+00  5.209708e+00  5.219334e+00  5.231533e+00  5.246251e+00  5.263345e+00  5.282569e+00  5.303565e+00  5.325900e+00  5.349475e+00  5.374436e+00  5.400954e+00  5.429226e+00  5.459474e+00  5.491943e+00  5.526901e+00  5.564636e+00  5.605451e+00  5.649665e+00  5.697606e+00  5.749610e+00  5.806014e+00  5.867149e+00  5.933334e+00  6.004875e+00  6.082056e+00  6.165138e+00  6.254439e+00  6.350379e+00  6.453333e+00  6.563616e+00  6.681482e+00  6.807126e+00  6.940686e+00  7.082242e+00  7.231767e+00  7.389116e+00  7.554116e+00  7.726576e+00  7.906284e+00  8.093014e+00  8.286528e+00  8.486575e+00  8.692896e+00  8.905227e+00  9.123301e+00  9.346859e+00  9.575645e+00  9.809400e+00  1.004787e+01  1.029079e+01  1.053793e+01  1.078904e+01  1.104386e+01  1.130209e+01  1.156343e+01  1.182760e+01  1.209435e+01  1.236344e+01  1.263464e+01  1.290777e+01  1.318259e+01  1.345870e+01  1.373573e+01  1.401333e+01  1.429122e+01  1.456916e+01  1.484692e+01  1.512432e+01  1.540120e+01  1.567743e+01  1.595291e+01  1.622793e+01  1.650305e+01
2           0            1.038126e+01  1.037869e+01  1.037865e+01  1.038137e+01  1.038700e+01  1.039560e+01  1.040713e+01  1.042172e+01  1.043965e+01  1.046117e+01  1.048651e+01  1.051588e+01  1.054946e+01  1.058736e+01  1.062966e+01  1.067649e+01  1.072800e+01  1.078430e+01  1.084550e+01  1.091169e+01  1.098294e+01  1.105932e+01  1.114090e+01  1.122776e+01  1.131998e+01  1.141794e+01  1.152262e+01  1.163507e+01  1.175634e+01  1.188746e+01  1.202939e+01  1.218304e+01  1.234925e+01  1.252878e+01  1.272234e+01  1.293055e+01  1.315392e+01  1.339283e+01  1.364758e+01  1.391836e+01  1.420525e+01  1.450802e+01  1.482608e+01  1.515883e+01  1.550568e+01  1.586602e+01  1.623928e+01  1.662486e+01  1.702219e+01  1.743070e+01  1.784982e+01  1.827911e+01  1.871875e+01  1.916900e+01  1.962996e+01  2.010165e+01  2.058399e+01  2.107682e+01  2.157992e+01  2.209273e+01  2.261347e+01  2.314023e+01  2.367137e+01  2.420547e+01  2.474133e+01  2.527791e+01  2.581431e+01  2.635011e+01  2.688600e+01  2.742278e+01  2.796112e+01  2.850159e+01  2.904463e+01  2.959063e+01  3.013988e+01  3.069263e+01  3.124907e+01  3.180930e+01  3.237291e+01  3.293909e+01
2           1            3.277889e+00  3.348065e+00  3.436735e+00  3.542665e+00  3.662749e+00  3.791275e+00  3.919488e+00  4.041744e+00  4.156291e+00  4.261597e+00  4.356390e+00  4.439842e+00  4.511797e+00  4.573059e+00  4.625444e+00  4.669073e+00  4.702626e+00  4.724855e+00  4.734675e+00  4.731244e+00  4.714056e+00  4.683035e+00  4.638631e+00  4.581912e+00  4.514649e+00  4.438606e+00  4.354447e+00  4.262910e+00  4.165003e+00  4.061997e+00  3.955413e+00  3.846993e+00  3.738647e+00  3.631840e+00  3.527069e+00  3.424706e+00  3.325081e+00  3.228487e+00  3.135170e+00  3.045335e+00  2.959139e+00  2.876732e+00  2.798262e+00  2.723830e+00  2.653489e+00  2.587244e+00  2.525063e+00  2.466875e+00  2.412580e+00  2.362050e+00  2.315137e+00  2.271658e+00  2.231319e+00  2.193820e+00  2.158905e+00  2.126350e+00  2.095963e+00  2.067577e+00  2.041048e+00  2.016235e+00  1.992970e+00  1.971107e+00  1.950529e+00  1.931144e+00  1.912878e+00  1.895669e+00  1.879463e+00  1.864240e+00  1.850061e+00  1.836958e+00  1.824929e+00  1.813941e+00  1.803948e+00  1.794889e+00  1.786699e+00  1.779310e+00  1.772654e+00  1.766659e+00  1.761157e+00  1.755955e+00

UPSILON_P N_trans=0
# upper_idx  lower_idx   upsilon(T_GRID[0]..T_GRID[N-1])

