Title: Ion-by-Ion Cooling Efficiencies
Authors: Orly Gnat and Gary Ferland
Table: Ion-by-Ion Cooling Efficiencies for Beryllium
================================================================================
Byte-by-byte Description of file: datafile1D.txt
--------------------------------------------------------------------------------
   Bytes Format Units Label        Explanations
--------------------------------------------------------------------------------
   1-  8 A8     K       Temperature  Temperature (column 1)
  10- 17 A8     ---     Be{0}         Ionic Cooling efficiency (column 2)
  19- 26 A8     ---     Be{+}         Ionic Cooling efficiency (column 3)
  28- 35 A8     ---     Be{2+}        Ionic Cooling efficiency (column 4)
  37- 44 A8     ---     Be{3+}        Ionic Cooling efficiency (column 5)
  46- 53 A8     ---     Be{4+}        Ionic Cooling efficiency (column 6)
  55- 62 A8     ---     Be{CIE}       CIE Cooling efficiency (column 7)
--------------------------------------------------------------------------------
--------------------------------------------------------------------------------
1.00e+04 0.00e+00 0.00e+00 0.00e+00 0.00e+00 0.00e+00 1.66e-23
1.05e+04 0.00e+00 0.00e+00 0.00e+00 0.00e+00 0.00e+00 1.68e-23
1.10e+04 0.00e+00 0.00e+00 0.00e+00 0.00e+00 0.00e+00 1.71e-23
1.16e+04 0.00e+00 0.00e+00 0.00e+00 0.00e+00 0.00e+00 1.74e-23
1.22e+04 0.00e+00 0.00e+00 0.00e+00 0.00e+00 0.00e+00 1.77e-23
1.28e+04 0.00e+00 0.00e+00 0.00e+00 0.00e+00 0.00e+00 1.80e-23
1.34e+04 0.00e+00 0.00e+00 0.00e+00 0.00e+00 0.00e+00 1.83e-23
1.41e+04 0.00e+00 0.00e+00 0.00e+00 0.00e+00 0.00e+00 1.86e-23
1.48e+04 0.00e+00 0.00e+00 0.00e+00 0.00e+00 0.00e+00 1.89e-23
1.55e+04 0.00e+00 0.00e+00 0.00e+00 0.00e+00 0.00e+00 1.92e-23
1.63e+04 0.00e+00 0.00e+00 0.00e+00 0.00e+00 0.00e+00 1.96e-23
1.71e+04 0.00e+00 0.00e+00 0.00e+00 0.00e+00 0.00e+00 1.99e-23
1.80e+04 0.00e+00 0.00e+00 0.00e+00 0.00e+00 0.00e+00 2.02e-23
1.89e+04 0.00e+00 0.00e+00 0.00e+00 0.00e+00 0.00e+00 2.06e-23
1.99e+04 0.00e+00 0.00e+00 0.00e+00 0.00e+00 0.00e+00 2.09e-23
2.09e+04 0.00e+00 0.00e+00 0.00e+00 0.00e+00 0.00e+00 2.12e-23
2.20e+04 0.00e+00 0.00e+00 0.00e+00 0.00e+00 0.00e+00 2.16e-23
2.31e+04 0.00e+00 0.00e+00 0.00e+00 0.00e+00 0.00e+00 2.20e-23
2.43e+04 0.00e+00 0.00e+00 0.00e+00 0.00e+00 0.00e+00 2.23e-23
2.56e+04 0.00e+00 0.00e+00 0.00e+00 0.00e+00 0.00e+00 2.27e-23
2.69e+04 0.00e+00 0.00e+00 0.00e+00 0.00e+00 0.00e+00 2.31e-23
2.83e+04 0.00e+00 0.00e+00 0.00e+00 0.00e+00 0.00e+00 2.34e-23
2.98e+04 0.00e+00 0.00e+00 0.00e+00 0.00e+00 0.00e+00 2.38e-23
3.14e+04 0.00e+00 0.00e+00 0.00e+00 0.00e+00 0.00e+00 2.42e-23
3.30e+04 0.00e+00 0.00e+00 0.00e+00 0.00e+00 0.00e+00 2.46e-23
3.47e+04 2.86e-19 1.21e-18 1.31e-24 1.27e-23 2.50e-23 1.92e-20
3.65e+04 3.23e-19 1.26e-18 1.35e-24 1.29e-23 2.55e-23 1.41e-20
3.84e+04 3.62e-19 1.32e-18 1.40e-24 1.31e-23 2.59e-23 1.04e-20
4.04e+04 4.04e-19 1.37e-18 1.44e-24 1.33e-23 2.63e-23 7.80e-21
4.26e+04 4.49e-19 1.43e-18 1.48e-24 1.35e-23 2.68e-23 5.90e-21
4.48e+04 4.97e-19 1.48e-18 1.53e-24 1.37e-23 2.72e-23 4.50e-21
4.71e+04 5.48e-19 1.53e-18 1.57e-24 1.39e-23 2.77e-23 3.46e-21
4.96e+04 6.02e-19 1.57e-18 1.62e-24 1.41e-23 2.81e-23 2.69e-21
5.22e+04 6.59e-19 1.62e-18 1.66e-24 1.43e-23 2.86e-23 2.12e-21
5.49e+04 7.20e-19 1.66e-18 1.71e-24 1.45e-23 2.91e-23 1.67e-21
5.78e+04 7.83e-19 1.70e-18 1.76e-24 1.47e-23 2.95e-23 1.34e-21
6.08e+04 8.49e-19 1.74e-18 1.81e-24 1.50e-23 3.00e-23 1.08e-21
6.40e+04 9.17e-19 1.78e-18 1.86e-24 1.52e-23 3.05e-23 8.72e-22
6.74e+04 9.89e-19 1.82e-18 1.91e-24 1.54e-23 3.10e-23 7.12e-22
7.09e+04 1.06e-18 1.85e-18 1.97e-24 1.56e-23 3.15e-23 5.85e-22
7.46e+04 1.14e-18 1.89e-18 2.03e-24 1.59e-23 3.20e-23 4.85e-22
7.86e+04 1.22e-18 1.92e-18 2.09e-24 1.61e-23 3.25e-23 4.04e-22
8.27e+04 1.30e-18 1.95e-18 2.17e-24 1.63e-23 3.30e-23 3.39e-22
8.70e+04 1.38e-18 1.98e-18 2.29e-24 1.65e-23 3.36e-23 2.86e-22
9.16e+04 1.46e-18 2.01e-18 2.46e-24 1.68e-23 3.41e-23 2.43e-22
9.64e+04 1.55e-18 2.04e-18 2.77e-24 1.70e-23 3.46e-23 2.07e-22
1.02e+05 1.64e-18 2.06e-18 3.31e-24 1.73e-23 3.52e-23 1.78e-22
1.07e+05 1.72e-18 2.09e-18 4.27e-24 1.75e-23 3.58e-23 1.55e-22
1.12e+05 1.81e-18 2.11e-18 5.97e-24 1.78e-23 3.64e-23 1.36e-22
1.18e+05 1.90e-18 2.13e-18 8.91e-24 1.81e-23 3.70e-23 1.22e-22
1.24e+05 1.99e-18 2.15e-18 1.39e-23 1.85e-23 3.76e-23 1.13e-22
1.31e+05 2.09e-18 2.17e-18 2.21e-23 1.90e-23 3.82e-23 1.09e-22
1.38e+05 2.18e-18 2.20e-18 3.53e-23 1.96e-23 3.88e-23 1.12e-22
1.45e+05 2.27e-18 2.21e-18 5.56e-23 2.05e-23 3.94e-23 1.24e-22
1.53e+05 2.36e-18 2.23e-18 8.67e-23 2.20e-23 4.01e-23 1.47e-22
1.61e+05 2.45e-18 2.25e-18 1.33e-22 2.44e-23 4.07e-23 1.87e-22
1.69e+05 2.54e-18 2.27e-18 2.01e-22 2.82e-23 4.14e-23 2.47e-22
1.78e+05 2.63e-18 2.29e-18 2.97e-22 3.42e-23 4.20e-23 3.34e-22
1.88e+05 2.72e-18 2.30e-18 4.30e-22 4.37e-23 4.27e-23 4.50e-22
1.98e+05 2.81e-18 2.32e-18 6.13e-22 5.84e-23 4.33e-23 6.02e-22
2.08e+05 2.89e-18 2.33e-18 8.58e-22 8.06e-23 4.40e-23 7.85e-22
2.19e+05 2.98e-18 2.35e-18 1.18e-21 1.13e-22 4.47e-23 9.90e-22
2.30e+05 3.06e-18 2.36e-18 1.60e-21 1.61e-22 4.54e-23 1.21e-21
2.42e+05 3.14e-18 2.37e-18 2.13e-21 2.28e-22 4.60e-23 1.41e-21
2.55e+05 3.22e-18 2.39e-18 2.79e-21 3.21e-22 4.67e-23 1.60e-21
2.69e+05 3.30e-18 2.40e-18 3.62e-21 4.48e-22 4.75e-23 1.77e-21
2.83e+05 3.37e-18 2.41e-18 4.63e-21 6.18e-22 4.82e-23 1.93e-21
2.98e+05 3.45e-18 2.42e-18 5.84e-21 8.42e-22 4.89e-23 2.09e-21
3.13e+05 3.52e-18 2.43e-18 7.29e-21 1.13e-21 4.96e-23 2.28e-21
3.30e+05 3.58e-18 2.44e-18 8.99e-21 1.50e-21 5.04e-23 2.49e-21
3.47e+05 3.65e-18 2.44e-18 1.10e-20 1.96e-21 5.12e-23 2.70e-21
3.66e+05 3.71e-18 2.45e-18 1.33e-20 2.54e-21 5.21e-23 2.92e-21
3.85e+05 3.77e-18 2.46e-18 1.59e-20 3.23e-21 5.29e-23 3.09e-21
4.05e+05 3.82e-18 2.46e-18 1.89e-20 4.08e-21 5.38e-23 3.21e-21
4.26e+05 3.88e-18 2.47e-18 2.22e-20 5.09e-21 5.46e-23 3.24e-21
4.49e+05 3.93e-18 2.47e-18 2.59e-20 6.28e-21 5.55e-23 3.19e-21
4.72e+05 3.97e-18 2.47e-18 3.00e-20 7.67e-21 5.64e-23 3.07e-21
4.97e+05 4.01e-18 2.47e-18 3.46e-20 9.27e-21 5.72e-23 2.90e-21
5.23e+05 4.05e-18 2.47e-18 3.95e-20 1.11e-20 5.81e-23 2.69e-21
5.51e+05 4.09e-18 2.47e-18 4.49e-20 1.32e-20 5.90e-23 2.48e-21
5.80e+05 4.12e-18 2.47e-18 5.07e-20 1.55e-20 5.99e-23 2.26e-21
6.10e+05 4.15e-18 2.47e-18 5.70e-20 1.81e-20 6.08e-23 2.05e-21
6.43e+05 4.17e-18 2.47e-18 6.37e-20 2.10e-20 6.17e-23 1.85e-21
6.76e+05 4.19e-18 2.46e-18 7.08e-20 2.42e-20 6.26e-23 1.68e-21
7.12e+05 4.21e-18 2.46e-18 7.83e-20 2.77e-20 6.36e-23 1.52e-21
7.49e+05 4.23e-18 2.45e-18 8.63e-20 3.14e-20 6.45e-23 1.38e-21
7.89e+05 4.24e-18 2.45e-18 9.46e-20 3.55e-20 6.54e-23 1.25e-21
8.30e+05 4.24e-18 2.44e-18 1.03e-19 3.99e-20 6.64e-23 1.14e-21
8.74e+05 4.24e-18 2.43e-18 1.13e-19 4.45e-20 6.73e-23 1.03e-21
9.20e+05 4.24e-18 2.42e-18 1.22e-19 4.95e-20 6.82e-23 9.46e-22
9.69e+05 4.24e-18 2.41e-18 1.32e-19 5.47e-20 6.92e-23 8.67e-22
1.02e+06 4.23e-18 2.40e-18 1.42e-19 6.02e-20 7.02e-23 7.96e-22
1.07e+06 4.22e-18 2.39e-18 1.53e-19 6.59e-20 7.13e-23 7.34e-22
1.13e+06 4.20e-18 2.38e-18 1.63e-19 7.20e-20 7.24e-23 6.78e-22
1.19e+06 4.18e-18 2.36e-18 1.74e-19 7.82e-20 7.35e-23 6.29e-22
1.25e+06 4.16e-18 2.35e-18 1.86e-19 8.47e-20 7.47e-23 5.84e-22
1.32e+06 4.13e-18 2.33e-18 2.05e-19 9.14e-20 7.58e-23 5.44e-22
1.39e+06 4.10e-18 2.32e-18 2.20e-19 9.82e-20 7.69e-23 5.09e-22
1.46e+06 4.07e-18 2.30e-18 2.35e-19 1.05e-19 7.81e-23 4.76e-22
1.54e+06 4.03e-18 2.29e-18 2.50e-19 1.12e-19 7.92e-23 4.47e-22
1.62e+06 3.99e-18 2.27e-18 2.65e-19 1.20e-19 8.04e-23 4.21e-22
1.70e+06 3.95e-18 2.25e-18 2.80e-19 1.27e-19 8.15e-23 3.97e-22
1.79e+06 3.90e-18 2.23e-18 2.95e-19 1.35e-19 8.27e-23 3.75e-22
1.89e+06 3.85e-18 2.21e-18 3.11e-19 1.42e-19 8.39e-23 3.56e-22
1.99e+06 3.80e-18 2.20e-18 3.26e-19 1.52e-19 8.50e-23 3.41e-22
2.09e+06 3.75e-18 2.18e-18 3.41e-19 1.61e-19 8.62e-23 3.27e-22
2.20e+06 3.69e-18 2.16e-18 3.56e-19 1.70e-19 8.74e-23 3.13e-22
2.32e+06 3.63e-18 2.14e-18 3.71e-19 1.79e-19 8.85e-23 3.01e-22
2.44e+06 3.57e-18 2.12e-18 3.85e-19 1.88e-19 8.97e-23 2.89e-22
2.57e+06 3.51e-18 2.09e-18 4.00e-19 1.96e-19 9.09e-23 2.77e-22
2.70e+06 3.44e-18 2.07e-18 4.14e-19 2.04e-19 9.21e-23 2.67e-22
2.84e+06 3.38e-18 2.05e-18 4.28e-19 2.12e-19 9.33e-23 2.57e-22
2.99e+06 3.31e-18 2.03e-18 4.41e-19 2.20e-19 9.45e-23 2.48e-22
3.15e+06 3.24e-18 2.01e-18 4.54e-19 2.28e-19 9.57e-23 2.40e-22
3.32e+06 3.17e-18 1.99e-18 4.67e-19 2.35e-19 9.71e-23 2.32e-22
3.49e+06 3.10e-18 1.96e-18 4.80e-19 2.42e-19 9.86e-23 2.25e-22
3.68e+06 3.03e-18 1.94e-18 4.92e-19 2.49e-19 1.00e-22 2.19e-22
3.87e+06 2.96e-18 1.92e-18 5.03e-19 2.56e-19 1.02e-22 2.13e-22
4.07e+06 2.89e-18 1.90e-18 5.14e-19 2.62e-19 1.03e-22 2.08e-22
4.29e+06 2.82e-18 1.88e-18 5.24e-19 2.68e-19 1.05e-22 2.03e-22
4.51e+06 2.75e-18 1.85e-18 5.34e-19 2.74e-19 1.06e-22 1.98e-22
4.75e+06 2.68e-18 1.83e-18 5.44e-19 2.79e-19 1.08e-22 1.94e-22
5.00e+06 2.61e-18 1.81e-18 5.53e-19 2.84e-19 1.09e-22 1.91e-22
5.01e+06 2.60e-18 1.81e-18 5.53e-19 2.84e-19 1.09e-22 1.91e-22
5.25e+06 2.54e-18 1.79e-18 5.60e-19 2.89e-19 1.11e-22 1.88e-22
5.50e+06 2.48e-18 1.77e-18 5.67e-19 2.93e-19 1.12e-22 1.85e-22
5.75e+06 2.42e-18 1.75e-18 5.74e-19 2.97e-19 1.14e-22 1.82e-22
6.03e+06 2.36e-18 1.73e-18 5.80e-19 3.00e-19 1.15e-22 1.80e-22
6.31e+06 2.30e-18 1.71e-18 5.86e-19 3.03e-19 1.17e-22 1.78e-22
6.61e+06 2.24e-18 1.69e-18 5.91e-19 3.06e-19 1.18e-22 1.76e-22
6.92e+06 2.19e-18 1.67e-18 5.96e-19 3.09e-19 1.19e-22 1.74e-22
7.24e+06 2.13e-18 1.65e-18 6.00e-19 3.12e-19 1.21e-22 1.73e-22
7.59e+06 2.08e-18 1.63e-18 6.04e-19 3.14e-19 1.22e-22 1.72e-22
7.94e+06 2.02e-18 1.61e-18 6.07e-19 3.16e-19 1.24e-22 1.70e-22
8.32e+06 1.97e-18 1.59e-18 6.11e-19 3.18e-19 1.25e-22 1.70e-22
8.71e+06 1.92e-18 1.57e-18 6.13e-19 3.20e-19 1.27e-22 1.69e-22
9.12e+06 1.87e-18 1.55e-18 6.15e-19 3.21e-19 1.29e-22 1.68e-22
9.55e+06 1.82e-18 1.53e-18 6.17e-19 3.22e-19 1.30e-22 1.67e-22
1.00e+07 1.78e-18 1.51e-18 6.19e-19 3.23e-19 1.32e-22 1.67e-22
1.05e+07 1.73e-18 1.49e-18 6.20e-19 3.24e-19 1.34e-22 1.67e-22
1.10e+07 1.69e-18 1.47e-18 6.20e-19 3.24e-19 1.36e-22 1.67e-22
1.15e+07 1.65e-18 1.46e-18 6.21e-19 3.25e-19 1.38e-22 1.68e-22
1.20e+07 1.61e-18 1.44e-18 6.21e-19 3.25e-19 1.40e-22 1.68e-22
1.26e+07 1.57e-18 1.42e-18 6.20e-19 3.25e-19 1.42e-22 1.69e-22
1.32e+07 1.53e-18 1.40e-18 6.20e-19 3.25e-19 1.44e-22 1.69e-22
1.38e+07 1.49e-18 1.38e-18 6.19e-19 3.24e-19 1.46e-22 1.70e-22
1.45e+07 1.46e-18 1.37e-18 6.18e-19 3.24e-19 1.49e-22 1.71e-22
1.51e+07 1.42e-18 1.35e-18 6.16e-19 3.23e-19 1.51e-22 1.72e-22
1.58e+07 1.39e-18 1.33e-18 6.14e-19 3.22e-19 1.53e-22 1.73e-22
1.66e+07 1.36e-18 1.31e-18 6.12e-19 3.21e-19 1.55e-22 1.74e-22
1.74e+07 1.32e-18 1.30e-18 6.10e-19 3.20e-19 1.58e-22 1.76e-22
1.82e+07 1.29e-18 1.28e-18 6.07e-19 3.19e-19 1.60e-22 1.77e-22
1.91e+07 1.27e-18 1.26e-18 6.04e-19 3.17e-19 1.63e-22 1.79e-22
2.00e+07 1.24e-18 1.25e-18 6.01e-19 3.16e-19 1.65e-22 1.80e-22
2.09e+07 1.21e-18 1.23e-18 5.98e-19 3.14e-19 1.67e-22 1.82e-22
2.19e+07 1.18e-18 1.21e-18 5.95e-19 3.13e-19 1.70e-22 1.83e-22
2.29e+07 1.16e-18 1.20e-18 5.91e-19 3.11e-19 1.72e-22 1.85e-22
2.40e+07 1.13e-18 1.18e-18 5.88e-19 3.09e-19 1.75e-22 1.87e-22
2.51e+07 1.11e-18 1.17e-18 5.84e-19 3.07e-19 1.77e-22 1.88e-22
2.63e+07 1.09e-18 1.15e-18 5.80e-19 3.05e-19 1.79e-22 1.90e-22
2.75e+07 1.07e-18 1.14e-18 5.76e-19 3.03e-19 1.82e-22 1.92e-22
2.88e+07 1.05e-18 1.12e-18 5.71e-19 3.01e-19 1.84e-22 1.94e-22
3.02e+07 1.03e-18 1.11e-18 5.67e-19 2.99e-19 1.86e-22 1.95e-22
3.16e+07 1.01e-18 1.09e-18 5.62e-19 2.96e-19 1.89e-22 1.97e-22
3.31e+07 9.87e-19 1.08e-18 5.58e-19 2.94e-19 1.92e-22 2.00e-22
3.47e+07 9.68e-19 1.06e-18 5.53e-19 2.92e-19 1.95e-22 2.02e-22
3.63e+07 9.51e-19 1.05e-18 5.48e-19 2.89e-19 1.98e-22 2.05e-22
3.80e+07 9.33e-19 1.03e-18 5.44e-19 2.87e-19 2.01e-22 2.07e-22
3.98e+07 9.17e-19 1.02e-18 5.39e-19 2.84e-19 2.04e-22 2.10e-22
4.17e+07 9.00e-19 1.01e-18 5.34e-19 2.82e-19 2.07e-22 2.12e-22
4.37e+07 8.85e-19 9.93e-19 5.29e-19 2.79e-19 2.09e-22 2.15e-22
4.57e+07 8.69e-19 9.80e-19 5.24e-19 2.77e-19 2.12e-22 2.17e-22
4.79e+07 8.55e-19 9.67e-19 5.18e-19 2.74e-19 2.15e-22 2.20e-22
5.01e+07 8.40e-19 9.54e-19 5.13e-19 2.71e-19 2.17e-22 2.22e-22
5.25e+07 8.26e-19 9.41e-19 5.08e-19 2.69e-19 2.20e-22 2.24e-22
5.50e+07 8.13e-19 9.28e-19 5.03e-19 2.66e-19 2.22e-22 2.26e-22
5.75e+07 8.00e-19 9.16e-19 4.98e-19 2.63e-19 2.24e-22 2.28e-22
6.03e+07 7.87e-19 9.03e-19 4.93e-19 2.61e-19 2.26e-22 2.30e-22
6.31e+07 7.75e-19 8.91e-19 4.87e-19 2.58e-19 2.28e-22 2.32e-22
6.61e+07 7.62e-19 8.79e-19 4.82e-19 2.56e-19 2.30e-22 2.33e-22
6.92e+07 7.51e-19 8.67e-19 4.77e-19 2.53e-19 2.32e-22 2.35e-22
7.24e+07 7.39e-19 8.55e-19 4.72e-19 2.50e-19 2.33e-22 2.36e-22
7.59e+07 7.28e-19 8.44e-19 4.66e-19 2.48e-19 2.35e-22 2.37e-22
7.94e+07 7.17e-19 8.32e-19 4.61e-19 2.45e-19 2.36e-22 2.39e-22
8.32e+07 7.06e-19 8.21e-19 4.56e-19 2.42e-19 2.37e-22 2.40e-22
8.71e+07 6.96e-19 8.10e-19 4.51e-19 2.40e-19 2.38e-22 2.40e-22
9.12e+07 6.86e-19 7.99e-19 4.45e-19 2.37e-19 2.39e-22 2.41e-22
9.55e+07 6.76e-19 7.88e-19 4.40e-19 2.35e-19 2.40e-22 2.42e-22
1.00e+08 6.66e-19 7.77e-19 4.35e-19 2.32e-19 2.40e-22 2.42e-22
