Title: Ion-by-Ion Cooling Efficiencies
Authors: Orly Gnat and Gary Ferland
Table: Ion-by-Ion Cooling Efficiencies for Hydrogen
================================================================================
Byte-by-byte Description of file: datafile1A.txt
--------------------------------------------------------------------------------
   Bytes Format Units Label        Explanations
--------------------------------------------------------------------------------
   1-  8 A8     K       Temperature  Temperature (column 1)
  10- 17 A8     ---     H{0}         Ionic Cooling efficiency (column 2)
  19- 26 A8     ---     H{+}         Ionic Cooling efficiency (column 3)
  28- 35 A8     ---     H{CIE}       CIE Cooling efficiency (column 4)
--------------------------------------------------------------------------------
--------------------------------------------------------------------------------
1.00e+04 4.59e-24 6.26e-25 4.58e-24
1.05e+04 7.93e-24 6.37e-25 7.90e-24
1.10e+04 1.33e-23 6.47e-25 1.32e-23
1.16e+04 2.22e-23 6.57e-25 2.18e-23
1.22e+04 3.57e-23 6.68e-25 3.44e-23
1.28e+04 5.63e-23 6.78e-25 5.24e-23
1.34e+04 8.71e-23 6.89e-25 7.62e-23
1.41e+04 1.33e-22 7.00e-25 1.05e-22
1.48e+04 1.99e-22 7.11e-25 1.34e-22
1.55e+04 2.93e-22 7.22e-25 1.57e-22
1.63e+04 4.24e-22 7.33e-25 1.69e-22
1.71e+04 6.07e-22 7.45e-25 1.69e-22
1.80e+04 8.53e-22 7.56e-25 1.61e-22
1.89e+04 1.18e-21 7.68e-25 1.47e-22
1.99e+04 1.62e-21 7.80e-25 1.31e-22
2.09e+04 2.19e-21 7.92e-25 1.16e-22
2.20e+04 2.92e-21 8.04e-25 1.02e-22
2.31e+04 3.84e-21 8.16e-25 8.96e-23
2.43e+04 5.00e-21 8.29e-25 7.86e-23
2.56e+04 6.43e-21 8.41e-25 6.91e-23
2.69e+04 8.19e-21 8.53e-25 6.10e-23
2.83e+04 1.03e-20 8.66e-25 5.39e-23
2.98e+04 1.29e-20 8.79e-25 4.79e-23
3.14e+04 1.59e-20 8.91e-25 4.27e-23
3.30e+04 1.95e-20 9.06e-25 3.82e-23
3.47e+04 2.36e-20 9.20e-25 3.43e-23
3.65e+04 2.84e-20 9.35e-25 3.08e-23
3.84e+04 3.38e-20 9.50e-25 2.78e-23
4.04e+04 4.00e-20 9.65e-25 2.51e-23
4.26e+04 4.70e-20 9.80e-25 2.28e-23
4.48e+04 5.48e-20 9.96e-25 2.08e-23
4.71e+04 6.36e-20 1.01e-24 1.90e-23
4.96e+04 7.32e-20 1.03e-24 1.74e-23
5.22e+04 8.38e-20 1.04e-24 1.60e-23
5.49e+04 9.54e-20 1.06e-24 1.47e-23
5.78e+04 1.08e-19 1.07e-24 1.36e-23
6.08e+04 1.22e-19 1.09e-24 1.25e-23
6.40e+04 1.36e-19 1.10e-24 1.16e-23
6.74e+04 1.51e-19 1.12e-24 1.08e-23
7.09e+04 1.68e-19 1.14e-24 1.00e-23
7.46e+04 1.85e-19 1.15e-24 9.37e-24
7.86e+04 2.04e-19 1.17e-24 8.76e-24
8.27e+04 2.24e-19 1.18e-24 8.21e-24
8.70e+04 2.44e-19 1.20e-24 7.72e-24
9.16e+04 2.66e-19 1.22e-24 7.26e-24
9.64e+04 2.88e-19 1.23e-24 6.85e-24
1.02e+05 3.12e-19 1.25e-24 6.48e-24
1.07e+05 3.36e-19 1.27e-24 6.14e-24
1.12e+05 3.62e-19 1.29e-24 5.84e-24
1.18e+05 3.88e-19 1.31e-24 5.55e-24
1.24e+05 4.13e-19 1.33e-24 5.28e-24
1.31e+05 4.40e-19 1.35e-24 5.03e-24
1.38e+05 4.67e-19 1.37e-24 4.81e-24
1.45e+05 4.94e-19 1.39e-24 4.60e-24
1.53e+05 5.23e-19 1.41e-24 4.42e-24
1.61e+05 5.52e-19 1.43e-24 4.25e-24
1.69e+05 5.81e-19 1.45e-24 4.09e-24
1.78e+05 6.10e-19 1.47e-24 3.94e-24
1.88e+05 6.39e-19 1.49e-24 3.81e-24
1.98e+05 6.68e-19 1.51e-24 3.68e-24
2.08e+05 6.97e-19 1.53e-24 3.57e-24
2.19e+05 7.27e-19 1.55e-24 3.46e-24
2.30e+05 7.57e-19 1.57e-24 3.37e-24
2.42e+05 7.85e-19 1.59e-24 3.28e-24
2.55e+05 8.13e-19 1.61e-24 3.19e-24
2.69e+05 8.42e-19 1.63e-24 3.12e-24
2.83e+05 8.70e-19 1.65e-24 3.05e-24
2.98e+05 8.92e-19 1.67e-24 2.98e-24
3.13e+05 9.08e-19 1.70e-24 2.91e-24
3.30e+05 9.24e-19 1.72e-24 2.85e-24
3.47e+05 9.39e-19 1.75e-24 2.80e-24
3.66e+05 9.53e-19 1.77e-24 2.75e-24
3.85e+05 9.67e-19 1.80e-24 2.71e-24
4.05e+05 9.80e-19 1.83e-24 2.68e-24
4.26e+05 9.92e-19 1.86e-24 2.65e-24
4.49e+05 1.00e-18 1.89e-24 2.62e-24
4.72e+05 1.02e-18 1.92e-24 2.60e-24
4.97e+05 1.03e-18 1.94e-24 2.58e-24
5.23e+05 1.04e-18 1.97e-24 2.57e-24
5.51e+05 1.04e-18 2.00e-24 2.56e-24
5.80e+05 1.05e-18 2.03e-24 2.56e-24
6.10e+05 1.06e-18 2.06e-24 2.55e-24
6.43e+05 1.07e-18 2.09e-24 2.55e-24
6.76e+05 1.07e-18 2.13e-24 2.55e-24
7.12e+05 1.08e-18 2.16e-24 2.56e-24
7.49e+05 1.09e-18 2.19e-24 2.56e-24
7.89e+05 1.09e-18 2.22e-24 2.57e-24
8.30e+05 1.09e-18 2.25e-24 2.58e-24
8.74e+05 1.10e-18 2.29e-24 2.59e-24
9.20e+05 1.10e-18 2.32e-24 2.61e-24
9.69e+05 1.10e-18 2.35e-24 2.62e-24
1.02e+06 1.10e-18 2.39e-24 2.64e-24
1.07e+06 1.10e-18 2.43e-24 2.67e-24
1.13e+06 1.10e-18 2.48e-24 2.70e-24
1.19e+06 1.10e-18 2.53e-24 2.73e-24
1.25e+06 1.10e-18 2.57e-24 2.77e-24
1.32e+06 1.09e-18 2.62e-24 2.80e-24
1.39e+06 1.09e-18 2.67e-24 2.84e-24
1.46e+06 1.09e-18 2.72e-24 2.88e-24
1.54e+06 1.08e-18 2.77e-24 2.92e-24
1.62e+06 1.08e-18 2.82e-24 2.96e-24
1.70e+06 1.07e-18 2.87e-24 3.00e-24
1.79e+06 1.07e-18 2.92e-24 3.05e-24
1.89e+06 1.06e-18 2.98e-24 3.09e-24
1.99e+06 1.05e-18 3.03e-24 3.14e-24
2.09e+06 1.05e-18 3.09e-24 3.19e-24
2.20e+06 1.04e-18 3.14e-24 3.24e-24
2.32e+06 1.03e-18 3.20e-24 3.29e-24
2.44e+06 1.02e-18 3.26e-24 3.34e-24
2.57e+06 1.01e-18 3.31e-24 3.39e-24
2.70e+06 1.00e-18 3.37e-24 3.45e-24
2.84e+06 9.95e-19 3.43e-24 3.50e-24
2.99e+06 9.85e-19 3.50e-24 3.56e-24
3.15e+06 9.75e-19 3.56e-24 3.62e-24
3.32e+06 9.65e-19 3.63e-24 3.69e-24
3.49e+06 9.54e-19 3.72e-24 3.77e-24
3.68e+06 9.44e-19 3.80e-24 3.85e-24
3.87e+06 9.33e-19 3.88e-24 3.93e-24
4.07e+06 9.21e-19 3.97e-24 4.01e-24
4.29e+06 9.10e-19 4.06e-24 4.10e-24
4.51e+06 8.99e-19 4.15e-24 4.19e-24
4.75e+06 8.87e-19 4.24e-24 4.27e-24
5.00e+06 8.76e-19 4.33e-24 4.36e-24
5.01e+06 8.75e-19 4.34e-24 4.37e-24
5.25e+06 8.64e-19 4.42e-24 4.45e-24
5.50e+06 8.54e-19 4.51e-24 4.54e-24
5.75e+06 8.43e-19 4.59e-24 4.62e-24
6.03e+06 8.33e-19 4.68e-24 4.71e-24
6.31e+06 8.22e-19 4.77e-24 4.80e-24
6.61e+06 8.11e-19 4.86e-24 4.89e-24
6.92e+06 8.00e-19 4.96e-24 4.98e-24
7.24e+06 7.90e-19 5.05e-24 5.07e-24
7.59e+06 7.79e-19 5.15e-24 5.17e-24
7.94e+06 7.68e-19 5.24e-24 5.26e-24
8.32e+06 7.58e-19 5.34e-24 5.36e-24
8.71e+06 7.47e-19 5.44e-24 5.46e-24
9.12e+06 7.37e-19 5.54e-24 5.56e-24
9.55e+06 7.26e-19 5.65e-24 5.66e-24
1.00e+07 7.15e-19 5.75e-24 5.76e-24
1.05e+07 7.05e-19 5.88e-24 5.89e-24
1.10e+07 6.95e-19 6.01e-24 6.02e-24
1.15e+07 6.84e-19 6.14e-24 6.16e-24
1.20e+07 6.74e-19 6.28e-24 6.29e-24
1.26e+07 6.64e-19 6.42e-24 6.43e-24
1.32e+07 6.54e-19 6.56e-24 6.57e-24
1.38e+07 6.44e-19 6.70e-24 6.71e-24
1.45e+07 6.34e-19 6.85e-24 6.86e-24
1.51e+07 6.24e-19 7.00e-24 7.01e-24
1.58e+07 6.14e-19 7.15e-24 7.16e-24
1.66e+07 6.05e-19 7.30e-24 7.31e-24
1.74e+07 5.95e-19 7.46e-24 7.47e-24
1.82e+07 5.86e-19 7.62e-24 7.62e-24
1.91e+07 5.76e-19 7.78e-24 7.78e-24
2.00e+07 5.67e-19 7.94e-24 7.95e-24
2.09e+07 5.58e-19 8.10e-24 8.11e-24
2.19e+07 5.49e-19 8.27e-24 8.27e-24
2.29e+07 5.40e-19 8.44e-24 8.44e-24
2.40e+07 5.31e-19 8.60e-24 8.61e-24
2.51e+07 5.22e-19 8.77e-24 8.78e-24
2.63e+07 5.14e-19 8.94e-24 8.94e-24
2.75e+07 5.05e-19 9.11e-24 9.11e-24
2.88e+07 4.97e-19 9.28e-24 9.28e-24
3.02e+07 4.89e-19 9.45e-24 9.45e-24
3.16e+07 4.80e-19 9.62e-24 9.62e-24
3.31e+07 4.72e-19 9.82e-24 9.83e-24
3.47e+07 4.64e-19 1.00e-23 1.00e-23
3.63e+07 4.56e-19 1.02e-23 1.02e-23
3.80e+07 4.49e-19 1.04e-23 1.04e-23
3.98e+07 4.41e-19 1.06e-23 1.06e-23
4.17e+07 4.34e-19 1.08e-23 1.08e-23
4.37e+07 4.26e-19 1.10e-23 1.10e-23
4.57e+07 4.19e-19 1.12e-23 1.12e-23
4.79e+07 4.12e-19 1.14e-23 1.14e-23
5.01e+07 4.05e-19 1.16e-23 1.16e-23
5.25e+07 3.98e-19 1.18e-23 1.18e-23
5.50e+07 3.91e-19 1.20e-23 1.20e-23
5.75e+07 3.84e-19 1.22e-23 1.22e-23
6.03e+07 3.77e-19 1.23e-23 1.23e-23
6.31e+07 3.71e-19 1.25e-23 1.25e-23
6.61e+07 3.64e-19 1.26e-23 1.26e-23
6.92e+07 3.58e-19 1.28e-23 1.28e-23
7.24e+07 3.52e-19 1.29e-23 1.29e-23
7.59e+07 3.45e-19 1.31e-23 1.31e-23
7.94e+07 3.39e-19 1.32e-23 1.32e-23
8.32e+07 3.33e-19 1.33e-23 1.33e-23
8.71e+07 3.27e-19 1.34e-23 1.34e-23
9.12e+07 3.22e-19 1.35e-23 1.35e-23
9.55e+07 3.16e-19 1.36e-23 1.36e-23
1.00e+08 3.10e-19 1.37e-23 1.37e-23
