Title: Ion-by-Ion Cooling Efficiencies
Authors: Orly Gnat and Gary Ferland
Table: Ion-by-Ion Cooling Efficiencies for Lithium
================================================================================
Byte-by-byte Description of file: datafile1C.txt
--------------------------------------------------------------------------------
   Bytes Format Units Label        Explanations
--------------------------------------------------------------------------------
   1-  8 A8     K       Temperature  Temperature (column 1)
  10- 17 A8     ---     Li{0}         Ionic Cooling efficiency (column 2)
  19- 26 A8     ---     Li{+}         Ionic Cooling efficiency (column 3)
  28- 35 A8     ---     Li{2+}        Ionic Cooling efficiency (column 4)
  37- 44 A8     ---     Li{3+}        Ionic Cooling efficiency (column 5)
  46- 53 A8     ---     Li{CIE}       CIE Cooling efficiency (column 6)
--------------------------------------------------------------------------------
--------------------------------------------------------------------------------
1.00e+04 1.53e-19 1.77e-25 3.39e-24 8.50e-24 4.31e-22
1.05e+04 1.73e-19 1.83e-25 3.44e-24 8.63e-24 3.42e-22
1.10e+04 1.95e-19 1.88e-25 3.49e-24 8.77e-24 2.75e-22
1.16e+04 2.19e-19 1.93e-25 3.55e-24 8.92e-24 2.21e-22
1.22e+04 2.44e-19 1.99e-25 3.60e-24 9.06e-24 1.80e-22
1.28e+04 2.72e-19 2.05e-25 3.66e-24 9.21e-24 1.48e-22
1.34e+04 3.01e-19 2.10e-25 3.71e-24 9.36e-24 1.22e-22
1.41e+04 3.33e-19 2.16e-25 3.77e-24 9.51e-24 1.01e-22
1.48e+04 3.66e-19 2.23e-25 3.83e-24 9.67e-24 8.43e-23
1.55e+04 4.02e-19 2.29e-25 3.88e-24 9.82e-24 7.09e-23
1.63e+04 4.40e-19 2.35e-25 3.94e-24 9.98e-24 6.00e-23
1.71e+04 4.80e-19 2.42e-25 4.00e-24 1.01e-23 5.10e-23
1.80e+04 5.22e-19 2.49e-25 4.06e-24 1.03e-23 4.36e-23
1.89e+04 5.66e-19 2.55e-25 4.13e-24 1.05e-23 3.75e-23
1.99e+04 6.13e-19 2.62e-25 4.19e-24 1.06e-23 3.24e-23
2.09e+04 6.61e-19 2.70e-25 4.25e-24 1.08e-23 2.81e-23
2.20e+04 7.12e-19 2.77e-25 4.31e-24 1.10e-23 2.45e-23
2.31e+04 7.64e-19 2.85e-25 4.38e-24 1.12e-23 2.15e-23
2.43e+04 8.18e-19 2.92e-25 4.44e-24 1.14e-23 1.89e-23
2.56e+04 8.74e-19 3.00e-25 4.51e-24 1.15e-23 1.67e-23
2.69e+04 9.32e-19 3.08e-25 4.57e-24 1.17e-23 1.49e-23
2.83e+04 9.91e-19 3.16e-25 4.64e-24 1.19e-23 1.33e-23
2.98e+04 1.05e-18 3.25e-25 4.83e-24 1.21e-23 1.19e-23
3.14e+04 1.11e-18 3.34e-25 4.87e-24 1.23e-23 1.07e-23
3.30e+04 1.18e-18 3.44e-25 4.91e-24 1.25e-23 9.63e-24
3.47e+04 1.24e-18 3.56e-25 4.97e-24 1.27e-23 8.73e-24
3.65e+04 1.31e-18 3.71e-25 5.04e-24 1.29e-23 7.93e-24
3.84e+04 1.38e-18 3.91e-25 5.11e-24 1.31e-23 7.25e-24
4.04e+04 1.44e-18 4.23e-25 5.18e-24 1.34e-23 6.66e-24
4.26e+04 1.51e-18 4.82e-25 5.26e-24 1.36e-23 6.16e-24
4.48e+04 1.58e-18 5.95e-25 5.33e-24 1.38e-23 5.78e-24
4.71e+04 1.65e-18 8.19e-25 5.41e-24 1.40e-23 5.57e-24
4.96e+04 1.72e-18 1.25e-24 5.49e-24 1.43e-23 5.61e-24
5.22e+04 1.79e-18 2.07e-24 5.57e-24 1.45e-23 6.09e-24
5.49e+04 1.86e-18 3.59e-24 5.66e-24 1.47e-23 7.29e-24
5.78e+04 1.92e-18 6.30e-24 5.75e-24 1.50e-23 9.71e-24
6.08e+04 1.99e-18 1.10e-23 5.85e-24 1.52e-23 1.41e-23
6.40e+04 2.06e-18 1.88e-23 5.96e-24 1.54e-23 2.17e-23
6.74e+04 2.13e-18 3.17e-23 6.11e-24 1.57e-23 3.42e-23
7.09e+04 2.19e-18 5.20e-23 6.33e-24 1.59e-23 5.41e-23
7.46e+04 2.26e-18 8.34e-23 6.68e-24 1.62e-23 8.43e-23
7.86e+04 2.32e-18 1.31e-22 7.28e-24 1.64e-23 1.29e-22
8.27e+04 2.39e-18 2.01e-22 8.30e-24 1.67e-23 1.90e-22
8.70e+04 2.45e-18 3.01e-22 1.01e-23 1.69e-23 2.71e-22
9.16e+04 2.51e-18 4.43e-22 1.31e-23 1.72e-23 3.69e-22
9.64e+04 2.57e-18 6.38e-22 1.80e-23 1.74e-23 4.74e-22
1.02e+05 2.62e-18 9.05e-22 2.62e-23 1.77e-23 5.73e-22
1.07e+05 2.68e-18 1.26e-21 3.89e-23 1.80e-23 6.52e-22
1.12e+05 2.73e-18 1.71e-21 5.85e-23 1.83e-23 7.06e-22
1.18e+05 2.78e-18 2.31e-21 8.80e-23 1.86e-23 7.38e-22
1.24e+05 2.83e-18 3.05e-21 1.31e-22 1.89e-23 7.60e-22
1.31e+05 2.88e-18 3.99e-21 1.95e-22 1.92e-23 7.86e-22
1.38e+05 2.92e-18 5.14e-21 2.83e-22 1.95e-23 8.29e-22
1.45e+05 2.96e-18 6.52e-21 4.04e-22 1.98e-23 8.99e-22
1.53e+05 3.00e-18 8.18e-21 5.69e-22 2.01e-23 1.00e-21
1.61e+05 3.04e-18 1.02e-20 7.91e-22 2.05e-23 1.14e-21
1.69e+05 3.07e-18 1.25e-20 1.08e-21 2.08e-23 1.31e-21
1.78e+05 3.10e-18 1.52e-20 1.45e-21 2.11e-23 1.48e-21
1.88e+05 3.13e-18 1.82e-20 1.92e-21 2.14e-23 1.63e-21
1.98e+05 3.16e-18 2.17e-20 2.51e-21 2.18e-23 1.75e-21
2.08e+05 3.18e-18 2.56e-20 3.24e-21 2.21e-23 1.81e-21
2.19e+05 3.20e-18 2.99e-20 4.12e-21 2.24e-23 1.80e-21
2.30e+05 3.22e-18 3.48e-20 5.20e-21 2.28e-23 1.74e-21
2.42e+05 3.23e-18 4.01e-20 6.47e-21 2.31e-23 1.63e-21
2.55e+05 3.24e-18 4.59e-20 7.95e-21 2.34e-23 1.51e-21
2.69e+05 3.25e-18 5.22e-20 9.70e-21 2.38e-23 1.37e-21
2.83e+05 3.25e-18 5.89e-20 1.17e-20 2.41e-23 1.24e-21
2.98e+05 3.25e-18 6.62e-20 1.40e-20 2.45e-23 1.11e-21
3.13e+05 3.25e-18 7.39e-20 1.66e-20 2.48e-23 9.97e-22
3.30e+05 3.24e-18 8.21e-20 1.95e-20 2.52e-23 8.93e-22
3.47e+05 3.24e-18 9.06e-20 2.28e-20 2.56e-23 8.01e-22
3.66e+05 3.22e-18 9.96e-20 2.64e-20 2.61e-23 7.20e-22
3.85e+05 3.21e-18 1.09e-19 3.04e-20 2.65e-23 6.48e-22
4.05e+05 3.19e-18 1.19e-19 3.47e-20 2.69e-23 5.85e-22
4.26e+05 3.17e-18 1.29e-19 3.95e-20 2.73e-23 5.29e-22
4.49e+05 3.15e-18 1.39e-19 4.46e-20 2.77e-23 4.81e-22
4.72e+05 3.12e-18 1.50e-19 5.00e-20 2.82e-23 4.38e-22
4.97e+05 3.09e-18 1.61e-19 5.59e-20 2.86e-23 4.00e-22
5.23e+05 3.06e-18 1.73e-19 6.21e-20 2.90e-23 3.66e-22
5.51e+05 3.02e-18 1.84e-19 6.87e-20 2.95e-23 3.36e-22
5.80e+05 2.98e-18 1.96e-19 7.56e-20 2.99e-23 3.09e-22
6.10e+05 2.94e-18 2.08e-19 8.29e-20 3.03e-23 2.86e-22
6.43e+05 2.90e-18 2.23e-19 9.05e-20 3.08e-23 2.65e-22
6.76e+05 2.86e-18 2.48e-19 9.84e-20 3.12e-23 2.46e-22
7.12e+05 2.81e-18 2.63e-19 1.07e-19 3.16e-23 2.29e-22
7.49e+05 2.76e-18 2.78e-19 1.15e-19 3.21e-23 2.14e-22
7.89e+05 2.71e-18 2.93e-19 1.24e-19 3.25e-23 2.00e-22
8.30e+05 2.65e-18 3.08e-19 1.33e-19 3.29e-23 1.88e-22
8.74e+05 2.60e-18 3.24e-19 1.42e-19 3.34e-23 1.77e-22
9.20e+05 2.54e-18 3.39e-19 1.51e-19 3.38e-23 1.67e-22
9.69e+05 2.48e-18 3.55e-19 1.61e-19 3.43e-23 1.58e-22
1.02e+06 2.42e-18 3.70e-19 1.71e-19 3.48e-23 1.49e-22
1.07e+06 2.36e-18 3.86e-19 1.82e-19 3.53e-23 1.43e-22
1.13e+06 2.30e-18 4.01e-19 1.93e-19 3.58e-23 1.36e-22
1.19e+06 2.24e-18 4.16e-19 2.03e-19 3.64e-23 1.30e-22
1.25e+06 2.18e-18 4.32e-19 2.13e-19 3.69e-23 1.25e-22
1.32e+06 2.12e-18 4.47e-19 2.23e-19 3.75e-23 1.19e-22
1.39e+06 2.05e-18 4.62e-19 2.33e-19 3.80e-23 1.15e-22
1.46e+06 1.99e-18 4.76e-19 2.43e-19 3.86e-23 1.10e-22
1.54e+06 1.93e-18 4.91e-19 2.52e-19 3.91e-23 1.06e-22
1.62e+06 1.87e-18 5.05e-19 2.62e-19 3.97e-23 1.02e-22
1.70e+06 1.81e-18 5.19e-19 2.71e-19 4.02e-23 9.89e-23
1.79e+06 1.75e-18 5.33e-19 2.80e-19 4.08e-23 9.58e-23
1.89e+06 1.69e-18 5.47e-19 2.89e-19 4.14e-23 9.29e-23
1.99e+06 1.63e-18 5.60e-19 2.97e-19 4.19e-23 9.02e-23
2.09e+06 1.57e-18 5.73e-19 3.06e-19 4.25e-23 8.78e-23
2.20e+06 1.52e-18 5.85e-19 3.14e-19 4.31e-23 8.56e-23
2.32e+06 1.46e-18 5.97e-19 3.22e-19 4.36e-23 8.36e-23
2.44e+06 1.41e-18 6.09e-19 3.29e-19 4.42e-23 8.18e-23
2.57e+06 1.35e-18 6.20e-19 3.36e-19 4.48e-23 8.01e-23
2.70e+06 1.30e-18 6.31e-19 3.43e-19 4.54e-23 7.85e-23
2.84e+06 1.25e-18 6.42e-19 3.50e-19 4.60e-23 7.71e-23
2.99e+06 1.20e-18 6.52e-19 3.56e-19 4.66e-23 7.59e-23
3.15e+06 1.16e-18 6.61e-19 3.62e-19 4.72e-23 7.47e-23
3.32e+06 1.11e-18 6.70e-19 3.67e-19 4.79e-23 7.38e-23
3.49e+06 1.07e-18 6.79e-19 3.73e-19 4.87e-23 7.30e-23
3.68e+06 1.03e-18 6.87e-19 3.77e-19 4.94e-23 7.24e-23
3.87e+06 9.88e-19 6.95e-19 3.82e-19 5.02e-23 7.18e-23
4.07e+06 9.49e-19 7.02e-19 3.86e-19 5.10e-23 7.13e-23
4.29e+06 9.12e-19 7.08e-19 3.90e-19 5.18e-23 7.09e-23
4.51e+06 8.76e-19 7.14e-19 3.93e-19 5.26e-23 7.05e-23
4.75e+06 8.42e-19 7.20e-19 3.96e-19 5.34e-23 7.03e-23
5.00e+06 8.09e-19 7.25e-19 3.99e-19 5.42e-23 7.01e-23
5.01e+06 8.07e-19 7.25e-19 3.99e-19 5.42e-23 7.01e-23
5.25e+06 7.79e-19 7.29e-19 4.01e-19 5.50e-23 7.00e-23
5.50e+06 7.52e-19 7.33e-19 4.03e-19 5.57e-23 7.00e-23
5.75e+06 7.26e-19 7.36e-19 4.04e-19 5.65e-23 7.00e-23
6.03e+06 7.01e-19 7.39e-19 4.06e-19 5.73e-23 7.00e-23
6.31e+06 6.77e-19 7.41e-19 4.07e-19 5.81e-23 7.01e-23
6.61e+06 6.53e-19 7.43e-19 4.07e-19 5.89e-23 7.03e-23
6.92e+06 6.31e-19 7.45e-19 4.08e-19 5.97e-23 7.05e-23
7.24e+06 6.10e-19 7.46e-19 4.08e-19 6.05e-23 7.07e-23
7.59e+06 5.90e-19 7.47e-19 4.08e-19 6.13e-23 7.10e-23
7.94e+06 5.70e-19 7.48e-19 4.08e-19 6.21e-23 7.13e-23
8.32e+06 5.51e-19 7.48e-19 4.08e-19 6.29e-23 7.16e-23
8.71e+06 5.34e-19 7.48e-19 4.07e-19 6.38e-23 7.20e-23
9.12e+06 5.16e-19 7.47e-19 4.07e-19 6.46e-23 7.24e-23
9.55e+06 5.00e-19 7.46e-19 4.06e-19 6.55e-23 7.28e-23
1.00e+07 4.84e-19 7.45e-19 4.05e-19 6.63e-23 7.33e-23
1.05e+07 4.69e-19 7.44e-19 4.03e-19 6.74e-23 7.40e-23
1.10e+07 4.54e-19 7.42e-19 4.02e-19 6.86e-23 7.48e-23
1.15e+07 4.41e-19 7.40e-19 4.00e-19 6.97e-23 7.56e-23
1.20e+07 4.27e-19 7.37e-19 3.98e-19 7.09e-23 7.65e-23
1.26e+07 4.14e-19 7.35e-19 3.97e-19 7.21e-23 7.74e-23
1.32e+07 4.02e-19 7.32e-19 3.95e-19 7.33e-23 7.83e-23
1.38e+07 3.90e-19 7.29e-19 3.92e-19 7.46e-23 7.92e-23
1.45e+07 3.79e-19 7.25e-19 3.90e-19 7.58e-23 8.02e-23
1.51e+07 3.68e-19 7.22e-19 3.88e-19 7.71e-23 8.13e-23
1.58e+07 3.58e-19 7.18e-19 3.85e-19 7.84e-23 8.23e-23
1.66e+07 3.48e-19 7.14e-19 3.83e-19 7.97e-23 8.34e-23
1.74e+07 3.38e-19 7.10e-19 3.80e-19 8.10e-23 8.45e-23
1.82e+07 3.29e-19 7.05e-19 3.77e-19 8.24e-23 8.57e-23
1.91e+07 3.20e-19 7.01e-19 3.74e-19 8.37e-23 8.68e-23
2.00e+07 3.11e-19 6.96e-19 3.72e-19 8.51e-23 8.80e-23
2.09e+07 3.03e-19 6.91e-19 3.69e-19 8.64e-23 8.92e-23
2.19e+07 2.95e-19 6.86e-19 3.66e-19 8.78e-23 9.04e-23
2.29e+07 2.88e-19 6.81e-19 3.62e-19 8.92e-23 9.17e-23
2.40e+07 2.80e-19 6.75e-19 3.59e-19 9.06e-23 9.29e-23
2.51e+07 2.73e-19 6.70e-19 3.56e-19 9.20e-23 9.42e-23
2.63e+07 2.66e-19 6.64e-19 3.53e-19 9.34e-23 9.55e-23
2.75e+07 2.60e-19 6.59e-19 3.50e-19 9.48e-23 9.67e-23
2.88e+07 2.53e-19 6.53e-19 3.46e-19 9.62e-23 9.80e-23
3.02e+07 2.47e-19 6.47e-19 3.43e-19 9.76e-23 9.93e-23
3.16e+07 2.41e-19 6.42e-19 3.40e-19 9.89e-23 1.01e-22
3.31e+07 2.35e-19 6.36e-19 3.37e-19 1.01e-22 1.02e-22
3.47e+07 2.30e-19 6.30e-19 3.33e-19 1.02e-22 1.04e-22
3.63e+07 2.24e-19 6.24e-19 3.30e-19 1.04e-22 1.06e-22
3.80e+07 2.19e-19 6.18e-19 3.27e-19 1.06e-22 1.07e-22
3.98e+07 2.14e-19 6.12e-19 3.23e-19 1.08e-22 1.09e-22
4.17e+07 2.09e-19 6.06e-19 3.20e-19 1.09e-22 1.10e-22
4.37e+07 2.04e-19 6.00e-19 3.17e-19 1.11e-22 1.12e-22
4.57e+07 2.00e-19 5.93e-19 3.13e-19 1.12e-22 1.13e-22
4.79e+07 1.95e-19 5.87e-19 3.10e-19 1.14e-22 1.15e-22
5.01e+07 1.91e-19 5.81e-19 3.07e-19 1.16e-22 1.16e-22
5.25e+07 1.87e-19 5.75e-19 3.03e-19 1.17e-22 1.18e-22
5.50e+07 1.83e-19 5.69e-19 3.00e-19 1.18e-22 1.19e-22
5.75e+07 1.79e-19 5.63e-19 2.97e-19 1.20e-22 1.21e-22
6.03e+07 1.75e-19 5.57e-19 2.93e-19 1.21e-22 1.22e-22
6.31e+07 1.71e-19 5.51e-19 2.90e-19 1.22e-22 1.23e-22
6.61e+07 1.67e-19 5.45e-19 2.87e-19 1.23e-22 1.24e-22
6.92e+07 1.64e-19 5.39e-19 2.84e-19 1.25e-22 1.25e-22
7.24e+07 1.60e-19 5.33e-19 2.80e-19 1.26e-22 1.26e-22
7.59e+07 1.57e-19 5.27e-19 2.77e-19 1.27e-22 1.27e-22
7.94e+07 1.54e-19 5.21e-19 2.74e-19 1.27e-22 1.28e-22
8.32e+07 1.50e-19 5.15e-19 2.71e-19 1.28e-22 1.29e-22
8.71e+07 1.47e-19 5.09e-19 2.68e-19 1.29e-22 1.29e-22
9.12e+07 1.44e-19 5.03e-19 2.65e-19 1.29e-22 1.30e-22
9.55e+07 1.41e-19 4.97e-19 2.62e-19 1.30e-22 1.30e-22
1.00e+08 1.38e-19 4.91e-19 2.59e-19 1.30e-22 1.31e-22
