Title: Ion-by-Ion Cooling Efficiencies
Authors: Orly Gnat and Gary Ferland
Table: Ion-by-Ion Cooling Efficiencies for Nitrogen
================================================================================
Byte-by-byte Description of file: datafile1G.txt
--------------------------------------------------------------------------------
   Bytes Format Units Label        Explanations
--------------------------------------------------------------------------------
   1-  8 A8     K       Temperature  Temperature (column 1)
  10- 17 A8     ---     N{0}         Ionic Cooling efficiency (column 2)
  19- 26 A8     ---     N{+}         Ionic Cooling efficiency (column 3)
  28- 35 A8     ---     N{2+}        Ionic Cooling efficiency (column 4)
  37- 44 A8     ---     N{3+}        Ionic Cooling efficiency (column 5)
  46- 53 A8     ---     N{4+}        Ionic Cooling efficiency (column 6)
  55- 62 A8     ---     N{5+}        Ionic Cooling efficiency (column 7)
  64- 71 A8     ---     N{6+}        Ionic Cooling efficiency (column 8)
  73- 80 A8     ---     N{7+}        Ionic Cooling efficiency (column 9)
  82- 89 A8     ---     N{CIE}       CIE Cooling efficiency (column 10)
--------------------------------------------------------------------------------
--------------------------------------------------------------------------------
1.00e+04 2.88e-21 9.82e-21 2.18e-21 9.87e-23 6.14e-23 3.89e-24 3.98e-23 5.94e-23 2.88e-21
1.05e+04 3.36e-21 1.06e-20 2.18e-21 1.43e-22 9.22e-23 4.00e-24 4.05e-23 6.05e-23 3.37e-21
1.10e+04 3.91e-21 1.14e-20 2.19e-21 2.05e-22 1.40e-22 4.10e-24 4.12e-23 6.16e-23 3.93e-21
1.16e+04 4.53e-21 1.22e-20 2.22e-21 2.92e-22 2.15e-22 4.22e-24 4.19e-23 6.27e-23 4.59e-21
1.22e+04 5.23e-21 1.30e-20 2.27e-21 4.10e-22 3.27e-22 4.33e-24 4.27e-23 6.38e-23 5.34e-21
1.28e+04 6.01e-21 1.39e-20 2.34e-21 5.66e-22 4.90e-22 4.45e-24 4.34e-23 6.50e-23 6.23e-21
1.34e+04 6.88e-21 1.48e-20 2.43e-21 7.70e-22 7.26e-22 4.57e-24 4.41e-23 6.61e-23 7.31e-21
1.41e+04 7.86e-21 1.57e-20 2.57e-21 1.04e-21 1.06e-21 4.69e-24 4.49e-23 6.73e-23 8.65e-21
1.48e+04 8.96e-21 1.67e-20 2.75e-21 1.38e-21 1.53e-21 4.82e-24 4.57e-23 6.85e-23 1.03e-20
1.55e+04 1.02e-20 1.77e-20 2.99e-21 1.80e-21 2.17e-21 4.95e-24 4.65e-23 6.98e-23 1.23e-20
1.63e+04 1.16e-20 1.88e-20 3.29e-21 2.34e-21 3.02e-21 5.08e-24 4.73e-23 7.10e-23 1.45e-20
1.71e+04 1.31e-20 1.99e-20 3.69e-21 3.01e-21 4.16e-21 5.21e-24 4.81e-23 7.23e-23 1.68e-20
1.80e+04 1.49e-20 2.12e-20 4.18e-21 3.84e-21 5.62e-21 5.35e-24 4.89e-23 7.36e-23 1.90e-20
1.89e+04 1.68e-20 2.25e-20 4.81e-21 4.84e-21 7.50e-21 5.49e-24 4.98e-23 7.49e-23 2.11e-20
1.99e+04 1.90e-20 2.39e-20 5.58e-21 6.06e-21 9.87e-21 5.64e-24 5.07e-23 7.63e-23 2.30e-20
2.09e+04 2.15e-20 2.55e-20 6.55e-21 7.53e-21 1.28e-20 5.79e-24 5.15e-23 7.77e-23 2.50e-20
2.20e+04 2.43e-20 2.73e-20 7.74e-21 9.27e-21 1.64e-20 5.95e-24 5.24e-23 7.90e-23 2.70e-20
2.31e+04 2.74e-20 2.93e-20 9.18e-21 1.13e-20 2.07e-20 6.10e-24 5.33e-23 8.05e-23 2.92e-20
2.43e+04 3.09e-20 3.16e-20 1.09e-20 1.38e-20 2.59e-20 6.26e-24 5.42e-23 8.19e-23 3.16e-20
2.56e+04 3.48e-20 3.43e-20 1.31e-20 1.66e-20 3.20e-20 6.43e-24 5.51e-23 8.33e-23 3.43e-20
2.69e+04 3.92e-20 3.73e-20 1.56e-20 2.00e-20 3.91e-20 6.60e-24 5.61e-23 8.48e-23 3.73e-20
2.83e+04 4.40e-20 4.09e-20 1.86e-20 2.39e-20 4.72e-20 6.77e-24 5.70e-23 8.63e-23 4.08e-20
2.98e+04 4.94e-20 4.50e-20 2.22e-20 2.85e-20 5.63e-20 6.95e-24 5.79e-23 8.78e-23 4.48e-20
3.14e+04 5.54e-20 4.98e-20 2.64e-20 3.38e-20 6.67e-20 7.13e-24 5.89e-23 8.94e-23 4.95e-20
3.30e+04 6.20e-20 5.52e-20 3.13e-20 4.00e-20 7.82e-20 7.34e-24 5.99e-23 9.10e-23 5.47e-20
3.47e+04 6.93e-20 6.16e-20 3.71e-20 4.70e-20 9.08e-20 7.56e-24 6.09e-23 9.26e-23 6.07e-20
3.65e+04 7.73e-20 6.89e-20 4.36e-20 5.51e-20 1.05e-19 7.78e-24 6.20e-23 9.43e-23 6.74e-20
3.84e+04 8.61e-20 7.73e-20 5.12e-20 6.43e-20 1.20e-19 8.01e-24 6.30e-23 9.59e-23 7.50e-20
4.04e+04 9.56e-20 8.68e-20 5.97e-20 7.47e-20 1.36e-19 8.25e-24 6.41e-23 9.76e-23 8.34e-20
4.26e+04 1.06e-19 9.76e-20 6.92e-20 8.64e-20 1.53e-19 8.49e-24 6.51e-23 9.94e-23 9.26e-20
4.48e+04 1.17e-19 1.10e-19 8.00e-20 9.94e-20 1.71e-19 8.73e-24 6.62e-23 1.01e-22 1.03e-19
4.71e+04 1.29e-19 1.23e-19 9.19e-20 1.14e-19 1.90e-19 8.98e-24 6.73e-23 1.03e-22 1.14e-19
4.96e+04 1.43e-19 1.39e-19 1.05e-19 1.30e-19 2.09e-19 9.24e-24 6.84e-23 1.05e-22 1.26e-19
5.22e+04 1.57e-19 1.55e-19 1.19e-19 1.47e-19 2.30e-19 9.50e-24 6.95e-23 1.06e-22 1.40e-19
5.49e+04 1.72e-19 1.74e-19 1.35e-19 1.66e-19 2.51e-19 9.76e-24 7.07e-23 1.08e-22 1.54e-19
5.78e+04 1.88e-19 1.95e-19 1.52e-19 1.87e-19 2.72e-19 1.00e-23 7.18e-23 1.10e-22 1.70e-19
6.08e+04 2.05e-19 2.17e-19 1.70e-19 2.08e-19 2.93e-19 1.03e-23 7.29e-23 1.12e-22 1.87e-19
6.40e+04 2.23e-19 2.41e-19 1.90e-19 2.32e-19 3.15e-19 1.06e-23 7.41e-23 1.14e-22 2.05e-19
6.74e+04 2.43e-19 2.68e-19 2.10e-19 2.56e-19 3.37e-19 1.09e-23 7.53e-23 1.16e-22 2.26e-19
7.09e+04 2.64e-19 2.96e-19 2.32e-19 2.82e-19 3.59e-19 1.12e-23 7.64e-23 1.18e-22 2.47e-19
7.46e+04 2.85e-19 3.26e-19 2.55e-19 3.09e-19 3.80e-19 1.15e-23 7.76e-23 1.20e-22 2.70e-19
7.86e+04 3.08e-19 3.59e-19 2.79e-19 3.36e-19 4.01e-19 1.18e-23 7.88e-23 1.22e-22 2.95e-19
8.27e+04 3.33e-19 3.93e-19 3.04e-19 3.65e-19 4.22e-19 1.21e-23 8.00e-23 1.24e-22 3.22e-19
8.70e+04 3.58e-19 4.30e-19 3.29e-19 3.95e-19 4.43e-19 1.24e-23 8.13e-23 1.26e-22 3.50e-19
9.16e+04 3.85e-19 4.68e-19 3.56e-19 4.25e-19 4.62e-19 1.28e-23 8.25e-23 1.28e-22 3.81e-19
9.64e+04 4.13e-19 5.08e-19 3.83e-19 4.55e-19 4.82e-19 1.31e-23 8.38e-23 1.30e-22 4.12e-19
1.02e+05 4.42e-19 5.50e-19 4.11e-19 4.86e-19 5.00e-19 1.35e-23 8.50e-23 1.32e-22 4.46e-19
1.07e+05 4.72e-19 5.94e-19 4.39e-19 5.16e-19 5.18e-19 1.39e-23 8.64e-23 1.34e-22 4.80e-19
1.12e+05 5.04e-19 6.39e-19 4.67e-19 5.47e-19 5.34e-19 1.43e-23 8.78e-23 1.37e-22 5.14e-19
1.18e+05 5.37e-19 6.86e-19 4.96e-19 5.78e-19 5.50e-19 1.47e-23 8.92e-23 1.39e-22 5.48e-19
1.24e+05 5.71e-19 7.35e-19 5.25e-19 6.08e-19 5.66e-19 1.52e-23 9.06e-23 1.41e-22 5.82e-19
1.31e+05 6.07e-19 7.85e-19 5.55e-19 6.38e-19 5.80e-19 1.57e-23 9.20e-23 1.44e-22 6.13e-19
1.38e+05 6.44e-19 8.36e-19 5.84e-19 6.68e-19 5.93e-19 1.61e-23 9.34e-23 1.46e-22 6.41e-19
1.45e+05 6.81e-19 8.88e-19 6.14e-19 6.96e-19 6.06e-19 1.66e-23 9.49e-23 1.49e-22 6.63e-19
1.53e+05 7.20e-19 9.42e-19 6.43e-19 7.24e-19 6.17e-19 1.71e-23 9.63e-23 1.51e-22 6.75e-19
1.61e+05 7.61e-19 9.96e-19 6.73e-19 7.52e-19 6.28e-19 1.76e-23 9.78e-23 1.54e-22 6.69e-19
1.69e+05 8.02e-19 1.05e-18 7.03e-19 7.79e-19 6.38e-19 1.81e-23 9.93e-23 1.56e-22 6.38e-19
1.78e+05 8.45e-19 1.11e-18 7.32e-19 8.05e-19 6.48e-19 1.86e-23 1.01e-22 1.59e-22 5.80e-19
1.88e+05 8.88e-19 1.16e-18 7.62e-19 8.30e-19 6.56e-19 1.91e-23 1.02e-22 1.61e-22 4.97e-19
1.98e+05 9.33e-19 1.22e-18 7.91e-19 8.55e-19 6.64e-19 1.97e-23 1.04e-22 1.64e-22 4.02e-19
2.08e+05 9.79e-19 1.28e-18 8.20e-19 8.78e-19 6.71e-19 2.02e-23 1.05e-22 1.67e-22 3.10e-19
2.19e+05 1.03e-18 1.34e-18 8.50e-19 9.01e-19 6.77e-19 2.08e-23 1.07e-22 1.69e-22 2.32e-19
2.30e+05 1.07e-18 1.40e-18 8.79e-19 9.23e-19 6.83e-19 2.13e-23 1.09e-22 1.72e-22 1.71e-19
2.42e+05 1.12e-18 1.45e-18 9.08e-19 9.44e-19 6.88e-19 2.19e-23 1.10e-22 1.75e-22 1.25e-19
2.55e+05 1.17e-18 1.51e-18 9.36e-19 9.65e-19 6.93e-19 2.25e-23 1.12e-22 1.78e-22 9.27e-20
2.69e+05 1.22e-18 1.57e-18 9.65e-19 9.85e-19 6.97e-19 2.31e-23 1.13e-22 1.80e-22 6.90e-20
2.83e+05 1.27e-18 1.63e-18 9.94e-19 1.00e-18 7.01e-19 2.38e-23 1.15e-22 1.83e-22 5.20e-20
2.98e+05 1.33e-18 1.69e-18 1.02e-18 1.02e-18 7.05e-19 2.44e-23 1.17e-22 1.86e-22 3.97e-20
3.13e+05 1.38e-18 1.74e-18 1.05e-18 1.04e-18 7.08e-19 2.51e-23 1.18e-22 1.89e-22 3.06e-20
3.30e+05 1.43e-18 1.80e-18 1.08e-18 1.06e-18 7.11e-19 2.60e-23 1.20e-22 1.92e-22 2.39e-20
3.47e+05 1.49e-18 1.86e-18 1.11e-18 1.07e-18 7.14e-19 2.71e-23 1.22e-22 1.96e-22 1.89e-20
3.66e+05 1.54e-18 1.91e-18 1.13e-18 1.09e-18 7.16e-19 2.83e-23 1.24e-22 1.99e-22 1.51e-20
3.85e+05 1.60e-18 1.97e-18 1.16e-18 1.10e-18 7.18e-19 2.99e-23 1.26e-22 2.02e-22 1.22e-20
4.05e+05 1.65e-18 2.02e-18 1.19e-18 1.11e-18 7.20e-19 3.22e-23 1.28e-22 2.05e-22 9.90e-21
4.26e+05 1.71e-18 2.08e-18 1.22e-18 1.13e-18 7.22e-19 3.55e-23 1.30e-22 2.09e-22 8.13e-21
4.49e+05 1.77e-18 2.13e-18 1.24e-18 1.14e-18 7.24e-19 4.04e-23 1.32e-22 2.12e-22 6.74e-21
4.72e+05 1.82e-18 2.18e-18 1.27e-18 1.15e-18 7.26e-19 4.79e-23 1.35e-22 2.15e-22 5.64e-21
4.97e+05 1.88e-18 2.24e-18 1.29e-18 1.16e-18 7.27e-19 5.92e-23 1.39e-22 2.19e-22 4.77e-21
5.23e+05 1.94e-18 2.29e-18 1.32e-18 1.18e-18 7.29e-19 7.62e-23 1.43e-22 2.22e-22 4.08e-21
5.51e+05 2.00e-18 2.34e-18 1.34e-18 1.19e-18 7.31e-19 1.01e-22 1.49e-22 2.26e-22 3.53e-21
5.80e+05 2.05e-18 2.39e-18 1.37e-18 1.20e-18 7.32e-19 1.37e-22 1.57e-22 2.29e-22 3.10e-21
6.10e+05 2.11e-18 2.43e-18 1.39e-18 1.21e-18 7.33e-19 1.89e-22 1.69e-22 2.33e-22 2.78e-21
6.43e+05 2.17e-18 2.48e-18 1.42e-18 1.22e-18 7.35e-19 2.61e-22 1.86e-22 2.37e-22 2.55e-21
6.76e+05 2.23e-18 2.52e-18 1.44e-18 1.23e-18 7.36e-19 3.60e-22 2.10e-22 2.40e-22 2.40e-21
7.12e+05 2.29e-18 2.57e-18 1.46e-18 1.24e-18 7.38e-19 4.92e-22 2.44e-22 2.44e-22 2.33e-21
7.49e+05 2.34e-18 2.61e-18 1.49e-18 1.25e-18 7.39e-19 6.67e-22 2.90e-22 2.48e-22 2.34e-21
7.89e+05 2.40e-18 2.65e-18 1.51e-18 1.26e-18 7.40e-19 8.95e-22 3.55e-22 2.51e-22 2.43e-21
8.30e+05 2.46e-18 2.69e-18 1.53e-18 1.27e-18 7.42e-19 1.19e-21 4.41e-22 2.55e-22 2.60e-21
8.74e+05 2.51e-18 2.73e-18 1.55e-18 1.28e-18 7.43e-19 1.55e-21 5.56e-22 2.59e-22 2.86e-21
9.20e+05 2.57e-18 2.76e-18 1.57e-18 1.29e-18 7.45e-19 2.01e-21 7.07e-22 2.63e-22 3.19e-21
9.69e+05 2.62e-18 2.79e-18 1.59e-18 1.30e-18 7.46e-19 2.57e-21 9.01e-22 2.67e-22 3.61e-21
1.02e+06 2.68e-18 2.83e-18 1.60e-18 1.31e-18 7.48e-19 3.24e-21 1.15e-21 2.71e-22 4.10e-21
1.07e+06 2.73e-18 2.86e-18 1.62e-18 1.32e-18 7.49e-19 4.04e-21 1.45e-21 2.75e-22 4.65e-21
1.13e+06 2.78e-18 2.89e-18 1.64e-18 1.32e-18 7.50e-19 4.99e-21 1.84e-21 2.80e-22 5.26e-21
1.19e+06 2.83e-18 2.91e-18 1.65e-18 1.33e-18 7.52e-19 6.09e-21 2.30e-21 2.84e-22 5.90e-21
1.25e+06 2.89e-18 2.94e-18 1.67e-18 1.34e-18 7.53e-19 7.38e-21 2.86e-21 2.89e-22 6.56e-21
1.32e+06 2.94e-18 2.96e-18 1.68e-18 1.35e-18 7.54e-19 8.84e-21 3.52e-21 2.94e-22 7.22e-21
1.39e+06 2.98e-18 2.98e-18 1.69e-18 1.35e-18 7.56e-19 1.05e-20 4.30e-21 2.98e-22 7.84e-21
1.46e+06 3.03e-18 3.00e-18 1.70e-18 1.36e-18 7.57e-19 1.23e-20 5.21e-21 3.03e-22 8.40e-21
1.54e+06 3.08e-18 3.02e-18 1.71e-18 1.36e-18 7.59e-19 1.44e-20 6.26e-21 3.08e-22 8.87e-21
1.62e+06 3.12e-18 3.04e-18 1.72e-18 1.37e-18 7.60e-19 1.67e-20 7.46e-21 3.12e-22 9.20e-21
1.70e+06 3.16e-18 3.05e-18 1.73e-18 1.37e-18 7.61e-19 1.92e-20 8.81e-21 3.17e-22 9.37e-21
1.79e+06 3.20e-18 3.06e-18 1.74e-18 1.38e-18 7.62e-19 2.20e-20 1.03e-20 3.22e-22 9.37e-21
1.89e+06 3.24e-18 3.07e-18 1.74e-18 1.38e-18 7.64e-19 2.50e-20 1.20e-20 3.27e-22 9.22e-21
1.99e+06 3.28e-18 3.08e-18 1.75e-18 1.38e-18 7.65e-19 2.82e-20 1.39e-20 3.32e-22 8.93e-21
2.09e+06 3.32e-18 3.09e-18 1.75e-18 1.39e-18 7.66e-19 3.16e-20 1.59e-20 3.37e-22 8.53e-21
2.20e+06 3.35e-18 3.09e-18 1.76e-18 1.39e-18 7.67e-19 3.53e-20 1.81e-20 3.42e-22 8.05e-21
2.32e+06 3.38e-18 3.09e-18 1.76e-18 1.39e-18 7.68e-19 3.92e-20 2.05e-20 3.47e-22 7.53e-21
2.44e+06 3.41e-18 3.09e-18 1.76e-18 1.39e-18 7.69e-19 4.33e-20 2.31e-20 3.52e-22 6.99e-21
2.57e+06 3.44e-18 3.09e-18 1.76e-18 1.39e-18 7.70e-19 4.76e-20 2.59e-20 3.57e-22 6.46e-21
2.70e+06 3.47e-18 3.09e-18 1.76e-18 1.39e-18 7.71e-19 5.22e-20 2.89e-20 3.62e-22 5.96e-21
2.84e+06 3.49e-18 3.09e-18 1.76e-18 1.39e-18 7.72e-19 5.69e-20 3.20e-20 3.67e-22 5.49e-21
2.99e+06 3.51e-18 3.08e-18 1.76e-18 1.38e-18 7.73e-19 6.19e-20 3.53e-20 3.72e-22 5.05e-21
3.15e+06 3.53e-18 3.07e-18 1.75e-18 1.38e-18 7.74e-19 6.70e-20 3.87e-20 3.77e-22 4.65e-21
3.32e+06 3.55e-18 3.06e-18 1.75e-18 1.38e-18 7.75e-19 7.23e-20 4.23e-20 3.83e-22 4.29e-21
3.49e+06 3.57e-18 3.05e-18 1.75e-18 1.38e-18 7.75e-19 7.78e-20 4.61e-20 3.89e-22 3.96e-21
3.68e+06 3.58e-18 3.04e-18 1.74e-18 1.37e-18 7.76e-19 8.34e-20 4.99e-20 3.95e-22 3.66e-21
3.87e+06 3.60e-18 3.03e-18 1.73e-18 1.37e-18 7.76e-19 8.92e-20 5.39e-20 4.01e-22 3.40e-21
4.07e+06 3.61e-18 3.01e-18 1.73e-18 1.36e-18 7.77e-19 9.50e-20 5.80e-20 4.07e-22 3.16e-21
4.29e+06 3.62e-18 3.00e-18 1.72e-18 1.36e-18 7.77e-19 1.01e-19 6.22e-20 4.13e-22 2.94e-21
4.51e+06 3.62e-18 2.98e-18 1.71e-18 1.35e-18 7.78e-19 1.07e-19 6.65e-20 4.19e-22 2.75e-21
4.75e+06 3.63e-18 2.96e-18 1.70e-18 1.34e-18 7.78e-19 1.19e-19 7.08e-20 4.26e-22 2.58e-21
5.00e+06 3.63e-18 2.94e-18 1.69e-18 1.34e-18 7.78e-19 1.35e-19 7.53e-20 4.32e-22 2.42e-21
5.01e+06 3.63e-18 2.94e-18 1.69e-18 1.34e-18 7.78e-19 1.36e-19 7.55e-20 4.32e-22 2.42e-21
5.25e+06 3.63e-18 2.93e-18 1.68e-18 1.33e-18 7.78e-19 1.48e-19 7.95e-20 4.38e-22 2.29e-21
5.50e+06 3.63e-18 2.91e-18 1.67e-18 1.32e-18 7.78e-19 1.60e-19 8.35e-20 4.43e-22 2.17e-21
5.75e+06 3.63e-18 2.89e-18 1.66e-18 1.32e-18 7.78e-19 1.72e-19 8.76e-20 4.49e-22 2.06e-21
6.03e+06 3.63e-18 2.87e-18 1.65e-18 1.31e-18 7.78e-19 1.82e-19 9.30e-20 4.55e-22 1.98e-21
6.31e+06 3.63e-18 2.85e-18 1.64e-18 1.30e-18 7.78e-19 1.93e-19 1.02e-19 4.60e-22 1.95e-21
6.61e+06 3.63e-18 2.83e-18 1.63e-18 1.29e-18 7.77e-19 2.03e-19 1.09e-19 4.66e-22 1.90e-21
6.92e+06 3.62e-18 2.80e-18 1.62e-18 1.28e-18 7.77e-19 2.13e-19 1.15e-19 4.72e-22 1.84e-21
7.24e+06 3.61e-18 2.78e-18 1.60e-18 1.27e-18 7.77e-19 2.23e-19 1.21e-19 4.77e-22 1.77e-21
7.59e+06 3.61e-18 2.76e-18 1.59e-18 1.26e-18 7.76e-19 2.33e-19 1.27e-19 4.83e-22 1.71e-21
7.94e+06 3.60e-18 2.73e-18 1.58e-18 1.26e-18 7.76e-19 2.42e-19 1.32e-19 4.89e-22 1.65e-21
8.32e+06 3.59e-18 2.71e-18 1.56e-18 1.25e-18 7.75e-19 2.52e-19 1.37e-19 4.95e-22 1.59e-21
8.71e+06 3.58e-18 2.69e-18 1.55e-18 1.24e-18 7.74e-19 2.61e-19 1.42e-19 5.00e-22 1.53e-21
9.12e+06 3.57e-18 2.66e-18 1.54e-18 1.23e-18 7.73e-19 2.69e-19 1.47e-19 5.06e-22 1.48e-21
9.55e+06 3.56e-18 2.64e-18 1.52e-18 1.22e-18 7.72e-19 2.78e-19 1.51e-19 5.12e-22 1.43e-21
1.00e+07 3.55e-18 2.61e-18 1.51e-18 1.21e-18 7.71e-19 2.86e-19 1.56e-19 5.18e-22 1.39e-21
1.05e+07 3.54e-18 2.59e-18 1.50e-18 1.20e-18 7.70e-19 2.94e-19 1.60e-19 5.25e-22 1.34e-21
1.10e+07 3.53e-18 2.56e-18 1.48e-18 1.19e-18 7.69e-19 3.02e-19 1.64e-19 5.32e-22 1.30e-21
1.15e+07 3.52e-18 2.53e-18 1.47e-18 1.17e-18 7.67e-19 3.09e-19 1.68e-19 5.39e-22 1.27e-21
1.20e+07 3.51e-18 2.51e-18 1.45e-18 1.16e-18 7.66e-19 3.17e-19 1.71e-19 5.46e-22 1.23e-21
1.26e+07 3.50e-18 2.48e-18 1.44e-18 1.15e-18 7.64e-19 3.23e-19 1.75e-19 5.54e-22 1.20e-21
1.32e+07 3.49e-18 2.46e-18 1.42e-18 1.14e-18 7.62e-19 3.30e-19 1.78e-19 5.61e-22 1.17e-21
1.38e+07 3.48e-18 2.43e-18 1.41e-18 1.13e-18 7.61e-19 3.36e-19 1.81e-19 5.69e-22 1.14e-21
1.45e+07 3.46e-18 2.40e-18 1.39e-18 1.12e-18 7.59e-19 3.42e-19 1.84e-19 5.76e-22 1.12e-21
1.51e+07 3.45e-18 2.38e-18 1.38e-18 1.11e-18 7.56e-19 3.48e-19 1.87e-19 5.83e-22 1.10e-21
1.58e+07 3.44e-18 2.35e-18 1.37e-18 1.10e-18 7.54e-19 3.53e-19 1.89e-19 5.91e-22 1.08e-21
1.66e+07 3.43e-18 2.32e-18 1.35e-18 1.09e-18 7.52e-19 3.58e-19 1.92e-19 5.99e-22 1.06e-21
1.74e+07 3.42e-18 2.30e-18 1.34e-18 1.08e-18 7.49e-19 3.63e-19 1.94e-19 6.06e-22 1.04e-21
1.82e+07 3.41e-18 2.27e-18 1.32e-18 1.07e-18 7.47e-19 3.68e-19 1.96e-19 6.14e-22 1.02e-21
1.91e+07 3.40e-18 2.24e-18 1.31e-18 1.05e-18 7.44e-19 3.72e-19 1.98e-19 6.22e-22 1.01e-21
2.00e+07 3.39e-18 2.22e-18 1.29e-18 1.04e-18 7.41e-19 3.76e-19 1.99e-19 6.29e-22 9.91e-22
2.09e+07 3.38e-18 2.19e-18 1.28e-18 1.03e-18 7.38e-19 3.79e-19 2.01e-19 6.37e-22 9.79e-22
2.19e+07 3.37e-18 2.16e-18 1.26e-18 1.02e-18 7.35e-19 3.82e-19 2.02e-19 6.44e-22 9.67e-22
2.29e+07 3.36e-18 2.14e-18 1.25e-18 1.01e-18 7.31e-19 3.85e-19 2.03e-19 6.52e-22 9.57e-22
2.40e+07 3.36e-18 2.11e-18 1.23e-18 9.98e-19 7.28e-19 3.88e-19 2.04e-19 6.60e-22 9.47e-22
2.51e+07 3.35e-18 2.08e-18 1.22e-18 9.87e-19 7.24e-19 3.90e-19 2.05e-19 6.67e-22 9.39e-22
2.63e+07 3.34e-18 2.06e-18 1.20e-18 9.76e-19 7.20e-19 3.92e-19 2.06e-19 6.75e-22 9.31e-22
2.75e+07 3.34e-18 2.03e-18 1.19e-18 9.65e-19 7.16e-19 3.94e-19 2.07e-19 6.82e-22 9.24e-22
2.88e+07 3.33e-18 2.01e-18 1.18e-18 9.54e-19 7.12e-19 3.95e-19 2.07e-19 6.89e-22 9.18e-22
3.02e+07 3.33e-18 1.98e-18 1.16e-18 9.43e-19 7.07e-19 3.97e-19 2.07e-19 6.96e-22 9.12e-22
3.16e+07 3.32e-18 1.96e-18 1.15e-18 9.33e-19 7.03e-19 3.98e-19 2.07e-19 7.03e-22 9.07e-22
3.31e+07 3.32e-18 1.93e-18 1.13e-18 9.22e-19 6.98e-19 3.98e-19 2.07e-19 7.12e-22 9.04e-22
3.47e+07 3.32e-18 1.90e-18 1.12e-18 9.11e-19 6.93e-19 3.99e-19 2.07e-19 7.21e-22 9.02e-22
3.63e+07 3.32e-18 1.88e-18 1.11e-18 9.01e-19 6.88e-19 3.99e-19 2.07e-19 7.30e-22 9.01e-22
3.80e+07 3.32e-18 1.86e-18 1.09e-18 8.90e-19 6.83e-19 3.99e-19 2.07e-19 7.38e-22 9.00e-22
3.98e+07 3.32e-18 1.83e-18 1.08e-18 8.80e-19 6.77e-19 3.99e-19 2.06e-19 7.47e-22 8.99e-22
4.17e+07 3.32e-18 1.81e-18 1.07e-18 8.69e-19 6.72e-19 3.98e-19 2.06e-19 7.55e-22 8.98e-22
4.37e+07 3.32e-18 1.78e-18 1.05e-18 8.59e-19 6.66e-19 3.97e-19 2.05e-19 7.62e-22 8.98e-22
4.57e+07 3.32e-18 1.76e-18 1.04e-18 8.49e-19 6.60e-19 3.96e-19 2.04e-19 7.70e-22 8.98e-22
4.79e+07 3.32e-18 1.73e-18 1.03e-18 8.38e-19 6.54e-19 3.95e-19 2.04e-19 7.77e-22 8.98e-22
5.01e+07 3.33e-18 1.71e-18 1.01e-18 8.28e-19 6.48e-19 3.94e-19 2.03e-19 7.83e-22 8.98e-22
5.25e+07 3.33e-18 1.69e-18 1.00e-18 8.18e-19 6.41e-19 3.93e-19 2.02e-19 7.90e-22 8.97e-22
5.50e+07 3.34e-18 1.66e-18 9.88e-19 8.09e-19 6.35e-19 3.91e-19 2.01e-19 7.96e-22 8.97e-22
5.75e+07 3.35e-18 1.64e-18 9.75e-19 7.99e-19 6.28e-19 3.89e-19 2.00e-19 8.01e-22 8.97e-22
6.03e+07 3.36e-18 1.62e-18 9.63e-19 7.89e-19 6.21e-19 3.87e-19 1.98e-19 8.06e-22 8.96e-22
6.31e+07 3.37e-18 1.60e-18 9.51e-19 7.79e-19 6.14e-19 3.85e-19 1.97e-19 8.11e-22 8.96e-22
6.61e+07 3.38e-18 1.57e-18 9.39e-19 7.70e-19 6.07e-19 3.83e-19 1.96e-19 8.15e-22 8.95e-22
6.92e+07 3.39e-18 1.55e-18 9.27e-19 7.61e-19 6.00e-19 3.81e-19 1.94e-19 8.18e-22 8.94e-22
7.24e+07 3.40e-18 1.53e-18 9.15e-19 7.51e-19 5.93e-19 3.78e-19 1.93e-19 8.22e-22 8.93e-22
7.59e+07 3.41e-18 1.51e-18 9.03e-19 7.42e-19 5.85e-19 3.76e-19 1.92e-19 8.24e-22 8.92e-22
7.94e+07 3.43e-18 1.49e-18 8.92e-19 7.33e-19 5.78e-19 3.73e-19 1.90e-19 8.26e-22 8.90e-22
8.32e+07 3.44e-18 1.47e-18 8.80e-19 7.24e-19 5.70e-19 3.70e-19 1.89e-19 8.28e-22 8.88e-22
8.71e+07 3.46e-18 1.45e-18 8.69e-19 7.15e-19 5.62e-19 3.67e-19 1.87e-19 8.29e-22 8.85e-22
9.12e+07 3.47e-18 1.43e-18 8.58e-19 7.06e-19 5.54e-19 3.65e-19 1.85e-19 8.30e-22 8.83e-22
9.55e+07 3.49e-18 1.41e-18 8.46e-19 6.97e-19 5.47e-19 3.61e-19 1.84e-19 8.30e-22 8.80e-22
1.00e+08 3.51e-18 1.39e-18 8.36e-19 6.89e-19 5.39e-19 3.58e-19 1.82e-19 8.30e-22 8.77e-22
