# pyathena.photchem atomic data : ArIII
# CHIANTI source : ion ar_3
# Levels kept    : lowest 5 of CHIANTI (padded to 5 if smaller)
# T grid tier    : warm
# T grid         : 80 log-spaced points, 1e+03 K -> 5e+05 K
# Generated by   : pyathena/photchem/data/build_chianti_tables.py
#
# Indices below are 0-based pyathena indices (level 0 = ground).
# CHIANTI level numbers are 1-based and shown for cross-reference.
#
LEVELS N=5
# idx  chianti_lvl  conf            term       j     g    E_erg            E_K
0     1            3s2.3p4         3P2        2.0   5     0.000000e+00   0.000000e+00
1     2            3s2.3p4         3P1        1.0   3     2.208780e-13   1.599813e+03
2     3            3s2.3p4         3P0        0.0   1     3.118475e-13   2.258702e+03
3     4            3s2.3p4         1D2        2.0   5     2.782387e-12   2.015275e+04
4     5            3s2.3p4         1S0        0.0   1     6.606573e-12   4.785121e+04

A_COEFFS N=9
# upper_idx  lower_idx   A [s^-1]
1           0            3.054000e-02
2           0            2.784000e-06
2           1            5.354000e-03
3           0            3.244000e-01
3           1            8.443000e-02
3           2            2.038000e-05
4           0            3.493000e-02
4           1            3.972000e+00
4           3            2.693000e+00

T_GRID N=80
 1.000000e+03
 1.081843e+03
 1.170384e+03
 1.266171e+03
 1.369799e+03
 1.481907e+03
 1.603190e+03
 1.734400e+03
 1.876348e+03
 2.029914e+03
 2.196048e+03
 2.375779e+03
 2.570219e+03
 2.780573e+03
 3.008143e+03
 3.254338e+03
 3.520682e+03
 3.808825e+03
 4.120550e+03
 4.457788e+03
 4.822626e+03
 5.217323e+03
 5.644324e+03
 6.106271e+03
 6.606026e+03
 7.146682e+03
 7.731586e+03
 8.364361e+03
 9.048924e+03
 9.789514e+03
 1.059072e+04
 1.145749e+04
 1.239520e+04
 1.340966e+04
 1.450715e+04
 1.569445e+04
 1.697893e+04
 1.836854e+04
 1.987187e+04
 2.149824e+04
 2.325772e+04
 2.516120e+04
 2.722046e+04
 2.944826e+04
 3.185839e+04
 3.446577e+04
 3.728655e+04
 4.033818e+04
 4.363957e+04
 4.721116e+04
 5.107506e+04
 5.525519e+04
 5.977743e+04
 6.466978e+04
 6.996254e+04
 7.568847e+04
 8.188303e+04
 8.858457e+04
 9.583459e+04
 1.036780e+05
 1.121633e+05
 1.213430e+05
 1.312741e+05
 1.420179e+05
 1.536411e+05
 1.662155e+05
 1.798191e+05
 1.945360e+05
 2.104573e+05
 2.276818e+05
 2.463159e+05
 2.664751e+05
 2.882841e+05
 3.118781e+05
 3.374031e+05
 3.650172e+05
 3.948912e+05
 4.272102e+05
 4.621743e+05
 5.000000e+05

UPSILON_E N_trans=10
# upper_idx  lower_idx   upsilon(T_GRID[0]..T_GRID[N-1])
1           0            3.693632e+00  3.663133e+00  3.632204e+00  3.601007e+00  3.569722e+00  3.538543e+00  3.507675e+00  3.477331e+00  3.447725e+00  3.419062e+00  3.391532e+00  3.365295e+00  3.340470e+00  3.317118e+00  3.295229e+00  3.274706e+00  3.255342e+00  3.236815e+00  3.218906e+00  3.201687e+00  3.185249e+00  3.169671e+00  3.155015e+00  3.141326e+00  3.128630e+00  3.116966e+00  3.106586e+00  3.097830e+00  3.091039e+00  3.086551e+00  3.084691e+00  3.085751e+00  3.089789e+00  3.096539e+00  3.105688e+00  3.116904e+00  3.129848e+00  3.144179e+00  3.159579e+00  3.175809e+00  3.192665e+00  3.209952e+00  3.227489e+00  3.245111e+00  3.262666e+00  3.280009e+00  3.296435e+00  3.310713e+00  3.321887e+00  3.329295e+00  3.332530e+00  3.331408e+00  3.325919e+00  3.316203e+00  3.302505e+00  3.285155e+00  3.264535e+00  3.241060e+00  3.215159e+00  3.187260e+00  3.157777e+00  3.127105e+00  3.095609e+00  3.063623e+00  3.031449e+00  2.999351e+00  2.967561e+00  2.936276e+00  2.905664e+00  2.875861e+00  2.846977e+00  2.819098e+00  2.792287e+00  2.766591e+00  2.742036e+00  2.718636e+00  2.696393e+00  2.675297e+00  2.655331e+00  2.636470e+00
2           0            7.202348e-01  7.162772e-01  7.122864e-01  7.082871e-01  7.043063e-01  7.003730e-01  6.965179e-01  6.927724e-01  6.891680e-01  6.857347e-01  6.824998e-01  6.794861e-01  6.767103e-01  6.741803e-01  6.718932e-01  6.698326e-01  6.679666e-01  6.662455e-01  6.646437e-01  6.631960e-01  6.619470e-01  6.609452e-01  6.602426e-01  6.598936e-01  6.599546e-01  6.604894e-01  6.616033e-01  6.634205e-01  6.660661e-01  6.696628e-01  6.743275e-01  6.801655e-01  6.871863e-01  6.952669e-01  7.042651e-01  7.140320e-01  7.244158e-01  7.352660e-01  7.464493e-01  7.579131e-01  7.696286e-01  7.815617e-01  7.936731e-01  8.059196e-01  8.182552e-01  8.306277e-01  8.428228e-01  8.544674e-01  8.652633e-01  8.749939e-01  8.835145e-01  8.907426e-01  8.966473e-01  9.012403e-01  9.045663e-01  9.066955e-01  9.077159e-01  9.077276e-01  9.068375e-01  9.051547e-01  9.027878e-01  8.998416e-01  8.964156e-01  8.926024e-01  8.884873e-01  8.841471e-01  8.796507e-01  8.750587e-01  8.704238e-01  8.657916e-01  8.612004e-01  8.566826e-01  8.522644e-01  8.479672e-01  8.438077e-01  8.397984e-01  8.359486e-01  8.322644e-01  8.287494e-01  8.254049e-01
2           1            1.657993e+00  1.640737e+00  1.623205e+00  1.605483e+00  1.587666e+00  1.569858e+00  1.552169e+00  1.534713e+00  1.517604e+00  1.500953e+00  1.484860e+00  1.469412e+00  1.454671e+00  1.440670e+00  1.427402e+00  1.414813e+00  1.402789e+00  1.391153e+00  1.379768e+00  1.368624e+00  1.357708e+00  1.346991e+00  1.336425e+00  1.325943e+00  1.315460e+00  1.304893e+00  1.294276e+00  1.283696e+00  1.273241e+00  1.263004e+00  1.253077e+00  1.243548e+00  1.234443e+00  1.225702e+00  1.217254e+00  1.209032e+00  1.200967e+00  1.193000e+00  1.185091e+00  1.177296e+00  1.169698e+00  1.162368e+00  1.155363e+00  1.148733e+00  1.142513e+00  1.136722e+00  1.131192e+00  1.125569e+00  1.119576e+00  1.113014e+00  1.105754e+00  1.097730e+00  1.088923e+00  1.079355e+00  1.069078e+00  1.058166e+00  1.046710e+00  1.034807e+00  1.022561e+00  1.010074e+00  9.974457e-01  9.847701e-01  9.721337e-01  9.596147e-01  9.472824e-01  9.351971e-01  9.234097e-01  9.119627e-01  9.008903e-01  8.902189e-01  8.799682e-01  8.701515e-01  8.607768e-01  8.518469e-01  8.433610e-01  8.353142e-01  8.276991e-01  8.205057e-01  8.137220e-01  8.073346e-01
3           0            2.824837e+00  2.822357e+00  2.819825e+00  2.817248e+00  2.814632e+00  2.811984e+00  2.809308e+00  2.806605e+00  2.803874e+00  2.801108e+00  2.798294e+00  2.795413e+00  2.792434e+00  2.789315e+00  2.785999e+00  2.782414e+00  2.778470e+00  2.774057e+00  2.769042e+00  2.763346e+00  2.756993e+00  2.750032e+00  2.742533e+00  2.734587e+00  2.726308e+00  2.717829e+00  2.709284e+00  2.700709e+00  2.692108e+00  2.683481e+00  2.674827e+00  2.666144e+00  2.657433e+00  2.648805e+00  2.640510e+00  2.632796e+00  2.625895e+00  2.620015e+00  2.615335e+00  2.611923e+00  2.609412e+00  2.607345e+00  2.605321e+00  2.603002e+00  2.600113e+00  2.596441e+00  2.591821e+00  2.585794e+00  2.577655e+00  2.566900e+00  2.553218e+00  2.536472e+00  2.516662e+00  2.493904e+00  2.468402e+00  2.440423e+00  2.410277e+00  2.378303e+00  2.344847e+00  2.310255e+00  2.274863e+00  2.238987e+00  2.202921e+00  2.166932e+00  2.131256e+00  2.096103e+00  2.061651e+00  2.028052e+00  1.995428e+00  1.963881e+00  1.933485e+00  1.904297e+00  1.876356e+00  1.849681e+00  1.824282e+00  1.800154e+00  1.777283e+00  1.755645e+00  1.735213e+00  1.715950e+00
3           1            1.694204e+00  1.692779e+00  1.691326e+00  1.689849e+00  1.688351e+00  1.686837e+00  1.685307e+00  1.683763e+00  1.682202e+00  1.680621e+00  1.679009e+00  1.677354e+00  1.675636e+00  1.673828e+00  1.671893e+00  1.669786e+00  1.667449e+00  1.664814e+00  1.661797e+00  1.658349e+00  1.654484e+00  1.650235e+00  1.645644e+00  1.640770e+00  1.635684e+00  1.630471e+00  1.625216e+00  1.619950e+00  1.614685e+00  1.609433e+00  1.604204e+00  1.599010e+00  1.593862e+00  1.588819e+00  1.584002e+00  1.579527e+00  1.575505e+00  1.572031e+00  1.569191e+00  1.567007e+00  1.565289e+00  1.563800e+00  1.562332e+00  1.560710e+00  1.558794e+00  1.556475e+00  1.553665e+00  1.550082e+00  1.545286e+00  1.538954e+00  1.530890e+00  1.520998e+00  1.509270e+00  1.495770e+00  1.480614e+00  1.463959e+00  1.445991e+00  1.426909e+00  1.406922e+00  1.386237e+00  1.365057e+00  1.343573e+00  1.321961e+00  1.300382e+00  1.278981e+00  1.257885e+00  1.237201e+00  1.217021e+00  1.197422e+00  1.178463e+00  1.160192e+00  1.142644e+00  1.125840e+00  1.109796e+00  1.094516e+00  1.079998e+00  1.066234e+00  1.053212e+00  1.040913e+00  1.029316e+00
3           2            5.649717e-01  5.644907e-01  5.639992e-01  5.634985e-01  5.629898e-01  5.624739e-01  5.619516e-01  5.614230e-01  5.608874e-01  5.603434e-01  5.597882e-01  5.592174e-01  5.586246e-01  5.580012e-01  5.573356e-01  5.566133e-01  5.558159e-01  5.549212e-01  5.539028e-01  5.527447e-01  5.514518e-01  5.500342e-01  5.485063e-01  5.468868e-01  5.451989e-01  5.434701e-01  5.417280e-01  5.399822e-01  5.382358e-01  5.364915e-01  5.347522e-01  5.330201e-01  5.312979e-01  5.296066e-01  5.279895e-01  5.264895e-01  5.251463e-01  5.239955e-01  5.230677e-01  5.223731e-01  5.218434e-01  5.213941e-01  5.209510e-01  5.204517e-01  5.198455e-01  5.190931e-01  5.181642e-01  5.169662e-01  5.153548e-01  5.132255e-01  5.105142e-01  5.071909e-01  5.032544e-01  4.987266e-01  4.936473e-01  4.880696e-01  4.820552e-01  4.756714e-01  4.689878e-01  4.620737e-01  4.549963e-01  4.478193e-01  4.406017e-01  4.333970e-01  4.262531e-01  4.192121e-01  4.123099e-01  4.055771e-01  3.990388e-01  3.927149e-01  3.866211e-01  3.807687e-01  3.751654e-01  3.698157e-01  3.647212e-01  3.598812e-01  3.552928e-01  3.509518e-01  3.468521e-01  3.429869e-01
4           0            5.115643e-01  5.124304e-01  5.131415e-01  5.136694e-01  5.139853e-01  5.140603e-01  5.138667e-01  5.133790e-01  5.125755e-01  5.114402e-01  5.099649e-01  5.081514e-01  5.060145e-01  5.035845e-01  5.009104e-01  4.980627e-01  4.951366e-01  4.922536e-01  4.895054e-01  4.869053e-01  4.844544e-01  4.821485e-01  4.799772e-01  4.779241e-01  4.759664e-01  4.740800e-01  4.722660e-01  4.705353e-01  4.688982e-01  4.673638e-01  4.659403e-01  4.646342e-01  4.634378e-01  4.623240e-01  4.612642e-01  4.602302e-01  4.591958e-01  4.581367e-01  4.570299e-01  4.558455e-01  4.545553e-01  4.531375e-01  4.515764e-01  4.498628e-01  4.479929e-01  4.459668e-01  4.437251e-01  4.411506e-01  4.381578e-01  4.346952e-01  4.307402e-01  4.262942e-01  4.213780e-01  4.160271e-01  4.102882e-01  4.042149e-01  3.978652e-01  3.912988e-01  3.845750e-01  3.777509e-01  3.708804e-01  3.640132e-01  3.571942e-01  3.504634e-01  3.438555e-01  3.374003e-01  3.311224e-01  3.250421e-01  3.191751e-01  3.135333e-01  3.081252e-01  3.029558e-01  2.980278e-01  2.933412e-01  2.888941e-01  2.846829e-01  2.807026e-01  2.769470e-01  2.734090e-01  2.700810e-01
4           1            3.068794e-01  3.073987e-01  3.078263e-01  3.081455e-01  3.083392e-01  3.083901e-01  3.082817e-01  3.079986e-01  3.075278e-01  3.068596e-01  3.059887e-01  3.049159e-01  3.036492e-01  3.022063e-01  3.006154e-01  2.989176e-01  2.971684e-01  2.954389e-01  2.937836e-01  2.922112e-01  2.907241e-01  2.893214e-01  2.879995e-01  2.867511e-01  2.855657e-01  2.844317e-01  2.833490e-01  2.823218e-01  2.813535e-01  2.804468e-01  2.796036e-01  2.788248e-01  2.781047e-01  2.774294e-01  2.767838e-01  2.761536e-01  2.755248e-01  2.748850e-01  2.742217e-01  2.735156e-01  2.727480e-01  2.719038e-01  2.709723e-01  2.699466e-01  2.688237e-01  2.676028e-01  2.662492e-01  2.646943e-01  2.628882e-01  2.608010e-01  2.584201e-01  2.557467e-01  2.527938e-01  2.495829e-01  2.461418e-01  2.425028e-01  2.387006e-01  2.347707e-01  2.307484e-01  2.266678e-01  2.225609e-01  2.184572e-01  2.143835e-01  2.103635e-01  2.064178e-01  2.025640e-01  1.988167e-01  1.951879e-01  1.916869e-01  1.883207e-01  1.850943e-01  1.820107e-01  1.790714e-01  1.762762e-01  1.736242e-01  1.711129e-01  1.687395e-01  1.665002e-01  1.643909e-01  1.624067e-01
4           2            1.023289e-01  1.025037e-01  1.026471e-01  1.027536e-01  1.028173e-01  1.028324e-01  1.027932e-01  1.026947e-01  1.025326e-01  1.023035e-01  1.020059e-01  1.016402e-01  1.012094e-01  1.007196e-01  1.001809e-01  9.960756e-02  9.901883e-02  9.843932e-02  9.788765e-02  9.736642e-02  9.687584e-02  9.641498e-02  9.598167e-02  9.557248e-02  9.518268e-02  9.480729e-02  9.444640e-02  9.410212e-02  9.377639e-02  9.347096e-02  9.318736e-02  9.292679e-02  9.268771e-02  9.246485e-02  9.225263e-02  9.204562e-02  9.183867e-02  9.162709e-02  9.140633e-02  9.117024e-02  9.091295e-02  9.062986e-02  9.031769e-02  8.997443e-02  8.959927e-02  8.919213e-02  8.874126e-02  8.822346e-02  8.762194e-02  8.692658e-02  8.613301e-02  8.524163e-02  8.425665e-02  8.318523e-02  8.203670e-02  8.082180e-02  7.955211e-02  7.823953e-02  7.689587e-02  7.553252e-02  7.416020e-02  7.278880e-02  7.142729e-02  7.008358e-02  6.876461e-02  6.747625e-02  6.622344e-02  6.501017e-02  6.383957e-02  6.271400e-02  6.163512e-02  6.060395e-02  5.962097e-02  5.868620e-02  5.779925e-02  5.695938e-02  5.616559e-02  5.541663e-02  5.471111e-02  5.404748e-02
4           3            1.565502e+00  1.552953e+00  1.539865e+00  1.526258e+00  1.512159e+00  1.497604e+00  1.482638e+00  1.467318e+00  1.451709e+00  1.435888e+00  1.419944e+00  1.403976e+00  1.388093e+00  1.372411e+00  1.357054e+00  1.342149e+00  1.327823e+00  1.314199e+00  1.301390e+00  1.289491e+00  1.278576e+00  1.268686e+00  1.259824e+00  1.251943e+00  1.244939e+00  1.238675e+00  1.233081e+00  1.228077e+00  1.223548e+00  1.219338e+00  1.215251e+00  1.211054e+00  1.206483e+00  1.201404e+00  1.195815e+00  1.189726e+00  1.183155e+00  1.176125e+00  1.168666e+00  1.160826e+00  1.152703e+00  1.144411e+00  1.136059e+00  1.127755e+00  1.119598e+00  1.111668e+00  1.103837e+00  1.095818e+00  1.087370e+00  1.078294e+00  1.068442e+00  1.057715e+00  1.046055e+00  1.033428e+00  1.019782e+00  1.005104e+00  9.894238e-01  9.728070e-01  9.553464e-01  9.371552e-01  9.183601e-01  8.990957e-01  8.794990e-01  8.597054e-01  8.398449e-01  8.200399e-01  8.004032e-01  7.810363e-01  7.620292e-01  7.434598e-01  7.253941e-01  7.078867e-01  6.909810e-01  6.747104e-01  6.590991e-01  6.441625e-01  6.299089e-01  6.163399e-01  6.034515e-01  5.912346e-01

UPSILON_P N_trans=0
# upper_idx  lower_idx   upsilon(T_GRID[0]..T_GRID[N-1])

