# pyathena.photchem atomic data : ArIV
# CHIANTI source : ion ar_4
# Levels kept    : lowest 5 of CHIANTI (padded to 5 if smaller)
# T grid         : 80 log-spaced points, 100 K -> 1e+06 K
# Generated by   : pyathena/photchem/data/build_chianti_tables.py
#
# Indices below are 0-based pyathena indices (level 0 = ground).
# CHIANTI level numbers are 1-based and shown for cross-reference.
#
LEVELS N=5
# idx  chianti_lvl  conf            term       j     g    E_erg            E_K
0     1            3s2.3p3         4S1.5      1.5   4     0.000000e+00   0.000000e+00
1     2            3s2.3p3         2D1.5      1.5   4     4.188553e-12   3.033757e+04
2     3            3s2.3p3         2D2.5      2.5   6     4.214153e-12   3.052299e+04
3     4            3s2.3p3         2P0.5      0.5   2     6.922302e-12   5.013803e+04
4     5            3s2.3p3         2P1.5      1.5   4     6.957475e-12   5.039278e+04

A_COEFFS N=10
# upper_idx  lower_idx   A [s^-1]
1           0            2.277000e-02
2           0            1.906000e-03
2           1            2.287000e-05
3           0            8.702000e-01
3           1            6.660000e-01
3           2            1.179000e-01
4           0            2.134000e+00
4           1            8.915000e-01
4           2            6.559000e-01
4           3            4.937000e-05

T_GRID N=80
 1.000000e+02
 1.123655e+02
 1.262600e+02
 1.418727e+02
 1.594159e+02
 1.791284e+02
 2.012785e+02
 2.261676e+02
 2.541343e+02
 2.855592e+02
 3.208700e+02
 3.605471e+02
 4.051305e+02
 4.552268e+02
 5.115178e+02
 5.747694e+02
 6.458424e+02
 7.257040e+02
 8.154407e+02
 9.162739e+02
 1.029576e+03
 1.156888e+03
 1.299942e+03
 1.460686e+03
 1.641307e+03
 1.844263e+03
 2.072315e+03
 2.328566e+03
 2.616505e+03
 2.940048e+03
 3.303599e+03
 3.712105e+03
 4.171125e+03
 4.686904e+03
 5.266462e+03
 5.917686e+03
 6.649436e+03
 7.471671e+03
 8.395579e+03
 9.433732e+03
 1.060026e+04
 1.191103e+04
 1.338389e+04
 1.503887e+04
 1.689850e+04
 1.898808e+04
 2.133605e+04
 2.397435e+04
 2.693889e+04
 3.027002e+04
 3.401305e+04
 3.821893e+04
 4.294488e+04
 4.825522e+04
 5.422221e+04
 6.092705e+04
 6.846097e+04
 7.692650e+04
 8.643883e+04
 9.712740e+04
 1.091377e+05
 1.226331e+05
 1.377972e+05
 1.548365e+05
 1.739828e+05
 1.954966e+05
 2.196707e+05
 2.468340e+05
 2.773563e+05
 3.116527e+05
 3.501900e+05
 3.934927e+05
 4.421500e+05
 4.968240e+05
 5.582586e+05
 6.272900e+05
 7.048574e+05
 7.920164e+05
 8.899530e+05
 1.000000e+06

UPSILON_E N_trans=10
# upper_idx  lower_idx   upsilon(T_GRID[0]..T_GRID[N-1])
1           0            7.889847e-01  7.888850e-01  7.887733e-01  7.886481e-01  7.885079e-01  7.883509e-01  7.881753e-01  7.879788e-01  7.877593e-01  7.875140e-01  7.872403e-01  7.869350e-01  7.865949e-01  7.862163e-01  7.857955e-01  7.853284e-01  7.848106e-01  7.842378e-01  7.836053e-01  7.829085e-01  7.821429e-01  7.813042e-01  7.803884e-01  7.793926e-01  7.783144e-01  7.771533e-01  7.759103e-01  7.745893e-01  7.731971e-01  7.717444e-01  7.702471e-01  7.687266e-01  7.672114e-01  7.657376e-01  7.643505e-01  7.631047e-01  7.620653e-01  7.613073e-01  7.609155e-01  7.609827e-01  7.616076e-01  7.628909e-01  7.649301e-01  7.678134e-01  7.716124e-01  7.763735e-01  7.821271e-01  7.888969e-01  7.966764e-01  8.054216e-01  8.150475e-01  8.253128e-01  8.357135e-01  8.456624e-01  8.545404e-01  8.616609e-01  8.660028e-01  8.665326e-01  8.623967e-01  8.530133e-01  8.388879e-01  8.213455e-01  8.016118e-01  7.807459e-01  7.595909e-01  7.380953e-01  7.156161e-01  6.918066e-01  6.665880e-01  6.400799e-01  6.125350e-01  5.842843e-01  5.556922e-01  5.271221e-01  4.989133e-01  4.713647e-01  4.447274e-01  4.192011e-01  3.949358e-01  3.720347e-01
2           0            1.190440e+00  1.190250e+00  1.190037e+00  1.189798e+00  1.189530e+00  1.189231e+00  1.188897e+00  1.188523e+00  1.188105e+00  1.187639e+00  1.187119e+00  1.186540e+00  1.185896e+00  1.185180e+00  1.184385e+00  1.183504e+00  1.182530e+00  1.181454e+00  1.180270e+00  1.178969e+00  1.177543e+00  1.175988e+00  1.174296e+00  1.172465e+00  1.170493e+00  1.168382e+00  1.166137e+00  1.163769e+00  1.161295e+00  1.158740e+00  1.156136e+00  1.153528e+00  1.150970e+00  1.148530e+00  1.146288e+00  1.144337e+00  1.142782e+00  1.141739e+00  1.141327e+00  1.141667e+00  1.142872e+00  1.145038e+00  1.148232e+00  1.152482e+00  1.157791e+00  1.164301e+00  1.172216e+00  1.181754e+00  1.193134e+00  1.206500e+00  1.221539e+00  1.237679e+00  1.254263e+00  1.270562e+00  1.285211e+00  1.296240e+00  1.301856e+00  1.300581e+00  1.291851e+00  1.276947e+00  1.257404e+00  1.234620e+00  1.209821e+00  1.183595e+00  1.155086e+00  1.123625e+00  1.089025e+00  1.051461e+00  1.011359e+00  9.693010e-01  9.259400e-01  8.819422e-01  8.379399e-01  7.945017e-01  7.521154e-01  7.111803e-01  6.720078e-01  6.348256e-01  5.997863e-01  5.669769e-01
2           1            7.086297e+00  7.086697e+00  7.087144e+00  7.087643e+00  7.088202e+00  7.088825e+00  7.089520e+00  7.090294e+00  7.091156e+00  7.092114e+00  7.093178e+00  7.094357e+00  7.095661e+00  7.097100e+00  7.098684e+00  7.100425e+00  7.102329e+00  7.104406e+00  7.106659e+00  7.109093e+00  7.111705e+00  7.114486e+00  7.117421e+00  7.120484e+00  7.123635e+00  7.126819e+00  7.129957e+00  7.132946e+00  7.135650e+00  7.137894e+00  7.139458e+00  7.140064e+00  7.139373e+00  7.136972e+00  7.132365e+00  7.124967e+00  7.114099e+00  7.098980e+00  7.078733e+00  7.052393e+00  7.018915e+00  6.977207e+00  6.926155e+00  6.864674e+00  6.791755e+00  6.706714e+00  6.610620e+00  6.506094e+00  6.396848e+00  6.287674e+00  6.184192e+00  6.091410e+00  6.013917e+00  5.956262e+00  5.922561e+00  5.909900e+00  5.905871e+00  5.897847e+00  5.874466e+00  5.828654e+00  5.764607e+00  5.688710e+00  5.606509e+00  5.522599e+00  5.438446e+00  5.346127e+00  5.238437e+00  5.111725e+00  4.965130e+00  4.799843e+00  4.618431e+00  4.424275e+00  4.221112e+00  4.012695e+00  3.802555e+00  3.593843e+00  3.389252e+00  3.190983e+00  3.000753e+00  2.819828e+00
3           0            7.962856e-01  7.943166e-01  7.921136e-01  7.896500e-01  7.868965e-01  7.838211e-01  7.803888e-01  7.765614e-01  7.722974e-01  7.675522e-01  7.622780e-01  7.564235e-01  7.499351e-01  7.427566e-01  7.348301e-01  7.260970e-01  7.164994e-01  7.059816e-01  6.944924e-01  6.819876e-01  6.684338e-01  6.538122e-01  6.381233e-01  6.213925e-01  6.036763e-01  5.850687e-01  5.657078e-01  5.457827e-01  5.255386e-01  5.052803e-01  4.853727e-01  4.662367e-01  4.483384e-01  4.321702e-01  4.182221e-01  4.069409e-01  3.986766e-01  3.936170e-01  3.917108e-01  3.925846e-01  3.954783e-01  3.998007e-01  4.054422e-01  4.122387e-01  4.199307e-01  4.281685e-01  4.367017e-01  4.454801e-01  4.544632e-01  4.636058e-01  4.727531e-01  4.813584e-01  4.888205e-01  4.946124e-01  4.983239e-01  4.998287e-01  4.991998e-01  4.965739e-01  4.921372e-01  4.860822e-01  4.782140e-01  4.682153e-01  4.560074e-01  4.417026e-01  4.255477e-01  4.078740e-01  3.890549e-01  3.694723e-01  3.494922e-01  3.294476e-01  3.096290e-01  2.902795e-01  2.715940e-01  2.537215e-01  2.367692e-01  2.208076e-01  2.058753e-01  1.919854e-01  1.791296e-01  1.672837e-01
3           1            1.688299e+00  1.687724e+00  1.687080e+00  1.686358e+00  1.685550e+00  1.684645e+00  1.683632e+00  1.682500e+00  1.681234e+00  1.679820e+00  1.678242e+00  1.676483e+00  1.674522e+00  1.672340e+00  1.669914e+00  1.667221e+00  1.664236e+00  1.660934e+00  1.657286e+00  1.653267e+00  1.648850e+00  1.644008e+00  1.638718e+00  1.632960e+00  1.626719e+00  1.619986e+00  1.612762e+00  1.605060e+00  1.596908e+00  1.588352e+00  1.579461e+00  1.570329e+00  1.561079e+00  1.551865e+00  1.542877e+00  1.534335e+00  1.526493e+00  1.519629e+00  1.514036e+00  1.510008e+00  1.507821e+00  1.507703e+00  1.509806e+00  1.514174e+00  1.520714e+00  1.529405e+00  1.540354e+00  1.553612e+00  1.569156e+00  1.586904e+00  1.607216e+00  1.631005e+00  1.659225e+00  1.692793e+00  1.731887e+00  1.774722e+00  1.819156e+00  1.863153e+00  1.904893e+00  1.942870e+00  1.975935e+00  2.003301e+00  2.024546e+00  2.039447e+00  2.046878e+00  2.045727e+00  2.035699e+00  2.017136e+00  1.990838e+00  1.957895e+00  1.919547e+00  1.877077e+00  1.831726e+00  1.784638e+00  1.736826e+00  1.689154e+00  1.642335e+00  1.596933e+00  1.553378e+00  1.511979e+00
3           2            1.517434e+00  1.517366e+00  1.517290e+00  1.517205e+00  1.517111e+00  1.517005e+00  1.516888e+00  1.516758e+00  1.516613e+00  1.516454e+00  1.516277e+00  1.516082e+00  1.515868e+00  1.515633e+00  1.515376e+00  1.515097e+00  1.514794e+00  1.514468e+00  1.514120e+00  1.513749e+00  1.513359e+00  1.512954e+00  1.512539e+00  1.512122e+00  1.511713e+00  1.511326e+00  1.510978e+00  1.510692e+00  1.510494e+00  1.510418e+00  1.510504e+00  1.510796e+00  1.511349e+00  1.512221e+00  1.513475e+00  1.515178e+00  1.517393e+00  1.520179e+00  1.523583e+00  1.527629e+00  1.532309e+00  1.537572e+00  1.543310e+00  1.549346e+00  1.555496e+00  1.561959e+00  1.569173e+00  1.577701e+00  1.588220e+00  1.601462e+00  1.617966e+00  1.638156e+00  1.662400e+00  1.690951e+00  1.723084e+00  1.757069e+00  1.791168e+00  1.823783e+00  1.853534e+00  1.879309e+00  1.900309e+00  1.916054e+00  1.926360e+00  1.930816e+00  1.927827e+00  1.916384e+00  1.896313e+00  1.868069e+00  1.832543e+00  1.790896e+00  1.744417e+00  1.694413e+00  1.642132e+00  1.588712e+00  1.535144e+00  1.482264e+00  1.430750e+00  1.381131e+00  1.333797e+00  1.289021e+00
4           0            1.592562e+00  1.588623e+00  1.584216e+00  1.579288e+00  1.573779e+00  1.567627e+00  1.560761e+00  1.553104e+00  1.544574e+00  1.535081e+00  1.524530e+00  1.512819e+00  1.499839e+00  1.485479e+00  1.469623e+00  1.452153e+00  1.432954e+00  1.411915e+00  1.388933e+00  1.363919e+00  1.336808e+00  1.307562e+00  1.276181e+00  1.242717e+00  1.207284e+00  1.170069e+00  1.131348e+00  1.091502e+00  1.051019e+00  1.010511e+00  9.707075e-01  9.324501e-01  8.966711e-01  8.643554e-01  8.364822e-01  8.139435e-01  7.974377e-01  7.873372e-01  7.835353e-01  7.852796e-01  7.910429e-01  7.996424e-01  8.108687e-01  8.244082e-01  8.397606e-01  8.562486e-01  8.733735e-01  8.910053e-01  9.090271e-01  9.273107e-01  9.455248e-01  9.626194e-01  9.774478e-01  9.890074e-01  9.965136e-01  9.996488e-01  9.984443e-01  9.930840e-01  9.838789e-01  9.711830e-01  9.546609e-01  9.337714e-01  9.084294e-01  8.789116e-01  8.457472e-01  8.096208e-01  7.712902e-01  7.315231e-01  6.910494e-01  6.505301e-01  6.105384e-01  5.715518e-01  5.339514e-01  4.980266e-01  4.639840e-01  4.319568e-01  4.020166e-01  3.741836e-01  3.484368e-01  3.247235e-01
4           1            2.146993e+00  2.146871e+00  2.146733e+00  2.146580e+00  2.146408e+00  2.146216e+00  2.146002e+00  2.145763e+00  2.145497e+00  2.145200e+00  2.144869e+00  2.144502e+00  2.144095e+00  2.143643e+00  2.143144e+00  2.142593e+00  2.141987e+00  2.141321e+00  2.140593e+00  2.139799e+00  2.138937e+00  2.138006e+00  2.137007e+00  2.135941e+00  2.134813e+00  2.133633e+00  2.132412e+00  2.131169e+00  2.129926e+00  2.128718e+00  2.127583e+00  2.126573e+00  2.125751e+00  2.125193e+00  2.124987e+00  2.125236e+00  2.126055e+00  2.127571e+00  2.129917e+00  2.133228e+00  2.137634e+00  2.143247e+00  2.150153e+00  2.158393e+00  2.167947e+00  2.178733e+00  2.190886e+00  2.204849e+00  2.221168e+00  2.240467e+00  2.263438e+00  2.290813e+00  2.323338e+00  2.361709e+00  2.406525e+00  2.457156e+00  2.509599e+00  2.559371e+00  2.602399e+00  2.635467e+00  2.658191e+00  2.671679e+00  2.677126e+00  2.675743e+00  2.668493e+00  2.654029e+00  2.630483e+00  2.597133e+00  2.554169e+00  2.502444e+00  2.443237e+00  2.378066e+00  2.308529e+00  2.236189e+00  2.162493e+00  2.088725e+00  2.015977e+00  1.945143e+00  1.876923e+00  1.811841e+00
4           2            4.232933e+00  4.231947e+00  4.230841e+00  4.229603e+00  4.228215e+00  4.226663e+00  4.224925e+00  4.222982e+00  4.220810e+00  4.218385e+00  4.215677e+00  4.212658e+00  4.209294e+00  4.205550e+00  4.201388e+00  4.196769e+00  4.191649e+00  4.185984e+00  4.179729e+00  4.172837e+00  4.165264e+00  4.156967e+00  4.147904e+00  4.138045e+00  4.127365e+00  4.115853e+00  4.103515e+00  4.090379e+00  4.076503e+00  4.061976e+00  4.046930e+00  4.031547e+00  4.016062e+00  4.000774e+00  3.986048e+00  3.972314e+00  3.960070e+00  3.949868e+00  3.942299e+00  3.937965e+00  3.937440e+00  3.941224e+00  3.949674e+00  3.962930e+00  3.980839e+00  4.002906e+00  4.029077e+00  4.059997e+00  4.096383e+00  4.138968e+00  4.188492e+00  4.246164e+00  4.313736e+00  4.392938e+00  4.485334e+00  4.590204e+00  4.700558e+00  4.808443e+00  4.906557e+00  4.988917e+00  5.053287e+00  5.099658e+00  5.128607e+00  5.141197e+00  5.138568e+00  5.119004e+00  5.080356e+00  5.022280e+00  4.945842e+00  4.853096e+00  4.746705e+00  4.629630e+00  4.504880e+00  4.375332e+00  4.243608e+00  4.112000e+00  3.982438e+00  3.856487e+00  3.735363e+00  3.619963e+00
4           3            9.137258e-01  9.147449e-01  9.158937e-01  9.171892e-01  9.186507e-01  9.203003e-01  9.221631e-01  9.242677e-01  9.266470e-01  9.293387e-01  9.323858e-01  9.358378e-01  9.397519e-01  9.441937e-01  9.492391e-01  9.549757e-01  9.615048e-01  9.689438e-01  9.774287e-01  9.871169e-01  9.981910e-01  1.010862e+00  1.025375e+00  1.042011e+00  1.061094e+00  1.082995e+00  1.108137e+00  1.136997e+00  1.170109e+00  1.208065e+00  1.251507e+00  1.301121e+00  1.357615e+00  1.421694e+00  1.494014e+00  1.575124e+00  1.665385e+00  1.764864e+00  1.873199e+00  1.989442e+00  2.111872e+00  2.237784e+00  2.363282e+00  2.483064e+00  2.590337e+00  2.680376e+00  2.753316e+00  2.810958e+00  2.856615e+00  2.895079e+00  2.929510e+00  2.959208e+00  2.983198e+00  3.000603e+00  3.010656e+00  3.012588e+00  3.005824e+00  2.990073e+00  2.965335e+00  2.931789e+00  2.889822e+00  2.840104e+00  2.783534e+00  2.721075e+00  2.651999e+00  2.574843e+00  2.489228e+00  2.395653e+00  2.295232e+00  2.189465e+00  2.080040e+00  1.968676e+00  1.857013e+00  1.746531e+00  1.638509e+00  1.533999e+00  1.433830e+00  1.338615e+00  1.248773e+00  1.164554e+00

UPSILON_P N_trans=0
# upper_idx  lower_idx   upsilon(T_GRID[0]..T_GRID[N-1])

