# pyathena.photchem atomic data : CI
# CHIANTI source : ion c_1
# Levels kept    : lowest 5 of CHIANTI (padded to 5 if smaller)
# T grid         : 80 log-spaced points, 100 K -> 1e+06 K
# Generated by   : pyathena/photchem/data/build_chianti_tables.py
#
# Indices below are 0-based pyathena indices (level 0 = ground).
# CHIANTI level numbers are 1-based and shown for cross-reference.
#
LEVELS N=5
# idx  chianti_lvl  conf            term       j     g    E_erg            E_K
0     1            2p2             3P0        0.0   1     0.000000e+00   0.000000e+00
1     2            2p2             3P1        1.0   3     3.260416e-15   2.361510e+01
2     3            2p2             3P2        2.0   5     8.622020e-15   6.244904e+01
3     4            2p2             1D2        2.0   5     2.024264e-12   1.466169e+04
4     5            2p2             1S0        0.0   1     4.299300e-12   3.113970e+04

A_COEFFS N=8
# upper_idx  lower_idx   A [s^-1]
1           0            7.960000e-08
2           1            2.660000e-07
3           0            9.340000e-08
3           1            6.170000e-05
3           2            1.810000e-04
4           1            2.110000e-03
4           2            1.980000e-05
4           3            6.380000e-01

T_GRID N=80
 1.000000e+02
 1.123655e+02
 1.262600e+02
 1.418727e+02
 1.594159e+02
 1.791284e+02
 2.012785e+02
 2.261676e+02
 2.541343e+02
 2.855592e+02
 3.208700e+02
 3.605471e+02
 4.051305e+02
 4.552268e+02
 5.115178e+02
 5.747694e+02
 6.458424e+02
 7.257040e+02
 8.154407e+02
 9.162739e+02
 1.029576e+03
 1.156888e+03
 1.299942e+03
 1.460686e+03
 1.641307e+03
 1.844263e+03
 2.072315e+03
 2.328566e+03
 2.616505e+03
 2.940048e+03
 3.303599e+03
 3.712105e+03
 4.171125e+03
 4.686904e+03
 5.266462e+03
 5.917686e+03
 6.649436e+03
 7.471671e+03
 8.395579e+03
 9.433732e+03
 1.060026e+04
 1.191103e+04
 1.338389e+04
 1.503887e+04
 1.689850e+04
 1.898808e+04
 2.133605e+04
 2.397435e+04
 2.693889e+04
 3.027002e+04
 3.401305e+04
 3.821893e+04
 4.294488e+04
 4.825522e+04
 5.422221e+04
 6.092705e+04
 6.846097e+04
 7.692650e+04
 8.643883e+04
 9.712740e+04
 1.091377e+05
 1.226331e+05
 1.377972e+05
 1.548365e+05
 1.739828e+05
 1.954966e+05
 2.196707e+05
 2.468340e+05
 2.773563e+05
 3.116527e+05
 3.501900e+05
 3.934927e+05
 4.421500e+05
 4.968240e+05
 5.582586e+05
 6.272900e+05
 7.048574e+05
 7.920164e+05
 8.899530e+05
 1.000000e+06

UPSILON_E N_trans=10
# upper_idx  lower_idx   upsilon(T_GRID[0]..T_GRID[N-1])
1           0            0.000000e+00  0.000000e+00  0.000000e+00  0.000000e+00  0.000000e+00  0.000000e+00  0.000000e+00  0.000000e+00  0.000000e+00  0.000000e+00  0.000000e+00  9.082538e-04  2.168042e-03  3.838947e-03  6.021180e-03  8.833780e-03  1.241637e-02  1.693028e-02  2.255854e-02  2.950413e-02  3.798553e-02  4.822853e-02  6.045278e-02  7.485143e-02  9.156183e-02  1.106252e-01  1.319330e-01  1.551590e-01  1.796829e-01  2.048931e-01  2.304830e-01  2.561183e-01  2.814089e-01  3.059135e-01  3.291514e-01  3.507332e-01  3.704450e-01  3.881688e-01  4.038923e-01  4.177184e-01  4.298595e-01  4.404886e-01  4.497066e-01  4.576605e-01  4.645369e-01  4.705479e-01  4.759066e-01  4.806740e-01  4.847954e-01  4.882365e-01  4.911076e-01  4.938669e-01  4.968579e-01  4.994544e-01  5.007445e-01  5.010953e-01  5.013028e-01  5.018978e-01  5.031911e-01  5.053250e-01  5.081386e-01  5.100810e-01  5.096731e-01  5.062403e-01  4.996556e-01  4.901370e-01  4.782102e-01  4.651195e-01  4.519692e-01  4.394322e-01  4.278826e-01  4.174949e-01  4.083141e-01  4.003053e-01  3.933878e-01  3.874579e-01  3.824035e-01  3.781138e-01  3.744842e-01  3.714195e-01
2           0            0.000000e+00  0.000000e+00  0.000000e+00  0.000000e+00  0.000000e+00  0.000000e+00  0.000000e+00  0.000000e+00  0.000000e+00  0.000000e+00  4.984033e-04  1.360477e-03  2.508352e-03  4.012422e-03  5.956498e-03  8.439126e-03  1.157446e-02  1.549234e-02  2.033715e-02  2.626463e-02  3.343601e-02  4.200813e-02  5.211823e-02  6.386181e-02  7.726159e-02  9.222560e-02  1.084925e-01  1.255623e-01  1.426231e-01  1.589363e-01  1.742165e-01  1.882613e-01  2.009486e-01  2.122713e-01  2.223677e-01  2.313236e-01  2.390694e-01  2.455843e-01  2.509186e-01  2.551974e-01  2.586151e-01  2.613458e-01  2.635210e-01  2.652949e-01  2.668366e-01  2.683188e-01  2.699041e-01  2.717056e-01  2.737891e-01  2.761979e-01  2.789214e-01  2.818428e-01  2.848545e-01  2.880042e-01  2.913927e-01  2.949652e-01  2.986090e-01  3.022343e-01  3.057725e-01  3.091735e-01  3.124149e-01  3.155752e-01  3.187347e-01  3.219254e-01  3.251474e-01  3.283823e-01  3.315944e-01  3.347011e-01  3.376323e-01  3.403494e-01  3.428357e-01  3.450892e-01  3.471170e-01  3.489320e-01  3.505501e-01  3.519883e-01  3.532638e-01  3.543935e-01  3.553930e-01  3.562766e-01
2           1            0.000000e+00  0.000000e+00  0.000000e+00  0.000000e+00  0.000000e+00  0.000000e+00  0.000000e+00  0.000000e+00  0.000000e+00  0.000000e+00  7.270775e-04  3.801015e-03  7.927134e-03  1.336879e-02  2.044072e-02  2.951460e-02  4.102326e-02  5.546232e-02  7.338759e-02  9.540583e-02  1.221560e-01  1.542765e-01  1.923546e-01  2.368505e-01  2.879910e-01  3.456241e-01  4.090290e-01  4.766740e-01  5.459548e-01  6.144335e-01  6.810713e-01  7.449763e-01  8.053587e-01  8.616155e-01  9.134119e-01  9.604489e-01  1.002359e+00  1.039029e+00  1.070664e+00  1.097800e+00  1.121271e+00  1.141631e+00  1.159024e+00  1.173674e+00  1.185889e+00  1.196037e+00  1.204547e+00  1.212368e+00  1.220775e+00  1.230823e+00  1.242789e+00  1.255292e+00  1.266988e+00  1.277215e+00  1.285831e+00  1.293504e+00  1.301084e+00  1.309108e+00  1.317862e+00  1.327443e+00  1.337624e+00  1.346712e+00  1.353095e+00  1.356016e+00  1.355305e+00  1.351166e+00  1.344134e+00  1.335494e+00  1.326400e+00  1.317560e+00  1.309382e+00  1.302065e+00  1.295680e+00  1.290213e+00  1.285603e+00  1.281764e+00  1.278603e+00  1.276025e+00  1.273940e+00  1.272268e+00
3           0            2.401129e-03  2.703694e-03  3.045079e-03  3.430423e-03  3.865574e-03  4.357196e-03  4.912883e-03  5.541293e-03  6.252300e-03  7.057164e-03  7.968718e-03  9.001575e-03  1.017235e-02  1.149991e-02  1.300558e-02  1.471340e-02  1.665032e-02  1.884634e-02  2.133455e-02  2.415106e-02  2.733461e-02  3.092602e-02  3.496703e-02  3.949879e-02  4.455944e-02  5.018091e-02  5.638472e-02  6.317646e-02  7.053988e-02  7.846171e-02  8.695613e-02  9.603784e-02  1.057199e-01  1.160139e-01  1.269298e-01  1.384528e-01  1.505299e-01  1.630896e-01  1.760428e-01  1.892847e-01  2.026983e-01  2.161828e-01  2.296598e-01  2.430534e-01  2.562905e-01  2.693016e-01  2.820131e-01  2.941964e-01  3.055227e-01  3.157252e-01  3.247434e-01  3.329488e-01  3.406514e-01  3.473203e-01  3.521608e-01  3.552949e-01  3.572065e-01  3.582781e-01  3.588003e-01  3.589868e-01  3.588636e-01  3.575026e-01  3.540235e-01  3.480942e-01  3.397487e-01  3.292443e-01  3.170391e-01  3.040985e-01  2.912698e-01  2.790701e-01  2.677874e-01  2.575556e-01  2.484076e-01  2.403138e-01  2.332078e-01  2.270042e-01  2.216106e-01  2.169344e-01  2.128876e-01  2.093893e-01
3           1            7.232743e-03  8.143318e-03  9.170526e-03  1.032976e-02  1.163853e-02  1.311679e-02  1.478723e-02  1.667576e-02  1.881187e-02  2.122920e-02  2.396607e-02  2.706609e-02  3.057885e-02  3.456064e-02  3.907511e-02  4.419407e-02  4.999802e-02  5.657671e-02  6.402932e-02  7.246425e-02  8.199834e-02  9.275517e-02  1.048622e-01  1.184463e-01  1.336274e-01  1.505095e-01  1.691685e-01  1.896376e-01  2.118896e-01  2.358978e-01  2.616944e-01  2.892997e-01  3.187135e-01  3.499123e-01  3.828472e-01  4.174295e-01  4.535222e-01  4.909515e-01  5.295086e-01  5.689541e-01  6.090217e-01  6.494203e-01  6.898408e-01  7.299710e-01  7.695056e-01  8.081558e-01  8.456456e-01  8.815144e-01  9.151953e-01  9.462363e-01  9.744934e-01  1.000434e+00  1.024408e+00  1.044856e+00  1.059711e+00  1.069387e+00  1.075272e+00  1.078478e+00  1.079863e+00  1.080074e+00  1.079212e+00  1.074599e+00  1.063693e+00  1.045555e+00  1.020311e+00  9.887335e-01  9.521833e-01  9.135038e-01  8.751882e-01  8.387589e-01  8.050635e-01  7.744953e-01  7.471509e-01  7.229418e-01  7.016712e-01  6.830866e-01  6.669141e-01  6.528797e-01  6.407227e-01  6.302027e-01
3           2            1.187086e-02  1.336859e-02  1.505895e-02  1.696757e-02  1.912361e-02  2.156036e-02  2.431577e-02  2.743317e-02  3.096204e-02  3.495884e-02  3.948802e-02  4.462308e-02  5.044770e-02  5.705696e-02  6.455861e-02  7.307426e-02  8.274046e-02  9.370947e-02  1.061496e-01  1.202448e-01  1.361931e-01  1.542036e-01  1.744909e-01  1.972677e-01  2.227325e-01  2.510537e-01  2.823484e-01  3.166547e-01  3.539012e-01  3.940215e-01  4.370652e-01  4.830679e-01  5.320368e-01  5.839486e-01  6.387463e-01  6.963001e-01  7.563843e-01  8.187102e-01  8.829313e-01  9.486480e-01  1.015419e+00  1.082822e+00  1.150468e+00  1.217970e+00  1.284945e+00  1.351025e+00  1.415790e+00  1.477630e+00  1.534164e+00  1.583459e+00  1.625521e+00  1.664681e+00  1.704491e+00  1.740846e+00  1.766957e+00  1.783091e+00  1.792346e+00  1.797133e+00  1.799239e+00  1.799936e+00  1.799434e+00  1.792903e+00  1.775730e+00  1.746133e+00  1.704228e+00  1.651290e+00  1.589636e+00  1.524194e+00  1.459287e+00  1.397557e+00  1.340473e+00  1.288720e+00  1.242467e+00  1.201561e+00  1.165666e+00  1.134348e+00  1.107135e+00  1.083556e+00  1.063165e+00  1.045549e+00
4           0            2.598061e-04  2.926821e-04  3.298116e-04  3.717662e-04  4.191988e-04  4.728561e-04  5.335921e-04  6.023846e-04  6.803540e-04  7.687838e-04  8.691448e-04  9.831216e-04  1.112642e-03  1.259908e-03  1.427432e-03  1.618067e-03  1.835043e-03  2.081996e-03  2.362988e-03  2.682518e-03  3.045508e-03  3.457265e-03  3.923393e-03  4.449654e-03  5.041757e-03  5.705050e-03  6.444107e-03  7.262178e-03  8.160570e-03  9.140556e-03  1.020522e-02  1.135694e-02  1.259701e-02  1.392528e-02  1.534006e-02  1.683865e-02  1.841779e-02  2.007278e-02  2.179740e-02  2.358397e-02  2.542319e-02  2.729952e-02  2.919095e-02  3.107418e-02  3.292587e-02  3.472370e-02  3.644635e-02  3.805856e-02  3.951735e-02  4.078932e-02  4.186477e-02  4.277966e-02  4.356627e-02  4.416849e-02  4.450407e-02  4.459144e-02  4.448979e-02  4.424930e-02  4.391112e-02  4.350840e-02  4.305314e-02  4.245004e-02  4.160830e-02  4.049746e-02  3.912685e-02  3.752971e-02  3.576086e-02  3.393206e-02  3.214068e-02  3.044572e-02  2.887956e-02  2.745663e-02  2.617957e-02  2.504372e-02  2.404016e-02  2.315777e-02  2.238458e-02  2.170869e-02  2.111875e-02  2.060427e-02
4           1            7.698133e-04  8.672602e-04  9.773229e-04  1.101699e-03  1.242329e-03  1.401429e-03  1.581539e-03  1.785565e-03  2.016838e-03  2.279177e-03  2.576956e-03  2.915191e-03  3.299619e-03  3.736802e-03  4.234220e-03  4.800378e-03  5.444907e-03  6.178648e-03  7.013724e-03  7.963560e-03  9.042858e-03  1.026746e-02  1.165413e-02  1.322009e-02  1.498243e-02  1.695718e-02  1.915805e-02  2.159486e-02  2.427160e-02  2.719162e-02  3.036259e-02  3.378934e-02  3.747239e-02  4.140702e-02  4.558267e-02  4.998946e-02  5.462198e-02  5.947297e-02  6.453288e-02  6.978974e-02  7.522781e-02  8.079989e-02  8.642441e-02  9.201411e-02  9.748139e-02  1.027428e-01  1.077222e-01  1.123442e-01  1.165403e-01  1.202610e-01  1.234686e-01  1.261220e-01  1.282004e-01  1.296751e-01  1.305325e-01  1.308353e-01  1.306777e-01  1.301484e-01  1.293284e-01  1.282897e-01  1.270552e-01  1.253506e-01  1.229193e-01  1.196793e-01  1.156637e-01  1.109741e-01  1.057745e-01  1.003954e-01  9.512430e-02  9.013571e-02  8.552547e-02  8.133633e-02  7.757635e-02  7.423196e-02  7.127698e-02  6.867869e-02  6.640196e-02  6.441172e-02  6.267458e-02  6.115964e-02
4           2            1.280559e-03  1.442720e-03  1.625891e-03  1.832901e-03  2.066986e-03  2.331845e-03  2.631714e-03  2.971445e-03  3.356597e-03  3.793546e-03  4.289602e-03  4.853141e-03  5.493753e-03  6.222402e-03  7.051593e-03  7.995548e-03  9.070368e-03  1.029418e-02  1.168726e-02  1.327205e-02  1.507311e-02  1.711694e-02  1.943148e-02  2.204550e-02  2.498742e-02  2.828387e-02  3.195751e-02  3.602430e-02  4.049038e-02  4.536106e-02  5.064955e-02  5.636471e-02  6.250863e-02  6.907521e-02  7.604907e-02  8.341429e-02  9.115926e-02  9.926815e-02  1.077203e-01  1.164900e-01  1.255449e-01  1.348061e-01  1.441441e-01  1.534211e-01  1.624991e-01  1.712465e-01  1.795426e-01  1.872547e-01  1.942515e-01  2.004362e-01  2.057820e-01  2.103864e-01  2.143339e-01  2.173409e-01  2.190297e-01  2.195045e-01  2.190625e-01  2.179535e-01  2.163804e-01  2.145053e-01  2.123839e-01  2.095347e-01  2.054984e-01  2.001185e-01  1.934381e-01  1.856207e-01  1.769384e-01  1.679479e-01  1.591349e-01  1.507938e-01  1.430864e-01  1.360848e-01  1.298027e-01  1.242173e-01  1.192846e-01  1.149495e-01  1.111529e-01  1.078359e-01  1.049423e-01  1.024202e-01
4           3            4.707229e-02  4.738631e-02  4.774244e-02  4.814670e-02  4.860598e-02  4.912826e-02  4.972275e-02  5.040008e-02  5.117254e-02  5.205428e-02  5.306164e-02  5.421337e-02  5.553099e-02  5.703906e-02  5.876543e-02  6.074145e-02  6.300210e-02  6.558581e-02  6.853411e-02  7.189079e-02  7.570048e-02  8.000635e-02  8.484678e-02  9.025056e-02  9.623028e-02  1.027736e-01  1.098321e-01  1.173069e-01  1.250345e-01  1.328812e-01  1.408384e-01  1.489393e-01  1.572630e-01  1.659477e-01  1.751994e-01  1.851754e-01  1.959185e-01  2.074613e-01  2.198314e-01  2.330487e-01  2.471238e-01  2.620697e-01  2.779015e-01  2.946171e-01  3.121928e-01  3.305807e-01  3.497118e-01  3.695842e-01  3.902331e-01  4.116427e-01  4.336204e-01  4.555903e-01  4.771399e-01  4.996513e-01  5.249514e-01  5.521497e-01  5.794254e-01  6.054896e-01  6.295081e-01  6.510055e-01  6.702013e-01  6.905474e-01  7.153463e-01  7.460546e-01  7.828840e-01  8.252706e-01  8.719554e-01  9.199933e-01  9.667936e-01  1.010812e+00  1.051226e+00  1.087697e+00  1.120198e+00  1.148893e+00  1.174054e+00  1.196006e+00  1.215090e+00  1.231640e+00  1.245970e+00  1.258369e+00

UPSILON_P N_trans=0
# upper_idx  lower_idx   upsilon(T_GRID[0]..T_GRID[N-1])

