# pyathena.photchem atomic data : CII
# CHIANTI source : ion c_2
# Levels kept    : lowest 2 of CHIANTI (padded to 5 if smaller)
# T grid         : 80 log-spaced points, 100 K -> 1e+06 K
# Generated by   : pyathena/photchem/data/build_chianti_tables.py
#
# Indices below are 0-based pyathena indices (level 0 = ground).
# CHIANTI level numbers are 1-based and shown for cross-reference.
#
LEVELS N=2
# idx  chianti_lvl  conf            term       j     g    E_erg            E_K
0     1            2s2_2p          2P0.5      0.5   2     0.000000e+00   0.000000e+00
1     2            2s2_2p          2P1.5      1.5   4     1.259064e-14   9.119366e+01

A_COEFFS N=1
# upper_idx  lower_idx   A [s^-1]
1           0            2.290000e-06

T_GRID N=80
 1.000000e+02
 1.123655e+02
 1.262600e+02
 1.418727e+02
 1.594159e+02
 1.791284e+02
 2.012785e+02
 2.261676e+02
 2.541343e+02
 2.855592e+02
 3.208700e+02
 3.605471e+02
 4.051305e+02
 4.552268e+02
 5.115178e+02
 5.747694e+02
 6.458424e+02
 7.257040e+02
 8.154407e+02
 9.162739e+02
 1.029576e+03
 1.156888e+03
 1.299942e+03
 1.460686e+03
 1.641307e+03
 1.844263e+03
 2.072315e+03
 2.328566e+03
 2.616505e+03
 2.940048e+03
 3.303599e+03
 3.712105e+03
 4.171125e+03
 4.686904e+03
 5.266462e+03
 5.917686e+03
 6.649436e+03
 7.471671e+03
 8.395579e+03
 9.433732e+03
 1.060026e+04
 1.191103e+04
 1.338389e+04
 1.503887e+04
 1.689850e+04
 1.898808e+04
 2.133605e+04
 2.397435e+04
 2.693889e+04
 3.027002e+04
 3.401305e+04
 3.821893e+04
 4.294488e+04
 4.825522e+04
 5.422221e+04
 6.092705e+04
 6.846097e+04
 7.692650e+04
 8.643883e+04
 9.712740e+04
 1.091377e+05
 1.226331e+05
 1.377972e+05
 1.548365e+05
 1.739828e+05
 1.954966e+05
 2.196707e+05
 2.468340e+05
 2.773563e+05
 3.116527e+05
 3.501900e+05
 3.934927e+05
 4.421500e+05
 4.968240e+05
 5.582586e+05
 6.272900e+05
 7.048574e+05
 7.920164e+05
 8.899530e+05
 1.000000e+06

UPSILON_E N_trans=1
# upper_idx  lower_idx   upsilon(T_GRID[0]..T_GRID[N-1])
1           0            1.559243e+00  1.560104e+00  1.561064e+00  1.562132e+00  1.563319e+00  1.564636e+00  1.566097e+00  1.567714e+00  1.569502e+00  1.571476e+00  1.573652e+00  1.576046e+00  1.578677e+00  1.581564e+00  1.584729e+00  1.588199e+00  1.592004e+00  1.596186e+00  1.600799e+00  1.605919e+00  1.611655e+00  1.618167e+00  1.625689e+00  1.634564e+00  1.645300e+00  1.658637e+00  1.675644e+00  1.697431e+00  1.724608e+00  1.757533e+00  1.796198e+00  1.839974e+00  1.887290e+00  1.936441e+00  1.986679e+00  2.037144e+00  2.086714e+00  2.133967e+00  2.177154e+00  2.214613e+00  2.245188e+00  2.268006e+00  2.282626e+00  2.289217e+00  2.288767e+00  2.283280e+00  2.275809e+00  2.268117e+00  2.260189e+00  2.251924e+00  2.243194e+00  2.233849e+00  2.223710e+00  2.212261e+00  2.198740e+00  2.182414e+00  2.162642e+00  2.138922e+00  2.110906e+00  2.078276e+00  2.040844e+00  1.998673e+00  1.952060e+00  1.901495e+00  1.847621e+00  1.791181e+00  1.732953e+00  1.673608e+00  1.613795e+00  1.554165e+00  1.495333e+00  1.437856e+00  1.382216e+00  1.328850e+00  1.278094e+00  1.230177e+00  1.185236e+00  1.143331e+00  1.104433e+00  1.068376e+00

UPSILON_P N_trans=1
# upper_idx  lower_idx   upsilon(T_GRID[0]..T_GRID[N-1])
1           0            1.027607e-11  4.435302e-12  0.000000e+00  0.000000e+00  0.000000e+00  0.000000e+00  0.000000e+00  0.000000e+00  0.000000e+00  0.000000e+00  0.000000e+00  0.000000e+00  0.000000e+00  0.000000e+00  0.000000e+00  0.000000e+00  0.000000e+00  0.000000e+00  0.000000e+00  0.000000e+00  0.000000e+00  0.000000e+00  0.000000e+00  0.000000e+00  0.000000e+00  0.000000e+00  0.000000e+00  0.000000e+00  0.000000e+00  1.132579e-10  2.690308e-10  4.670867e-10  7.138532e-10  1.015689e-09  1.378487e-09  1.807167e-09  2.305053e-09  2.873159e-09  3.509420e-09  4.208079e-09  4.961851e-09  5.761983e-09  6.596259e-09  7.448942e-09  8.301447e-09  9.140592e-09  9.959913e-09  1.075377e-08  1.151725e-08  1.224627e-08  1.293756e-08  1.358880e-08  1.419854e-08  1.476680e-08  1.529842e-08  1.579977e-08  1.627614e-08  1.673163e-08  1.716803e-08  1.757670e-08  1.794724e-08  1.827361e-08  1.855330e-08  1.878660e-08  1.897579e-08  1.912448e-08  1.923706e-08  1.931826e-08  1.937284e-08  1.940532e-08  1.941988e-08  1.942025e-08  1.940966e-08  1.939090e-08  1.936628e-08  1.933771e-08  1.930672e-08  1.927452e-08  1.924205e-08  1.921003e-08

