# pyathena.photchem atomic data : CIII
# CHIANTI source : ion c_3
# Levels kept    : lowest 5 of CHIANTI (padded to 5 if smaller)
# T grid         : 80 log-spaced points, 100 K -> 1e+06 K
# Generated by   : pyathena/photchem/data/build_chianti_tables.py
#
# Indices below are 0-based pyathena indices (level 0 = ground).
# CHIANTI level numbers are 1-based and shown for cross-reference.
#
LEVELS N=5
# idx  chianti_lvl  conf            term       j     g    E_erg            E_K
0     1            2s2             1S0        0.0   1     0.000000e+00   0.000000e+00
1     2            2s_2p           3P0        0.0   1     1.040011e-11   7.532766e+04
2     3            2s_2p           3P1        1.0   3     1.040481e-11   7.536175e+04
3     4            2s_2p           3P2        2.0   5     1.041599e-11   7.544274e+04
4     5            2s_2p           1P1        1.0   3     2.032711e-11   1.472286e+05

A_COEFFS N=4
# upper_idx  lower_idx   A [s^-1]
2           0            1.040000e+02
3           0            5.216000e-03
3           2            2.450000e-06
4           0            1.769000e+09

T_GRID N=80
 1.000000e+02
 1.123655e+02
 1.262600e+02
 1.418727e+02
 1.594159e+02
 1.791284e+02
 2.012785e+02
 2.261676e+02
 2.541343e+02
 2.855592e+02
 3.208700e+02
 3.605471e+02
 4.051305e+02
 4.552268e+02
 5.115178e+02
 5.747694e+02
 6.458424e+02
 7.257040e+02
 8.154407e+02
 9.162739e+02
 1.029576e+03
 1.156888e+03
 1.299942e+03
 1.460686e+03
 1.641307e+03
 1.844263e+03
 2.072315e+03
 2.328566e+03
 2.616505e+03
 2.940048e+03
 3.303599e+03
 3.712105e+03
 4.171125e+03
 4.686904e+03
 5.266462e+03
 5.917686e+03
 6.649436e+03
 7.471671e+03
 8.395579e+03
 9.433732e+03
 1.060026e+04
 1.191103e+04
 1.338389e+04
 1.503887e+04
 1.689850e+04
 1.898808e+04
 2.133605e+04
 2.397435e+04
 2.693889e+04
 3.027002e+04
 3.401305e+04
 3.821893e+04
 4.294488e+04
 4.825522e+04
 5.422221e+04
 6.092705e+04
 6.846097e+04
 7.692650e+04
 8.643883e+04
 9.712740e+04
 1.091377e+05
 1.226331e+05
 1.377972e+05
 1.548365e+05
 1.739828e+05
 1.954966e+05
 2.196707e+05
 2.468340e+05
 2.773563e+05
 3.116527e+05
 3.501900e+05
 3.934927e+05
 4.421500e+05
 4.968240e+05
 5.582586e+05
 6.272900e+05
 7.048574e+05
 7.920164e+05
 8.899530e+05
 1.000000e+06

UPSILON_E N_trans=10
# upper_idx  lower_idx   upsilon(T_GRID[0]..T_GRID[N-1])
1           0            9.100326e-02  9.102129e-02  9.104099e-02  9.106243e-02  9.108564e-02  9.111062e-02  9.113731e-02  9.116557e-02  9.119516e-02  9.122572e-02  9.125669e-02  9.128731e-02  9.131652e-02  9.134289e-02  9.136457e-02  9.137913e-02  9.138343e-02  9.137355e-02  9.134453e-02  9.129025e-02  9.120324e-02  9.107450e-02  9.089338e-02  9.064751e-02  9.032292e-02  8.990438e-02  8.937616e-02  8.872338e-02  8.793435e-02  8.700422e-02  8.594067e-02  8.477249e-02  8.356214e-02  8.242293e-02  8.147546e-02  8.078013e-02  8.038536e-02  8.032359e-02  8.059596e-02  8.115192e-02  8.194282e-02  8.297808e-02  8.425576e-02  8.574731e-02  8.738479e-02  8.904746e-02  9.062844e-02  9.208289e-02  9.336799e-02  9.444072e-02  9.526035e-02  9.579134e-02  9.600656e-02  9.589019e-02  9.543339e-02  9.463603e-02  9.351297e-02  9.209501e-02  9.042847e-02  8.857040e-02  8.654972e-02  8.437497e-02  8.205831e-02  7.961576e-02  7.706675e-02  7.443235e-02  7.172468e-02  6.895326e-02  6.613186e-02  6.327784e-02  6.041113e-02  5.755320e-02  5.472588e-02  5.194658e-02  4.921112e-02  4.651576e-02  4.386519e-02  4.126943e-02  3.874125e-02  3.629220e-02
2           0            2.895957e-01  2.896815e-01  2.897752e-01  2.898770e-01  2.899869e-01  2.901050e-01  2.902307e-01  2.903634e-01  2.905018e-01  2.906439e-01  2.907870e-01  2.909272e-01  2.910592e-01  2.911762e-01  2.912689e-01  2.913256e-01  2.913316e-01  2.912681e-01  2.911120e-01  2.908350e-01  2.904032e-01  2.897761e-01  2.889069e-01  2.877422e-01  2.862235e-01  2.842890e-01  2.818780e-01  2.789376e-01  2.754330e-01  2.713639e-01  2.667872e-01  2.618501e-01  2.568354e-01  2.522183e-01  2.484665e-01  2.457764e-01  2.442740e-01  2.440006e-01  2.448633e-01  2.465786e-01  2.489022e-01  2.518199e-01  2.552953e-01  2.592375e-01  2.634872e-01  2.678073e-01  2.719972e-01  2.759489e-01  2.795473e-01  2.826651e-01  2.851652e-01  2.869027e-01  2.877285e-01  2.874996e-01  2.861809e-01  2.838327e-01  2.805365e-01  2.763887e-01  2.714953e-01  2.659645e-01  2.598730e-01  2.532767e-01  2.462298e-01  2.387846e-01  2.309900e-01  2.228950e-01  2.145782e-01  2.061257e-01  1.976101e-01  1.890913e-01  1.806179e-01  1.722280e-01  1.639513e-01  1.558131e-01  1.478514e-01  1.401006e-01  1.325852e-01  1.253213e-01  1.183185e-01  1.115880e-01
2           1            6.944837e-01  6.948719e-01  6.953034e-01  6.957825e-01  6.963135e-01  6.969010e-01  6.975498e-01  6.982644e-01  6.990495e-01  6.999093e-01  7.008476e-01  7.018672e-01  7.029697e-01  7.041552e-01  7.054213e-01  7.067627e-01  7.081702e-01  7.096297e-01  7.111212e-01  7.126179e-01  7.140842e-01  7.154756e-01  7.167376e-01  7.178057e-01  7.186071e-01  7.190641e-01  7.191011e-01  7.186569e-01  7.177052e-01  7.162859e-01  7.145543e-01  7.128536e-01  7.118217e-01  7.125354e-01  7.160883e-01  7.229515e-01  7.333756e-01  7.472995e-01  7.641378e-01  7.825087e-01  8.011142e-01  8.196746e-01  8.380080e-01  8.559841e-01  8.735725e-01  8.908956e-01  9.079402e-01  9.243557e-01  9.397187e-01  9.535540e-01  9.653438e-01  9.745412e-01  9.805870e-01  9.829419e-01  9.812623e-01  9.754418e-01  9.655408e-01  9.517959e-01  9.346204e-01  9.145646e-01  8.919868e-01  8.671148e-01  8.402365e-01  8.116914e-01  7.818553e-01  7.511091e-01  7.197044e-01  6.878361e-01  6.557220e-01  6.235953e-01  5.916945e-01  5.602545e-01  5.294973e-01  4.995963e-01  4.705485e-01  4.423424e-01  4.150182e-01  3.886472e-01  3.633131e-01  3.390772e-01
3           0            4.638574e-01  4.639632e-01  4.640787e-01  4.642044e-01  4.643406e-01  4.644871e-01  4.646436e-01  4.648094e-01  4.649830e-01  4.651622e-01  4.653440e-01  4.655236e-01  4.656951e-01  4.658499e-01  4.659773e-01  4.660630e-01  4.660887e-01  4.660313e-01  4.658619e-01  4.655446e-01  4.650357e-01  4.642826e-01  4.632229e-01  4.617843e-01  4.598853e-01  4.574369e-01  4.543473e-01  4.505303e-01  4.459182e-01  4.404840e-01  4.342749e-01  4.274623e-01  4.204163e-01  4.138062e-01  4.083395e-01  4.043603e-01  4.021322e-01  4.018101e-01  4.033439e-01  4.063503e-01  4.104672e-01  4.157242e-01  4.221078e-01  4.294810e-01  4.375250e-01  4.456774e-01  4.534382e-01  4.605896e-01  4.669209e-01  4.722196e-01  4.762824e-01  4.789299e-01  4.800214e-01  4.794693e-01  4.772204e-01  4.732644e-01  4.676637e-01  4.605583e-01  4.521641e-01  4.427522e-01  4.324840e-01  4.214417e-01  4.097274e-01  3.974603e-01  3.847726e-01  3.717919e-01  3.585365e-01  3.449842e-01  3.311457e-01  3.170639e-01  3.028082e-01  2.884686e-01  2.741483e-01  2.599497e-01  2.459394e-01  2.321824e-01  2.187528e-01  2.057261e-01  1.931729e-01  1.811333e-01
3           1            4.929180e-01  4.931287e-01  4.933651e-01  4.936301e-01  4.939272e-01  4.942602e-01  4.946333e-01  4.950511e-01  4.955189e-01  4.960424e-01  4.966280e-01  4.972826e-01  4.980139e-01  4.988305e-01  4.997416e-01  5.007574e-01  5.018889e-01  5.031481e-01  5.045480e-01  5.061028e-01  5.078275e-01  5.097386e-01  5.118536e-01  5.141916e-01  5.167732e-01  5.196211e-01  5.227607e-01  5.262206e-01  5.300350e-01  5.342448e-01  5.389019e-01  5.440738e-01  5.498510e-01  5.563574e-01  5.637532e-01  5.722389e-01  5.820834e-01  5.936527e-01  6.074452e-01  6.241327e-01  6.442912e-01  6.680985e-01  6.954832e-01  7.260216e-01  7.587771e-01  7.921312e-01  8.246167e-01  8.555148e-01  8.841109e-01  9.096737e-01  9.314924e-01  9.489230e-01  9.614394e-01  9.686812e-01  9.704107e-01  9.665456e-01  9.572480e-01  9.429418e-01  9.243087e-01  9.022283e-01  8.773261e-01  8.500444e-01  8.208909e-01  7.904170e-01  7.591892e-01  7.277526e-01  6.965310e-01  6.658625e-01  6.360446e-01  6.073273e-01  5.799108e-01  5.539445e-01  5.295299e-01  5.067291e-01  4.855883e-01  4.661187e-01  4.482931e-01  4.320551e-01  4.173271e-01  4.040252e-01
3           2            1.960567e+00  1.961480e+00  1.962501e+00  1.963640e+00  1.964912e+00  1.966329e+00  1.967908e+00  1.969664e+00  1.971614e+00  1.973778e+00  1.976175e+00  1.978826e+00  1.981750e+00  1.984969e+00  1.988504e+00  1.992375e+00  1.996599e+00  2.001192e+00  2.006168e+00  2.011533e+00  2.017290e+00  2.023434e+00  2.029954e+00  2.036834e+00  2.044051e+00  2.051583e+00  2.059418e+00  2.067566e+00  2.076086e+00  2.085121e+00  2.094956e+00  2.106106e+00  2.119440e+00  2.136350e+00  2.158341e+00  2.186377e+00  2.221362e+00  2.264114e+00  2.315235e+00  2.374931e+00  2.443250e+00  2.520318e+00  2.605756e+00  2.698379e+00  2.795860e+00  2.894370e+00  2.990304e+00  3.081537e+00  3.165891e+00  3.241106e+00  3.304943e+00  3.355315e+00  3.390435e+00  3.408961e+00  3.410014e+00  3.393296e+00  3.359268e+00  3.309206e+00  3.245187e+00  3.169909e+00  3.085263e+00  2.992555e+00  2.893309e+00  2.789206e+00  2.682003e+00  2.573399e+00  2.464595e+00  2.356495e+00  2.249961e+00  2.145783e+00  2.044665e+00  1.947210e+00  1.853913e+00  1.765159e+00  1.681231e+00  1.602308e+00  1.528474e+00  1.459728e+00  1.396000e+00  1.337107e+00
4           0            2.967558e+00  2.967080e+00  2.966560e+00  2.966000e+00  2.965398e+00  2.964757e+00  2.964081e+00  2.963376e+00  2.962652e+00  2.961923e+00  2.961208e+00  2.960533e+00  2.959933e+00  2.959451e+00  2.959144e+00  2.959085e+00  2.959362e+00  2.960083e+00  2.961382e+00  2.963415e+00  2.966365e+00  2.970442e+00  2.975880e+00  2.982930e+00  2.991853e+00  3.002896e+00  3.016265e+00  3.032087e+00  3.050350e+00  3.070825e+00  3.092965e+00  3.115775e+00  3.137659e+00  3.156257e+00  3.169627e+00  3.177682e+00  3.181054e+00  3.181128e+00  3.180202e+00  3.181579e+00  3.187645e+00  3.198511e+00  3.213915e+00  3.233369e+00  3.256174e+00  3.281475e+00  3.308861e+00  3.338535e+00  3.370753e+00  3.405788e+00  3.443926e+00  3.485467e+00  3.530724e+00  3.580013e+00  3.633535e+00  3.691441e+00  3.753951e+00  3.821357e+00  3.894019e+00  3.972391e+00  4.057402e+00  4.150142e+00  4.251517e+00  4.362284e+00  4.483077e+00  4.614388e+00  4.756232e+00  4.908495e+00  5.071191e+00  5.244410e+00  5.428274e+00  5.622900e+00  5.828377e+00  6.044687e+00  6.271440e+00  6.508185e+00  6.754528e+00  7.010105e+00  7.274552e+00  7.547265e+00
4           1            1.803621e-01  1.803184e-01  1.802718e-01  1.802229e-01  1.801722e-01  1.801205e-01  1.800690e-01  1.800195e-01  1.799742e-01  1.799362e-01  1.799097e-01  1.799000e-01  1.799140e-01  1.799606e-01  1.800511e-01  1.801999e-01  1.804247e-01  1.807478e-01  1.811966e-01  1.818044e-01  1.826116e-01  1.836664e-01  1.850252e-01  1.867534e-01  1.889243e-01  1.916178e-01  1.949165e-01  1.988989e-01  2.036284e-01  2.091346e-01  2.153861e-01  2.222477e-01  2.294196e-01  2.363530e-01  2.424817e-01  2.475742e-01  2.514988e-01  2.542608e-01  2.561040e-01  2.576404e-01  2.594142e-01  2.614392e-01  2.636483e-01  2.659144e-01  2.680268e-01  2.696674e-01  2.705621e-01  2.705916e-01  2.696735e-01  2.677704e-01  2.649084e-01  2.611973e-01  2.568494e-01  2.521778e-01  2.473323e-01  2.422742e-01  2.369471e-01  2.312831e-01  2.252063e-01  2.186440e-01  2.116062e-01  2.041680e-01  1.964167e-01  1.884474e-01  1.803586e-01  1.722429e-01  1.641395e-01  1.560638e-01  1.480385e-01  1.400931e-01  1.322619e-01  1.245826e-01  1.170937e-01  1.098290e-01  1.028016e-01  9.602269e-02  8.950806e-02  8.327484e-02  7.733928e-02  7.171062e-02
4           2            5.422126e-01  5.420842e-01  5.419478e-01  5.418046e-01  5.416561e-01  5.415050e-01  5.413549e-01  5.412109e-01  5.410798e-01  5.409710e-01  5.408965e-01  5.408725e-01  5.409194e-01  5.410638e-01  5.413394e-01  5.417885e-01  5.424643e-01  5.434329e-01  5.447757e-01  5.465918e-01  5.490013e-01  5.521472e-01  5.561975e-01  5.613462e-01  5.678115e-01  5.758307e-01  5.856495e-01  5.975015e-01  6.115753e-01  6.279599e-01  6.465626e-01  6.669843e-01  6.883362e-01  7.089917e-01  7.272713e-01  7.424894e-01  7.542574e-01  7.625942e-01  7.682269e-01  7.729767e-01  7.784630e-01  7.847224e-01  7.915437e-01  7.985291e-01  8.050197e-01  8.100222e-01  8.126828e-01  8.126368e-01  8.096404e-01  8.035961e-01  7.946125e-01  7.830673e-01  7.696681e-01  7.554453e-01  7.408861e-01  7.258500e-01  7.101266e-01  6.934566e-01  6.755437e-01  6.560949e-01  6.351152e-01  6.128416e-01  5.895518e-01  5.655486e-01  5.411453e-01  5.166382e-01  4.921718e-01  4.678194e-01  4.436702e-01  4.198270e-01  3.964017e-01  3.735096e-01  3.512638e-01  3.297556e-01  3.089882e-01  2.889605e-01  2.696969e-01  2.512358e-01  2.336195e-01  2.168825e-01
4           3            9.010739e-01  9.008859e-01  9.006877e-01  9.004813e-01  9.002698e-01  9.000577e-01  8.998516e-01  8.996602e-01  8.994953e-01  8.993728e-01  8.993133e-01  8.993438e-01  8.994988e-01  8.998226e-01  9.003715e-01  9.012159e-01  9.024443e-01  9.041662e-01  9.065165e-01  9.096593e-01  9.137930e-01  9.191538e-01  9.260196e-01  9.347103e-01  9.455866e-01  9.590407e-01  9.754790e-01  9.952898e-01  1.018788e+00  1.046128e+00  1.077168e+00  1.111269e+00  1.146995e+00  1.181707e+00  1.212670e+00  1.238752e+00  1.259291e+00  1.274264e+00  1.284764e+00  1.293619e+00  1.303342e+00  1.313935e+00  1.325017e+00  1.335941e+00  1.345689e+00  1.352781e+00  1.355939e+00  1.354601e+00  1.348413e+00  1.337280e+00  1.321471e+00  1.301723e+00  1.279347e+00  1.256203e+00  1.233107e+00  1.209661e+00  1.185280e+00  1.159236e+00  1.130686e+00  1.098787e+00  1.063517e+00  1.025499e+00  9.854442e-01  9.441132e-01  9.022708e-01  8.606101e-01  8.193728e-01  7.785815e-01  7.382954e-01  6.986104e-01  6.596523e-01  6.215675e-01  5.845131e-01  5.486309e-01  5.139718e-01  4.805810e-01  4.485269e-01  4.178860e-01  3.887314e-01  3.611077e-01

UPSILON_P N_trans=3
# upper_idx  lower_idx   upsilon(T_GRID[0]..T_GRID[N-1])
2           1            5.988771e-12  5.747015e-12  5.475951e-12  5.172110e-12  4.831633e-12  4.450233e-12  4.023160e-12  3.545152e-12  3.010402e-12  2.412510e-12  1.744444e-12  9.985042e-13  1.662930e-13  0.000000e+00  0.000000e+00  0.000000e+00  0.000000e+00  0.000000e+00  0.000000e+00  0.000000e+00  0.000000e+00  0.000000e+00  0.000000e+00  0.000000e+00  0.000000e+00  0.000000e+00  0.000000e+00  0.000000e+00  0.000000e+00  0.000000e+00  0.000000e+00  0.000000e+00  0.000000e+00  0.000000e+00  0.000000e+00  0.000000e+00  0.000000e+00  0.000000e+00  0.000000e+00  0.000000e+00  0.000000e+00  0.000000e+00  0.000000e+00  0.000000e+00  1.771491e-11  5.241948e-11  9.689728e-11  1.527734e-10  2.217205e-10  3.053809e-10  4.052627e-10  5.226063e-10  6.582255e-10  8.123257e-10  9.843121e-10  1.172699e-09  1.375453e-09  1.589690e-09  1.811481e-09  2.035879e-09  2.257406e-09  2.472347e-09  2.677813e-09  2.871056e-09  3.049593e-09  3.211366e-09  3.354832e-09  3.478974e-09  3.583328e-09  3.667307e-09  3.729085e-09  3.767527e-09  3.782550e-09  3.775003e-09  3.745928e-09  3.695373e-09  3.624268e-09  3.534572e-09  3.428930e-09  3.310376e-09
3           1            0.000000e+00  0.000000e+00  0.000000e+00  0.000000e+00  0.000000e+00  0.000000e+00  0.000000e+00  0.000000e+00  0.000000e+00  0.000000e+00  0.000000e+00  0.000000e+00  0.000000e+00  0.000000e+00  0.000000e+00  0.000000e+00  0.000000e+00  0.000000e+00  0.000000e+00  0.000000e+00  0.000000e+00  0.000000e+00  0.000000e+00  0.000000e+00  0.000000e+00  0.000000e+00  0.000000e+00  0.000000e+00  0.000000e+00  0.000000e+00  0.000000e+00  0.000000e+00  0.000000e+00  0.000000e+00  0.000000e+00  0.000000e+00  0.000000e+00  0.000000e+00  1.579805e-10  3.694521e-10  6.075694e-10  8.750133e-10  1.174425e-09  1.508259e-09  1.878589e-09  2.286843e-09  2.733470e-09  3.217534e-09  3.736228e-09  4.284327e-09  4.853601e-09  5.432227e-09  6.004243e-09  6.551823e-09  7.068188e-09  7.552629e-09  8.007276e-09  8.437350e-09  8.849624e-09  9.244109e-09  9.618421e-09  9.970825e-09  1.030031e-08  1.060750e-08  1.089455e-08  1.116394e-08  1.141826e-08  1.166045e-08  1.189447e-08  1.212367e-08  1.235046e-08  1.257628e-08  1.279845e-08  1.300506e-08  1.318649e-08  1.333713e-08  1.345468e-08  1.353929e-08  1.359290e-08  1.361857e-08
3           2            0.000000e+00  0.000000e+00  0.000000e+00  0.000000e+00  0.000000e+00  0.000000e+00  0.000000e+00  0.000000e+00  0.000000e+00  0.000000e+00  0.000000e+00  0.000000e+00  0.000000e+00  0.000000e+00  0.000000e+00  0.000000e+00  0.000000e+00  0.000000e+00  0.000000e+00  0.000000e+00  0.000000e+00  0.000000e+00  0.000000e+00  0.000000e+00  0.000000e+00  0.000000e+00  0.000000e+00  0.000000e+00  0.000000e+00  0.000000e+00  0.000000e+00  0.000000e+00  0.000000e+00  0.000000e+00  0.000000e+00  0.000000e+00  0.000000e+00  9.106806e-11  2.407989e-10  4.085158e-10  5.960609e-10  8.053313e-10  1.038224e-09  1.296555e-09  1.581953e-09  1.895714e-09  2.238613e-09  2.610677e-09  3.010907e-09  3.436960e-09  3.884795e-09  4.348310e-09  4.818984e-09  5.285587e-09  5.737733e-09  6.172284e-09  6.588587e-09  6.987812e-09  7.373094e-09  7.747546e-09  8.110709e-09  8.462015e-09  8.801432e-09  9.128848e-09  9.440362e-09  9.730649e-09  9.995182e-09  1.023056e-08  1.043886e-08  1.062777e-08  1.080411e-08  1.097331e-08  1.113921e-08  1.129745e-08  1.143595e-08  1.154649e-08  1.162489e-08  1.167008e-08  1.168332e-08  1.166745e-08

