# pyathena.photchem atomic data : CIV
# CHIANTI source : ion c_4
# Levels kept    : lowest 3 of CHIANTI (padded to 5 if smaller)
# T grid tier    : hot
# T grid         : 80 log-spaced points, 1e+03 K -> 1e+07 K
# Generated by   : pyathena/photchem/data/build_chianti_tables.py
#
# Indices below are 0-based pyathena indices (level 0 = ground).
# CHIANTI level numbers are 1-based and shown for cross-reference.
#
LEVELS N=3
# idx  chianti_lvl  conf            term       j     g    E_erg            E_K
0     1            1s2.2s          2S0.5      0.5   2     0.000000e+00   0.000000e+00
1     2            1s2.2p          2P0.5      0.5   2     1.280652e-11   9.275726e+04
2     3            1s2.2p          2P1.5      1.5   4     1.282791e-11   9.291219e+04

A_COEFFS N=2
# upper_idx  lower_idx   A [s^-1]
1           0            2.640000e+08
2           0            2.650000e+08

T_GRID N=80
 1.000000e+03
 1.123655e+03
 1.262600e+03
 1.418727e+03
 1.594159e+03
 1.791284e+03
 2.012785e+03
 2.261676e+03
 2.541343e+03
 2.855592e+03
 3.208700e+03
 3.605471e+03
 4.051305e+03
 4.552268e+03
 5.115178e+03
 5.747694e+03
 6.458424e+03
 7.257040e+03
 8.154407e+03
 9.162739e+03
 1.029576e+04
 1.156888e+04
 1.299942e+04
 1.460686e+04
 1.641307e+04
 1.844263e+04
 2.072315e+04
 2.328566e+04
 2.616505e+04
 2.940048e+04
 3.303599e+04
 3.712105e+04
 4.171125e+04
 4.686904e+04
 5.266462e+04
 5.917686e+04
 6.649436e+04
 7.471671e+04
 8.395579e+04
 9.433732e+04
 1.060026e+05
 1.191103e+05
 1.338389e+05
 1.503887e+05
 1.689850e+05
 1.898808e+05
 2.133605e+05
 2.397435e+05
 2.693889e+05
 3.027002e+05
 3.401305e+05
 3.821893e+05
 4.294488e+05
 4.825522e+05
 5.422221e+05
 6.092705e+05
 6.846097e+05
 7.692650e+05
 8.643883e+05
 9.712740e+05
 1.091377e+06
 1.226331e+06
 1.377972e+06
 1.548365e+06
 1.739828e+06
 1.954966e+06
 2.196707e+06
 2.468340e+06
 2.773563e+06
 3.116527e+06
 3.501900e+06
 3.934927e+06
 4.421500e+06
 4.968240e+06
 5.582586e+06
 6.272900e+06
 7.048574e+06
 7.920164e+06
 8.899530e+06
 1.000000e+07

UPSILON_E N_trans=3
# upper_idx  lower_idx   upsilon(T_GRID[0]..T_GRID[N-1])
1           0            2.837918e+00  2.838291e+00  2.838713e+00  2.839192e+00  2.839735e+00  2.840352e+00  2.841052e+00  2.841848e+00  2.842754e+00  2.843787e+00  2.844965e+00  2.846310e+00  2.847849e+00  2.849609e+00  2.851626e+00  2.853939e+00  2.856593e+00  2.859641e+00  2.863143e+00  2.867167e+00  2.871791e+00  2.877102e+00  2.883199e+00  2.890188e+00  2.898187e+00  2.907323e+00  2.917729e+00  2.929546e+00  2.942913e+00  2.957968e+00  2.974842e+00  2.993652e+00  3.014495e+00  3.037443e+00  3.062536e+00  3.089775e+00  3.119125e+00  3.150643e+00  3.184566e+00  3.221173e+00  3.260773e+00  3.303692e+00  3.350270e+00  3.400813e+00  3.455405e+00  3.514017e+00  3.576595e+00  3.643056e+00  3.713298e+00  3.787198e+00  3.864698e+00  3.946152e+00  4.031989e+00  4.122539e+00  4.218041e+00  4.318646e+00  4.424426e+00  4.535380e+00  4.651452e+00  4.772531e+00  4.898385e+00  5.028534e+00  5.162500e+00  5.299850e+00  5.440190e+00  5.583166e+00  5.728459e+00  5.875782e+00  6.024881e+00  6.175526e+00  6.327515e+00  6.480666e+00  6.634820e+00  6.789834e+00  6.945585e+00  7.101960e+00  7.258864e+00  7.416210e+00  7.573924e+00  7.731940e+00
2           0            5.635056e+00  5.636299e+00  5.637695e+00  5.639264e+00  5.641026e+00  5.643006e+00  5.645230e+00  5.647728e+00  5.650535e+00  5.653687e+00  5.657227e+00  5.661203e+00  5.665668e+00  5.670681e+00  5.676309e+00  5.682626e+00  5.689716e+00  5.697672e+00  5.706596e+00  5.716603e+00  5.727821e+00  5.740390e+00  5.754466e+00  5.770220e+00  5.787839e+00  5.807527e+00  5.829505e+00  5.854010e+00  5.881298e+00  5.911637e+00  5.945310e+00  5.982609e+00  6.023835e+00  6.069289e+00  6.119269e+00  6.174063e+00  6.233943e+00  6.299158e+00  6.369924e+00  6.446422e+00  6.528798e+00  6.617248e+00  6.712000e+00  6.813258e+00  6.921206e+00  7.035993e+00  7.157737e+00  7.286594e+00  7.423145e+00  7.568101e+00  7.722115e+00  7.885761e+00  8.059515e+00  8.243747e+00  8.438703e+00  8.644303e+00  8.860100e+00  9.085588e+00  9.320232e+00  9.563484e+00  9.814790e+00  1.007360e+01  1.033937e+01  1.061157e+01  1.088970e+01  1.117328e+01  1.146177e+01  1.175461e+01  1.205126e+01  1.235123e+01  1.265411e+01  1.295951e+01  1.326710e+01  1.357657e+01  1.388765e+01  1.420012e+01  1.451376e+01  1.482839e+01  1.514385e+01  1.546000e+01
2           1            1.191137e+00  1.190819e+00  1.190447e+00  1.190014e+00  1.189507e+00  1.188917e+00  1.188228e+00  1.187425e+00  1.186492e+00  1.185410e+00  1.184159e+00  1.182717e+00  1.181063e+00  1.179176e+00  1.177036e+00  1.174626e+00  1.171933e+00  1.168952e+00  1.165684e+00  1.162141e+00  1.158351e+00  1.154353e+00  1.150205e+00  1.145982e+00  1.141781e+00  1.137714e+00  1.133914e+00  1.130531e+00  1.127728e+00  1.125683e+00  1.124578e+00  1.124605e+00  1.125955e+00  1.128816e+00  1.133372e+00  1.139716e+00  1.147455e+00  1.156001e+00  1.164755e+00  1.173126e+00  1.180535e+00  1.186424e+00  1.190267e+00  1.191569e+00  1.189874e+00  1.184766e+00  1.175866e+00  1.162920e+00  1.146279e+00  1.126524e+00  1.104200e+00  1.079817e+00  1.053849e+00  1.026735e+00  9.988786e-01  9.706502e-01  9.423887e-01  9.144027e-01  8.869724e-01  8.603515e-01  8.347689e-01  8.104306e-01  7.875213e-01  7.661990e-01  7.464748e-01  7.282419e-01  7.113959e-01  6.958391e-01  6.814799e-01  6.682327e-01  6.560171e-01  6.447582e-01  6.343856e-01  6.248337e-01  6.160410e-01  6.079501e-01  6.005072e-01  5.936620e-01  5.873676e-01  5.815798e-01

UPSILON_P N_trans=0
# upper_idx  lower_idx   upsilon(T_GRID[0]..T_GRID[N-1])

