# pyathena.photchem atomic data : CI
# CHIANTI source : ion c_1
# Levels kept    : lowest 5 of CHIANTI (padded to 5 if smaller)
# T grid         : 60 log-spaced points, 1e+03 K -> 1e+06 K
# Generated by   : pyathena/photchem/data/build_chianti_tables.py
#
# Indices below are 0-based pyathena indices (level 0 = ground).
# CHIANTI level numbers are 1-based and shown for cross-reference.
#
LEVELS N=5
# idx  chianti_lvl  conf            term       j     g    E_erg            E_K
0     1            2p2             3P0        0.0   1     0.000000e+00   0.000000e+00
1     2            2p2             3P1        1.0   3     3.260416e-15   2.361510e+01
2     3            2p2             3P2        2.0   5     8.622020e-15   6.244904e+01
3     4            2p2             1D2        2.0   5     2.024264e-12   1.466169e+04
4     5            2p2             1S0        0.0   1     4.299300e-12   3.113970e+04

A_COEFFS N=8
# upper_idx  lower_idx   A [s^-1]
1           0            7.960000e-08
2           1            2.660000e-07
3           0            9.340000e-08
3           1            6.170000e-05
3           2            1.810000e-04
4           1            2.110000e-03
4           2            1.980000e-05
4           3            6.380000e-01

T_GRID N=60
 1.000000e+03
 1.124210e+03
 1.263848e+03
 1.420831e+03
 1.597312e+03
 1.795714e+03
 2.018760e+03
 2.269511e+03
 2.551407e+03
 2.868317e+03
 3.224591e+03
 3.625117e+03
 4.075393e+03
 4.581598e+03
 5.150678e+03
 5.790444e+03
 6.509675e+03
 7.318242e+03
 8.227241e+03
 9.249147e+03
 1.039798e+04
 1.168952e+04
 1.314147e+04
 1.477378e+04
 1.660883e+04
 1.867181e+04
 2.099104e+04
 2.359833e+04
 2.652948e+04
 2.982471e+04
 3.352924e+04
 3.769391e+04
 4.237587e+04
 4.763938e+04
 5.355667e+04
 6.020894e+04
 6.768750e+04
 7.609497e+04
 8.554673e+04
 9.617249e+04
 1.081181e+05
 1.215474e+05
 1.366448e+05
 1.536175e+05
 1.726983e+05
 1.941492e+05
 2.182645e+05
 2.453751e+05
 2.758532e+05
 3.101169e+05
 3.486365e+05
 3.919407e+05
 4.406236e+05
 4.953535e+05
 5.568814e+05
 6.260517e+05
 7.038136e+05
 7.912343e+05
 8.895135e+05
 1.000000e+06

UPSILON_E N_trans=10
# upper_idx  lower_idx   upsilon(T_GRID[0]..T_GRID[N-1])
1           0            3.570887e-02  4.553574e-02  5.730779e-02  7.122950e-02  8.745670e-02  1.060583e-01  1.269651e-01  1.499032e-01  1.743128e-01  1.995101e-01  2.251542e-01  2.509188e-01  2.764202e-01  3.012212e-01  3.248398e-01  3.468462e-01  3.669994e-01  3.851620e-01  4.013012e-01  4.155006e-01  4.279597e-01  4.388756e-01  4.483493e-01  4.565218e-01  4.635770e-01  4.697268e-01  4.751915e-01  4.800643e-01  4.842923e-01  4.878373e-01  4.907705e-01  4.935307e-01  4.965132e-01  4.992222e-01  5.006687e-01  5.010773e-01  5.012722e-01  5.018162e-01  5.030430e-01  5.051104e-01  5.079179e-01  5.100026e-01  5.097993e-01  5.065735e-01  5.001650e-01  4.907766e-01  4.789101e-01  4.657938e-01  4.525725e-01  4.399453e-01  4.283024e-01  4.178273e-01  4.085692e-01  4.004950e-01  3.935238e-01  3.875508e-01  3.824628e-01  3.781472e-01  3.744983e-01  3.714195e-01
2           0            3.151778e-02  3.976365e-02  4.952943e-02  6.092463e-02  7.399328e-02  8.867396e-02  1.047472e-01  1.217683e-01  1.389859e-01  1.555584e-01  1.711397e-01  1.855122e-01  1.985324e-01  2.101670e-01  2.205285e-01  2.297440e-01  2.377501e-01  2.445136e-01  2.500721e-01  2.545388e-01  2.581010e-01  2.609473e-01  2.632107e-01  2.650436e-01  2.666159e-01  2.681025e-01  2.696712e-01  2.714461e-01  2.734976e-01  2.758727e-01  2.785734e-01  2.814899e-01  2.845055e-01  2.876465e-01  2.910229e-01  2.945969e-01  2.982534e-01  3.018991e-01  3.054626e-01  3.088916e-01  3.121584e-01  3.153349e-01  3.185063e-01  3.217080e-01  3.249420e-01  3.281905e-01  3.314193e-01  3.345469e-01  3.375002e-01  3.402389e-01  3.427452e-01  3.450166e-01  3.470600e-01  3.488884e-01  3.505177e-01  3.519653e-01  3.532486e-01  3.543845e-01  3.553890e-01  3.562766e-01
2           1            1.149895e-01  1.458514e-01  1.825844e-01  2.256943e-01  2.754791e-01  3.318905e-01  3.943509e-01  4.615193e-01  5.310042e-01  6.000479e-01  6.674318e-01  7.322405e-01  7.936465e-01  8.509939e-01  9.038889e-01  9.520600e-01  9.951135e-01  1.032882e+00  1.065511e+00  1.093484e+00  1.117611e+00  1.138558e+00  1.156485e+00  1.171605e+00  1.184218e+00  1.194688e+00  1.203429e+00  1.211299e+00  1.219597e+00  1.229424e+00  1.241258e+00  1.253829e+00  1.265718e+00  1.276168e+00  1.284980e+00  1.292739e+00  1.300332e+00  1.308332e+00  1.317050e+00  1.326599e+00  1.336816e+00  1.346100e+00  1.352746e+00  1.355934e+00  1.355456e+00  1.351501e+00  1.344576e+00  1.335952e+00  1.326822e+00  1.317923e+00  1.309679e+00  1.302298e+00  1.295856e+00  1.290341e+00  1.285692e+00  1.281823e+00  1.278639e+00  1.276045e+00  1.273948e+00  1.272268e+00
3           0            2.650211e-02  3.000332e-02  3.394761e-02  3.837695e-02  4.333097e-02  4.884383e-02  5.494019e-02  6.162993e-02  6.890163e-02  7.673608e-02  8.514460e-02  9.414248e-02  1.037432e-01  1.139589e-01  1.248003e-01  1.362605e-01  1.482911e-01  1.608229e-01  1.737686e-01  1.870249e-01  2.004746e-01  2.140100e-01  2.275505e-01  2.410187e-01  2.543400e-01  2.674435e-01  2.802595e-01  2.925879e-01  3.040940e-01  3.144980e-01  3.236875e-01  3.320048e-01  3.398032e-01  3.466658e-01  3.517381e-01  3.550394e-01  3.570625e-01  3.582053e-01  3.587701e-01  3.589799e-01  3.589029e-01  3.576737e-01  3.543545e-01  3.485744e-01  3.403469e-01  3.299212e-01  3.177402e-01  3.047594e-01  2.918568e-01  2.795699e-01  2.681989e-01  2.578846e-01  2.486635e-01  2.405070e-01  2.333486e-01  2.271023e-01  2.216744e-01  2.169712e-01  2.129036e-01  2.093893e-01
3           1            7.950510e-02  8.999134e-02  1.018075e-01  1.150828e-01  1.299409e-01  1.464920e-01  1.648208e-01  1.849723e-01  2.069330e-01  2.306631e-01  2.561899e-01  2.835382e-01  3.127122e-01  3.436930e-01  3.764366e-01  4.108628e-01  4.468409e-01  4.842014e-01  5.227393e-01  5.622170e-01  6.023694e-01  6.429058e-01  6.835150e-01  7.238805e-01  7.636915e-01  8.026525e-01  8.404870e-01  8.767675e-01  9.109133e-01  9.424492e-01  9.711570e-01  9.974604e-01  1.021793e+00  1.042853e+00  1.058409e+00  1.068597e+00  1.074832e+00  1.078267e+00  1.079796e+00  1.080089e+00  1.079373e+00  1.075151e+00  1.064717e+00  1.047015e+00  1.022114e+00  9.907642e-01  9.542805e-01  9.154782e-01  8.769411e-01  8.402512e-01  8.062925e-01  7.754786e-01  7.479161e-01  7.235199e-01  7.020930e-01  6.833808e-01  6.671057e-01  6.529904e-01  6.407706e-01  6.302027e-01
3           2            1.320210e-01  1.495745e-01  1.693709e-01  1.916269e-01  2.165482e-01  2.443143e-01  2.750580e-01  3.088387e-01  3.456098e-01  3.852790e-01  4.278855e-01  4.734710e-01  5.220487e-01  5.736014e-01  6.280793e-01  6.853702e-01  7.452604e-01  8.074690e-01  8.716550e-01  9.374229e-01  1.004331e+00  1.071942e+00  1.139862e+00  1.207697e+00  1.275060e+00  1.341574e+00  1.406852e+00  1.469507e+00  1.527115e+00  1.577647e+00  1.620605e+00  1.660042e+00  1.699950e+00  1.737258e+00  1.764723e+00  1.781811e+00  1.791674e+00  1.796824e+00  1.799124e+00  1.799908e+00  1.799612e+00  1.793738e+00  1.777374e+00  1.748538e+00  1.707238e+00  1.654706e+00  1.593180e+00  1.527537e+00  1.462257e+00  1.400085e+00  1.342555e+00  1.290384e+00  1.243760e+00  1.202537e+00  1.166378e+00  1.134843e+00  1.107457e+00  1.083742e+00  1.063245e+00  1.045549e+00
4           0            2.950402e-03  3.351251e-03  3.805523e-03  4.319030e-03  4.897592e-03  5.546744e-03  6.271342e-03  7.075037e-03  7.959615e-03  8.925961e-03  9.977065e-03  1.111556e-02  1.234298e-02  1.365952e-02  1.506374e-02  1.655303e-02  1.812426e-02  1.977296e-02  2.149310e-02  2.327718e-02  2.511614e-02  2.699578e-02  2.889436e-02  3.078837e-02  3.265414e-02  3.446881e-02  3.621105e-02  3.784808e-02  3.933578e-02  4.063887e-02  4.174212e-02  4.267817e-02  4.348357e-02  4.411427e-02  4.448138e-02  4.459211e-02  4.450654e-02  4.427642e-02  4.394427e-02  4.354435e-02  4.309355e-02  4.250372e-02  4.167783e-02  4.058124e-02  3.922114e-02  3.762999e-02  3.586097e-02  3.402479e-02  3.222237e-02  3.051508e-02  2.893671e-02  2.750246e-02  2.621538e-02  2.507092e-02  2.406013e-02  2.317178e-02  2.239377e-02  2.171404e-02  2.112108e-02  2.060427e-02
4           1            8.760047e-03  9.952138e-03  1.130345e-02  1.283136e-02  1.455329e-02  1.648582e-02  1.864352e-02  2.103736e-02  2.367281e-02  2.655225e-02  2.968327e-02  3.307155e-02  3.671860e-02  4.062078e-02  4.476846e-02  4.915056e-02  5.376140e-02  5.859407e-02  6.363932e-02  6.888547e-02  7.431791e-02  7.989691e-02  8.554266e-02  9.116721e-02  9.668163e-02  1.020004e-01  1.070456e-01  1.117411e-01  1.160154e-01  1.198156e-01  1.231036e-01  1.258371e-01  1.279925e-01  1.295431e-01  1.304696e-01  1.308270e-01  1.307108e-01  1.302112e-01  1.294112e-01  1.283846e-01  1.271671e-01  1.255042e-01  1.231213e-01  1.199243e-01  1.159402e-01  1.112687e-01  1.060689e-01  1.006682e-01  9.536472e-02  9.033988e-02  8.569371e-02  8.147128e-02  7.768179e-02  7.431204e-02  7.133576e-02  6.871995e-02  6.642903e-02  6.442747e-02  6.268145e-02  6.115964e-02
4           2            1.460115e-02  1.659065e-02  1.884613e-02  2.139659e-02  2.427105e-02  2.749705e-02  3.109870e-02  3.509397e-02  3.949142e-02  4.429466e-02  4.951662e-02  5.516753e-02  6.125103e-02  6.776271e-02  7.468878e-02  8.201192e-02  8.972046e-02  9.779928e-02  1.062283e-01  1.149825e-01  1.240311e-01  1.333061e-01  1.426805e-01  1.520155e-01  1.611706e-01  1.700113e-01  1.784143e-01  1.862483e-01  1.933770e-01  1.996975e-01  2.051674e-01  2.098751e-01  2.139204e-01  2.170700e-01  2.189138e-01  2.195027e-01  2.191386e-01  2.180793e-01  2.165347e-01  2.146726e-01  2.125730e-01  2.097902e-01  2.058336e-01  2.005256e-01  1.938986e-01  1.861122e-01  1.774302e-01  1.684040e-01  1.595369e-01  1.511352e-01  1.433676e-01  1.363103e-01  1.299788e-01  1.243510e-01  1.193827e-01  1.150183e-01  1.111980e-01  1.078621e-01  1.049537e-01  1.024202e-01
4           3            7.470318e-02  7.889994e-02  8.362697e-02  8.891632e-02  9.478538e-02  1.012285e-01  1.082063e-01  1.156314e-01  1.233528e-01  1.312099e-01  1.391761e-01  1.472770e-01  1.555819e-01  1.642178e-01  1.733813e-01  1.832583e-01  1.939024e-01  2.053473e-01  2.176220e-01  2.307483e-01  2.447383e-01  2.596036e-01  2.753607e-01  2.920108e-01  3.095335e-01  3.278840e-01  3.469934e-01  3.668444e-01  3.874764e-01  4.088809e-01  4.309079e-01  4.530031e-01  4.746719e-01  4.970539e-01  5.221448e-01  5.493541e-01  5.768035e-01  6.031365e-01  6.274682e-01  6.492880e-01  6.686728e-01  6.888676e-01  7.133713e-01  7.437766e-01  7.803690e-01  8.226177e-01  8.693188e-01  9.175636e-01  9.646653e-01  1.009016e+00  1.049756e+00  1.086526e+00  1.119290e+00  1.148208e+00  1.173555e+00  1.195659e+00  1.214864e+00  1.231509e+00  1.245914e+00  1.258369e+00

