# CIE bound-bound cooling efficiency for N (Z=7)
# Source: CHIANTI v11.0.2 via ChiantiPy ion.boundBoundLoss
# Units: erg cm^3 / s, per ion per electron, low-density limit (n_e = 1 cm^-3)
# T grid: 101 log-spaced points, 10^4.00 K -> 10^9.00 K
# Generated by pyathena/photchem/data/build_cool_tables.py
#
# log_T_K        L_N0           L_N1           L_N2           L_N3           L_N4           L_N5           L_N6           L_N7         
         4.0000   3.225796e-21   9.258289e-21   2.084498e-21   1.072964e-22   4.083759e-23  3.710003e-230  1.261192e-270   0.000000e+00
         4.0500   4.540261e-21   1.112819e-20   2.141234e-21   2.726958e-22   1.363168e-22  3.758744e-207  3.140960e-243   0.000000e+00
         4.1000   6.172945e-21   1.315912e-20   2.304245e-21   6.277092e-22   3.967534e-22  1.200548e-186  8.154802e-219   0.000000e+00
         4.1500   8.146242e-21   1.535705e-20   2.653791e-21   1.325658e-21   1.022022e-21  2.259451e-168  4.657181e-197   0.000000e+00
         4.2000   1.048280e-20   1.775237e-20   3.311001e-21   2.586416e-21   2.361301e-21  4.372652e-152  1.138194e-177   0.000000e+00
         4.2500   1.320958e-20   2.041512e-20   4.455897e-21   4.670901e-21   4.951647e-21  1.428191e-137  2.154210e-160   0.000000e+00
         4.3000   1.637427e-20   2.347782e-20   6.353015e-21   7.876992e-21   9.524713e-21  1.223542e-124  5.357001e-145   0.000000e+00
         4.3500   2.008685e-20   2.715565e-20   9.376222e-21   1.255314e-20   1.696512e-20  4.079460e-113  2.803726e-131   0.000000e+00
         4.4000   2.457215e-20   3.176020e-20   1.403601e-20   1.912831e-20   2.821757e-20  7.530716e-103  4.699989e-119   0.000000e+00
         4.4500   3.013615e-20   3.770748e-20   2.099529e-20   2.817977e-20   4.415701e-20   1.054186e-93  3.668956e-108   0.000000e+00
         4.5000   3.713594e-20   4.552002e-20   3.106040e-20   4.052435e-20   6.544920e-20   1.482046e-85   1.861808e-98   0.000000e+00
         4.5500   4.590984e-20   5.581736e-20   4.514223e-20   5.726131e-20   9.243303e-20   2.690785e-78   8.267685e-90   0.000000e+00
         4.6000   5.677745e-20   6.929218e-20   6.418970e-20   7.954186e-20   1.250495e-19   7.902499e-72   4.187558e-82   0.000000e+00
         4.6500   7.006739e-20   8.666552e-20   8.910863e-20   1.083729e-19   1.628295e-19   4.579815e-66   3.063540e-75   0.000000e+00
         4.7000   8.606394e-20   1.086214e-19   1.206858e-19   1.443978e-19   2.049391e-19   6.246742e-61   3.995564e-69   0.000000e+00
         4.7500   1.049512e-19   1.357343e-19   1.595366e-19   1.877576e-19   2.502684e-19   2.346411e-56   1.120704e-63   0.000000e+00
         4.8000   1.267707e-19   1.683708e-19   2.060674e-19   2.383355e-19   2.975475e-19   2.792297e-52   7.990420e-59   0.000000e+00
         4.8500   1.514003e-19   2.066509e-19   2.604653e-19   2.957158e-19   3.454697e-19   1.193067e-48   1.680837e-54   0.000000e+00
         4.9000   1.785568e-19   2.504491e-19   3.227041e-19   3.592058e-19   3.928095e-19   2.046570e-45   1.191332e-50   0.000000e+00
         4.9500   2.078190e-19   2.993993e-19   3.925520e-19   4.278930e-19   4.385204e-19   1.556427e-42   3.202524e-47   0.000000e+00
         5.0000   2.386651e-19   3.529185e-19   4.695732e-19   5.005618e-19   4.818089e-19   5.732133e-40   3.628399e-44   0.000000e+00
         5.0500   2.705167e-19   4.102424e-19   5.531252e-19   5.759210e-19   5.221746e-19   1.106130e-37   1.903398e-41   0.000000e+00
         5.1000   3.027813e-19   4.704683e-19   6.423592e-19   6.527690e-19   5.594140e-19   1.199884e-35   5.027213e-39   0.000000e+00
         5.1500   3.348907e-19   5.326027e-19   7.362201e-19   7.301020e-19   5.935879e-19   7.790719e-34   7.203553e-37   0.000000e+00
         5.2000   3.663284e-19   5.956100e-19   8.334585e-19   8.072355e-19   6.249659e-19   3.202221e-32   5.985634e-35   0.000000e+00
         5.2500   3.966490e-19   6.584617e-19   9.326602e-19   8.836715e-19   6.539450e-19   8.759165e-31   3.060629e-33   0.000000e+00
         5.3000   4.254864e-19   7.201803e-19   1.032299e-18   9.589967e-19   6.809550e-19   1.667022e-29   1.015448e-31   0.000000e+00
         5.3500   4.525561e-19   7.798774e-19   1.130838e-18   1.032765e-18   7.063718e-19   2.296532e-28   2.291823e-30   0.000000e+00
         5.4000   4.776500e-19   8.367817e-19   1.226802e-18   1.104337e-18   7.304759e-19   2.372282e-27   3.670289e-29   0.000000e+00
         5.4500   5.006286e-19   8.902565e-19   1.318831e-18   1.173037e-18   7.534481e-19   1.896132e-26   4.330683e-28   0.000000e+00
         5.5000   5.214109e-19   9.398071e-19   1.405727e-18   1.238201e-18   7.753713e-19   1.205973e-25   3.893294e-27   0.000000e+00
         5.5500   5.399641e-19   9.850786e-19   1.486480e-18   1.299248e-18   7.962327e-19   6.257576e-25   2.747616e-26   0.000000e+00
         5.6000   5.562928e-19   1.025846e-18   1.560294e-18   1.355885e-18   8.159094e-19   2.708550e-24   1.563191e-25   0.000000e+00
         5.6500   5.704311e-19   1.062000e-18   1.626582e-18   1.407920e-18   8.341443e-19   9.976542e-24   7.340686e-25   0.000000e+00
         5.7000   5.824341e-19   1.093529e-18   1.684958e-18   1.455173e-18   8.506403e-19   3.183155e-23   2.905549e-24   0.000000e+00
         5.7500   5.923728e-19   1.120498e-18   1.735204e-18   1.497381e-18   8.653207e-19   8.938704e-23   9.875520e-24   0.000000e+00
         5.8000   6.003285e-19   1.143036e-18   1.777312e-18   1.533970e-18   8.783087e-19   2.240870e-22   2.930211e-23   0.000000e+00
         5.8500   6.063902e-19   1.161314e-18   1.811438e-18   1.564406e-18   8.896755e-19   5.079173e-22   7.702229e-23   0.000000e+00
         5.9000   6.106516e-19   1.175534e-18   1.837862e-18   1.588349e-18   8.993731e-19   1.052569e-21   1.817144e-22   0.000000e+00
         5.9500   6.132092e-19   1.185917e-18   1.856944e-18   1.606013e-18   9.073094e-19   2.013830e-21   3.893048e-22   0.000000e+00
         6.0000   6.141616e-19   1.192696e-18   1.869106e-18   1.618892e-18   9.134605e-19   3.588274e-21   7.653536e-22   0.000000e+00
         6.0500   6.136080e-19   1.196104e-18   1.874820e-18   1.628244e-18   9.178654e-19   6.001332e-21   1.393765e-21   0.000000e+00
         6.1000   6.116480e-19   1.196376e-18   1.874572e-18   1.634770e-18   9.206108e-19   9.488291e-21   2.371087e-21   0.000000e+00
         6.1500   6.083807e-19   1.193740e-18   1.868847e-18   1.638055e-18   9.217971e-19   1.427175e-20   3.797066e-21   0.000000e+00
         6.2000   6.039045e-19   1.188421e-18   1.858116e-18   1.635462e-18   9.214974e-19   2.053979e-20   5.763344e-21   0.000000e+00
         6.2500   5.983163e-19   1.180635e-18   1.842842e-18   1.625359e-18   9.198022e-19   2.842870e-20   8.342725e-21   0.000000e+00
         6.3000   5.917116e-19   1.170588e-18   1.823502e-18   1.607470e-18   9.168991e-19   3.801202e-20   1.158112e-20   0.000000e+00
         6.3500   5.841835e-19   1.158482e-18   1.800683e-18   1.583741e-18   9.127489e-19   4.929556e-20   1.549334e-20   0.000000e+00
         6.4000   5.758228e-19   1.144508e-18   1.774902e-18   1.560203e-18   9.073534e-19   6.222183e-20   2.006167e-20   0.000000e+00
         6.4500   5.667172e-19   1.128850e-18   1.746575e-18   1.540473e-18   9.007026e-19   7.667906e-20   2.523193e-20   0.000000e+00
         6.5000   5.569512e-19   1.111683e-18   1.716048e-18   1.525470e-18   8.930636e-19   9.251146e-20   3.091832e-20   0.000000e+00
         6.5500   5.466058e-19   1.093174e-18   1.683619e-18   1.513578e-18   8.842462e-19   1.095310e-19   3.701210e-20   0.000000e+00
         6.6000   5.357582e-19   1.073484e-18   1.649555e-18   1.498705e-18   8.742516e-19   1.275251e-19   4.339016e-20   0.000000e+00
         6.6500   5.244814e-19   1.052764e-18   1.614100e-18   1.476929e-18   8.631187e-19   1.462485e-19   4.992380e-20   0.000000e+00
         6.7000   5.128445e-19   1.031157e-18   1.577490e-18   1.447252e-18   8.508997e-19   1.654407e-19   5.648668e-20   0.000000e+00
         6.7500   5.009123e-19   1.008798e-18   1.539988e-18   1.410286e-18   8.378672e-19   1.848440e-19   6.296142e-20   0.000000e+00
         6.8000   4.887453e-19   9.858155e-19   1.501829e-18   1.367410e-18   8.241049e-19   2.042119e-19   6.924449e-20   0.000000e+00
         6.8500   4.763996e-19   9.623277e-19   1.463209e-18   1.320254e-18   8.094956e-19   2.233163e-19   7.524912e-20   0.000000e+00
         6.9000   4.639273e-19   9.384460e-19   1.424297e-18   1.270400e-18   7.941173e-19   2.419488e-19   8.090650e-20   0.000000e+00
         6.9500   4.513764e-19   9.142737e-19   1.385240e-18   1.219237e-18   7.780530e-19   2.599070e-19   8.616550e-20   0.000000e+00
         7.0000   4.387905e-19   8.899063e-19   1.346175e-18   1.167900e-18   7.613874e-19   2.770103e-19   9.099132e-20   0.000000e+00
         7.0500   4.262098e-19   8.654318e-19   1.307237e-18   1.117262e-18   7.442031e-19   2.931053e-19   9.536351e-20   0.000000e+00
         7.1000   4.136705e-19   8.409306e-19   1.268535e-18   1.067957e-18   7.265860e-19   3.080662e-19   9.927358e-20   0.000000e+00
         7.1500   4.012053e-19   8.164761e-19   1.230154e-18   1.020415e-18   7.088511e-19   3.217958e-19   1.027226e-19   0.000000e+00
         7.2000   3.888437e-19   7.921350e-19   1.192165e-18   9.748999e-19   6.909654e-19   3.342222e-19   1.057189e-19   0.000000e+00
         7.2500   3.766119e-19   7.679674e-19   1.154626e-18   9.315487e-19   6.729004e-19   3.452949e-19   1.082760e-19   0.000000e+00
         7.3000   3.645330e-19   7.440270e-19   1.117593e-18   8.904010e-19   6.547279e-19   3.549787e-19   1.104112e-19   0.000000e+00
         7.3500   3.526276e-19   7.203620e-19   1.081115e-18   8.514285e-19   6.365128e-19   3.632344e-19   1.121440e-19   0.000000e+00
         7.4000   3.409136e-19   6.970149e-19   1.045234e-18   8.145564e-19   6.183112e-19   3.700434e-19   1.134952e-19   0.000000e+00
         7.4500   3.294064e-19   6.740230e-19   1.009992e-18   7.796807e-19   6.001717e-19   3.754135e-19   1.144861e-19   0.000000e+00
         7.5000   3.181193e-19   6.514189e-19   9.754240e-19   7.466811e-19   5.821382e-19   3.793751e-19   1.151381e-19   0.000000e+00
         7.5500   3.070635e-19   6.292308e-19   9.415614e-19   7.154304e-19   5.642494e-19   3.819765e-19   1.154725e-19   0.000000e+00
         7.6000   2.962484e-19   6.074825e-19   9.084312e-19   6.858012e-19   5.465394e-19   3.832818e-19   1.155102e-19   0.000000e+00
         7.6500   2.856815e-19   5.861941e-19   8.760564e-19   6.576706e-19   5.290397e-19   3.833813e-19   1.152716e-19   0.000000e+00
         7.7000   2.753690e-19   5.653825e-19   8.444555e-19   6.309225e-19   5.117788e-19   3.823727e-19   1.147766e-19   0.000000e+00
         7.7500   2.653154e-19   5.450608e-19   8.136435e-19   6.054496e-19   4.947818e-19   3.803512e-19   1.140445e-19   0.000000e+00
         7.8000   2.555242e-19   5.252397e-19   7.836313e-19   5.811540e-19   4.780714e-19   3.774092e-19   1.130943e-19   0.000000e+00
         7.8500   2.459974e-19   5.059269e-19   7.544264e-19   5.579474e-19   4.616894e-19   3.736366e-19   1.119443e-19   0.000000e+00
         7.9000   2.367361e-19   4.871279e-19   7.260332e-19   5.357505e-19   4.457027e-19   3.691211e-19   1.106123e-19   0.000000e+00
         7.9500   2.277405e-19   4.688459e-19   6.984529e-19   5.144928e-19   4.300566e-19   3.639458e-19   1.091156e-19   0.000000e+00
         8.0000   2.190100e-19   4.510820e-19   6.716842e-19   4.941115e-19   4.147631e-19   3.581893e-19   1.074709e-19   0.000000e+00
         8.0500   2.105431e-19   4.338359e-19   6.457232e-19   4.745511e-19   3.998316e-19   3.519244e-19   1.056941e-19   0.000000e+00
         8.1000   2.023376e-19   4.171054e-19   6.205640e-19   4.557624e-19   3.852692e-19   3.452176e-19   1.038008e-19   0.000000e+00
         8.1500   1.943909e-19   4.008871e-19   5.961986e-19   4.377017e-19   3.710805e-19   3.381315e-19   1.018057e-19   0.000000e+00
         8.2000   1.866997e-19   3.851761e-19   5.726175e-19   4.203303e-19   3.572683e-19   3.307243e-19   9.972282e-20   0.000000e+00
         8.2500   1.792604e-19   3.699667e-19   5.498095e-19   4.036137e-19   3.438340e-19   3.230501e-19   9.756540e-20   0.000000e+00
         8.3000   1.720688e-19   3.552522e-19   5.277622e-19   3.875210e-19   3.307778e-19   3.151591e-19   9.534599e-20   0.000000e+00
         8.3500   1.651207e-19   3.410249e-19   5.064623e-19   3.720244e-19   3.180989e-19   3.070966e-19   9.307635e-20   0.000000e+00
         8.4000   1.584112e-19   3.272765e-19   4.858952e-19   3.570989e-19   3.057952e-19   2.989046e-19   9.076744e-20   0.000000e+00
         8.4500   1.519355e-19   3.139981e-19   4.660458e-19   3.427213e-19   2.938645e-19   2.906216e-19   8.842946e-20   0.000000e+00
         8.5000   1.456884e-19   3.011802e-19   4.468983e-19   3.288703e-19   2.823037e-19   2.822834e-19   8.607184e-20   0.000000e+00
         8.5500   1.396647e-19   2.888131e-19   4.284363e-19   3.155266e-19   2.711090e-19   2.739228e-19   8.370326e-20   0.000000e+00
         8.6000   1.338589e-19   2.768864e-19   4.106431e-19   3.026720e-19   2.602761e-19   2.655698e-19   8.133164e-20   0.000000e+00
         8.6500   1.282655e-19   2.653898e-19   3.935016e-19   2.902896e-19   2.498002e-19   2.572514e-19   7.896423e-20   0.000000e+00
         8.7000   1.228789e-19   2.543124e-19   3.769947e-19   2.783635e-19   2.396756e-19   2.489920e-19   7.660757e-20   0.000000e+00
         8.7500   1.176936e-19   2.436434e-19   3.611049e-19   2.668785e-19   2.298966e-19   2.408133e-19   7.426757e-20   0.000000e+00
         8.8000   1.127037e-19   2.333718e-19   3.458148e-19   2.558200e-19   2.204565e-19   2.327346e-19   7.194952e-20   0.000000e+00
         8.8500   1.079039e-19   2.234867e-19   3.311070e-19   2.451744e-19   2.113487e-19   2.247731e-19   6.965811e-20   0.000000e+00
         8.9000   1.032883e-19   2.139770e-19   3.169641e-19   2.349283e-19   2.025660e-19   2.169437e-19   6.739752e-20   0.000000e+00
         8.9500   9.885138e-20   2.048316e-19   3.033689e-19   2.250688e-19   1.941010e-19   2.092593e-19   6.517139e-20   0.000000e+00
         9.0000   9.458765e-20   1.960396e-19   2.903043e-19   2.155836e-19   1.859460e-19   2.017309e-19   6.298291e-20   0.000000e+00
