# CIE bound-bound cooling efficiency for Fe (Z=26)
# Source: CHIANTI v11.0.2 via ChiantiPy ion.boundBoundLoss
# Units: erg cm^3 / s, per ion per electron, low-density limit (n_e = 1 cm^-3)
# T grid: 101 log-spaced points, 10^4.00 K -> 10^9.00 K
# Generated by pyathena/photchem/data/build_cool_tables.py
#
# log_T_K        L_Fe0          L_Fe1          L_Fe2          L_Fe3          L_Fe4          L_Fe5          L_Fe6          L_Fe7          L_Fe8          L_Fe9          L_Fe10         L_Fe11         L_Fe12         L_Fe13         L_Fe14         L_Fe15         L_Fe16         L_Fe17         L_Fe18         L_Fe19         L_Fe20         L_Fe21         L_Fe22         L_Fe23         L_Fe24         L_Fe25         L_Fe26       
         4.0000   0.000000e+00   9.988650e-20   2.139693e-20   4.231241e-21   1.494498e-20   2.738931e-20   3.192737e-20   1.599461e-20   1.016827e-43   4.172380e-20   2.358484e-20   6.782401e-22   2.941171e-20   5.625605e-20   2.220628e-33   1.784215e-35   0.000000e+00   2.620308e-26   2.970531e-25   1.843194e-28   1.977598e-24   3.364284e-27   2.912850e-43   1.701134e-43   0.000000e+00   0.000000e+00   0.000000e+00
         4.0500   0.000000e+00   1.164566e-19   2.699756e-20   6.809387e-21   1.750271e-20   3.138163e-20   3.594844e-20   1.552108e-20   6.058966e-41   5.028090e-20   2.776904e-20   1.273030e-21   3.570373e-20   6.669278e-20   8.903023e-32   1.327120e-33   0.000000e+00   1.230331e-25   9.739324e-25   1.524830e-27   5.941326e-24   2.027037e-26   9.864109e-41   7.400877e-41   0.000000e+00   0.000000e+00   0.000000e+00
         4.1000   0.000000e+00   1.396691e-19   3.376749e-20   1.035537e-20   2.072119e-20   3.606357e-20   4.048593e-20   1.501164e-20   1.801826e-38   5.899512e-20   3.216876e-20   2.226260e-21   4.299124e-20   7.617644e-20   2.380909e-30   6.191892e-32  3.934766e-308   4.851135e-25   2.814004e-24   9.978856e-27   1.576948e-23   9.990258e-26   1.730880e-38   1.652556e-38   0.000000e+00   0.000000e+00   0.000000e+00
         4.1500   0.000000e+00   1.713936e-19   4.180029e-20   1.496252e-20   2.457125e-20   4.132996e-20   4.540525e-20   1.447569e-20   2.881972e-36   6.759054e-20   3.677384e-20   3.656569e-21   5.136020e-20   8.416931e-20   4.436573e-29   1.906267e-30  1.432562e-276   1.637023e-24   7.254779e-24   5.302358e-26   3.751329e-23   4.116743e-25   1.692529e-36   2.036379e-36   0.000000e+00   0.000000e+00   0.000000e+00
         4.2000   0.000000e+00   2.132780e-19   5.122889e-20   2.064656e-20   2.899205e-20   4.703023e-20   5.052893e-20   1.392171e-20   2.650410e-34   7.581179e-20   4.158541e-20   5.681047e-21   6.083174e-20   9.034251e-20   5.989079e-28   4.049953e-29  1.923142e-248   4.808363e-24   1.687895e-23   2.341414e-25   8.102121e-23   1.446359e-24   9.858073e-35   1.477299e-34   0.000000e+00   0.000000e+00   0.000000e+00
         4.2500   0.000000e+00   2.665386e-19   6.225480e-20   2.733635e-20   3.390072e-20   5.297974e-20   5.565119e-20   1.335744e-20   1.487429e-32   8.343865e-20   4.661063e-20   8.401981e-21   7.132332e-20   9.462317e-20   6.064603e-27   6.178103e-28  2.247836e-223   1.247993e-23   3.581271e-23   8.771657e-25   1.607176e-22   4.408652e-24   3.632720e-33   6.683716e-33   0.000000e+00   0.000000e+00   0.000000e+00
         4.3000   0.000000e+00   3.318068e-19   7.516983e-20   3.487893e-20   3.920068e-20   5.897457e-20   6.055885e-20   1.278999e-20   5.371874e-31   9.029450e-20   5.185607e-20   1.189477e-20   8.261966e-20   9.719928e-20   4.753013e-26   7.009578e-27  4.918851e-201   2.900871e-23   6.997854e-23   2.839456e-24   2.957979e-22   1.184088e-23   8.938123e-32   1.985344e-31   0.000000e+00   0.000000e+00   0.000000e+00
         4.3500   0.000000e+00   4.090650e-19   9.034345e-20   4.305469e-20   4.479027e-20   6.480844e-20   6.505862e-20   1.222608e-20   1.309099e-29   9.624885e-20   5.732072e-20   1.619943e-20   9.436299e-20   9.848203e-20   2.966048e-25   6.103266e-26  3.987128e-181   6.111374e-23   1.271055e-22   8.071844e-24   5.096107e-22   2.841313e-23   1.539835e-30   4.053769e-30   0.000000e+00   0.000000e+00   0.000000e+00
         4.4000   0.000000e+00   4.976602e-19   1.082092e-19   5.159778e-20   5.057008e-20   7.029138e-20   6.901020e-20   1.167222e-20   2.245856e-28   1.012149e-19   6.298973e-20   2.131797e-20   1.060689e-19   9.903070e-20   1.512526e-24   4.193656e-25  2.199427e-163   1.179425e-22   2.164995e-22   2.044105e-23   8.281304e-22   6.166905e-23   1.936460e-29   5.928187e-29   0.000000e+00   0.000000e+00   0.000000e+00
         4.4500   0.000000e+00   5.963724e-19   1.292404e-19   6.022342e-20   5.644322e-20   7.526941e-20   7.234325e-20   1.113498e-20   2.817470e-27   1.051436e-19   6.882509e-20   2.721934e-20   1.172025e-19   9.944936e-20   6.455878e-24   2.331392e-24  1.419967e-147   2.104964e-22   3.486788e-22   4.669888e-23   1.277583e-21   1.224056e-22   1.843691e-28   6.441948e-28   0.000000e+00   0.000000e+00   0.000000e+00
         4.5000   0.000000e+00   7.035293e-19   1.539080e-19   6.864983e-20   6.231804e-20   7.964590e-20   7.500446e-20   1.062127e-20   2.674794e-26   1.080145e-19   7.474569e-20   3.384934e-20   1.273616e-19   1.002677e-19   2.358223e-23   1.072309e-23  1.739669e-133   3.503747e-22   5.350013e-22   9.732575e-23   1.881458e-21   2.243751e-22   1.372141e-27   5.376842e-27   0.000000e+00   0.000000e+00   0.000000e+00
         4.5500   0.000000e+00   8.171540e-19   1.826256e-19   7.661795e-20   6.811015e-20   8.340581e-20   7.696913e-20   1.013799e-20   1.982526e-25   1.098273e-19   8.063955e-20   4.114292e-20   1.362872e-19   1.018205e-19   7.524228e-23   4.162793e-23  6.222787e-121   5.480302e-22   7.873259e-22   1.868815e-22   2.657331e-21   3.831573e-22   8.209913e-27   3.551535e-26   0.000000e+00   0.000000e+00   0.000000e+00
         4.6000   0.000000e+00   9.350970e-19   2.156903e-19   8.390731e-20   7.374052e-20   8.664479e-20   7.824678e-20   9.689026e-21   1.180613e-24   1.105936e-19   8.637536e-20   4.903827e-20   1.438831e-19   1.041412e-19   2.135740e-22   1.388624e-22  9.541753e-110   8.109081e-22   1.117612e-21   3.335446e-22   3.614023e-21   6.143080e-22   4.048052e-26   1.907104e-25   0.000000e+00   0.000000e+00   0.000000e+00
         4.6500   0.000000e+00   1.055146e-18   2.532259e-19   9.033958e-20   7.913031e-20   8.957633e-20   7.887768e-20   9.279714e-21   5.799974e-24   1.103334e-19   9.181400e-20   5.748960e-20   1.502403e-19   1.068862e-19   5.479079e-22   4.044718e-22  8.832407e-100   1.141896e-21   1.537288e-21   5.577261e-22   4.749686e-21   9.311427e-22   1.681166e-25   8.529314e-25   0.000000e+00   0.000000e+00   0.000000e+00
         4.7000   0.000000e+00   1.175152e-18   2.951412e-19   9.578356e-20   8.418999e-20   9.243321e-20   7.893401e-20   8.926410e-21   2.404499e-23   1.090802e-19   9.682428e-20   6.647547e-20   1.556351e-19   1.093067e-19   1.286926e-21   1.043617e-21   6.696942e-91   1.538426e-21   2.056258e-21   8.799281e-22   6.051217e-21   1.342657e-21   5.996688e-25   3.246545e-24   0.000000e+00   0.000000e+00   0.000000e+00
         4.7500   0.000000e+00   1.293125e-18   3.411195e-19   1.001576e-19   8.881564e-20   9.551281e-20   7.853741e-20   8.676554e-21   8.580227e-23   1.069259e-19   1.013354e-19   7.601470e-20   1.604790e-19   1.107454e-19   2.795380e-21   2.416243e-21   5.459775e-83   1.992396e-21   2.681595e-21   1.318250e-21   7.495206e-21   1.852090e-21   1.870359e-24   1.071975e-23   0.000000e+00   0.000000e+00   0.000000e+00
         4.8000   0.000000e+00   1.407292e-18   3.906295e-19   1.034283e-19   9.289439e-20   9.920384e-20   7.790959e-20   8.648227e-21   2.682008e-22   1.041605e-19   1.055073e-19   8.625764e-20   1.652598e-19   1.116941e-19   5.657567e-21   5.078134e-21   6.099829e-76   2.490868e-21   3.416129e-21   1.886032e-21   9.050286e-21   2.456506e-21   5.189433e-24   3.121932e-23   0.000000e+00   0.000000e+00   0.000000e+00
         4.8500   0.000000e+00   1.516143e-18   4.429522e-19   1.056113e-19   9.631619e-20   1.040194e-19   7.741761e-20   9.095198e-21   7.456088e-22   1.013006e-19   1.097762e-19   9.754908e-20   1.706807e-19   1.131678e-19   1.072952e-20   9.788823e-21   1.159436e-69   3.017357e-21   4.257261e-21   2.590059e-21   1.068057e-20   3.147556e-21   1.303404e-23   8.134699e-23   0.000000e+00   0.000000e+00   0.000000e+00
         4.9000   0.000000e+00   1.618448e-18   4.972270e-19   1.067616e-19   9.897977e-20   1.105787e-19   7.764114e-20   1.049957e-20   1.867409e-21   9.915949e-20   1.149224e-19   1.104852e-19   1.777113e-19   1.165718e-19   1.915483e-20   1.746853e-20   4.547341e-64   3.553438e-21   5.196275e-21   3.429638e-21   1.234972e-20   3.913422e-21   3.018279e-23   1.919628e-22   0.000000e+00   0.000000e+00   0.000000e+00
         4.9500   0.000000e+00   1.713249e-18   5.525085e-19   1.069612e-19   1.008001e-19   1.194758e-19   7.944973e-20   1.367200e-20   4.259243e-21   9.894003e-20   1.221547e-19   1.259713e-19   1.875868e-19   1.236773e-19   3.232239e-20   2.910111e-20   4.371340e-59   4.080397e-21   6.218336e-21   4.396890e-21   1.402543e-20   4.741880e-21   6.565653e-23   4.145025e-22   0.000000e+00   0.000000e+00   0.000000e+00
         5.0000   0.000000e+00   1.799853e-18   6.078227e-19   1.063114e-19   1.017207e-19   1.311861e-19   8.406540e-20   1.984341e-20   8.935331e-21   1.023028e-19   1.331712e-19   1.452602e-19   2.017750e-19   1.364222e-19   5.176156e-20   4.559899e-20   1.200994e-54   4.580715e-21   7.303240e-21   5.478745e-21   1.568426e-20   5.624609e-21   1.364536e-22   8.262065e-22   0.000000e+00   0.000000e+00   0.000000e+00
         5.0500   0.000000e+00   1.877808e-18   6.622045e-19   1.049173e-19   1.017221e-19   1.459544e-19   9.308205e-20   3.072184e-20   1.739420e-20   1.113179e-19   1.501200e-19   1.699446e-19   2.219098e-19   1.564768e-19   7.899558e-20   6.766111e-20   1.081657e-50   5.039327e-21   8.427007e-21   6.661377e-21   1.731729e-20   6.563163e-21   2.742054e-22   1.531784e-21   0.000000e+00   0.000000e+00   0.000000e+00
         5.1000   0.000000e+00   1.946866e-18   7.147614e-19   1.028621e-19   1.008240e-19   1.637270e-19   1.084113e-19   4.848714e-20   3.165814e-20   1.282228e-19   1.752880e-19   2.018333e-19   2.496971e-19   1.853387e-19   1.153725e-19   9.565900e-20   3.609230e-47   5.444725e-21   9.564534e-21   7.937648e-21   1.893684e-20   7.577079e-21   5.353331e-22   2.659192e-21  7.622231e-285  1.386055e-297   0.000000e+00
         5.1500   0.000000e+00   2.006960e-18   7.647213e-19   1.002260e-19   9.908109e-20   1.841136e-19   1.321587e-19   7.570430e-20   5.422352e-20   1.553846e-19   2.109998e-19   2.427996e-19   2.867357e-19   2.242242e-19   1.618206e-19   1.295756e-19   4.976888e-44   5.790218e-21   1.069362e-20   9.317241e-21   2.058405e-20   8.713893e-21   1.013546e-21   4.348438e-21  5.688617e-256  2.522120e-267   0.000000e+00
         5.2000   0.000000e+00   2.058170e-18   8.114591e-19   9.709766e-20   9.657877e-20   2.064186e-19   1.664254e-19   1.151288e-19   8.790533e-20   1.951314e-19   2.594139e-19   2.945795e-19   3.343289e-19   2.739058e-19   2.186846e-19   1.689882e-19   3.126258e-41   6.075731e-21   1.180039e-20   1.083760e-20   2.233524e-20   1.005934e-20   1.850991e-21   6.734361e-21  3.079407e-230  2.350812e-240   0.000000e+00
         5.2500   0.000000e+00   2.100692e-18   8.545072e-19   9.357205e-20   9.342758e-20   2.297301e-19   2.130649e-19   1.694419e-19   1.355873e-19   2.495148e-19   3.222424e-19   3.585344e-19   3.933123e-19   3.346747e-19   2.856279e-19   2.131085e-19   9.751256e-39   6.310411e-21   1.288534e-20   1.257220e-20   2.430360e-20   1.174431e-20   3.242407e-21   9.926362e-21  2.656868e-207  2.556353e-216   0.000000e+00
         5.3000   0.000000e+00   2.134815e-18   8.935048e-19   8.974598e-20   8.975274e-20   2.530387e-19   2.734376e-19   2.409544e-19   1.999103e-19   3.200920e-19   4.004916e-19   4.354243e-19   4.639224e-19   4.062686e-19   3.615940e-19   2.608622e-19   1.630104e-36   6.515820e-21   1.397137e-20   1.463213e-20   2.663130e-20   1.394415e-20   5.426759e-21   1.398933e-20  7.367238e-187  6.754284e-195   0.000000e+00
         5.3500   0.000000e+00   2.160894e-18   9.280079e-19   8.571299e-20   8.568528e-20   2.753702e-19   3.482114e-19   3.313147e-19   2.829671e-19   4.077624e-19   4.943077e-19   5.252415e-19   5.457461e-19   4.877742e-19   4.448347e-19   3.109815e-19   1.562784e-34   6.728805e-21   1.512464e-20   1.715821e-20   2.946756e-20   1.686723e-20   8.663615e-21   1.892992e-20  1.226217e-168  8.338161e-176   0.000000e+00
         5.4000   0.000000e+00   2.179339e-18   9.577243e-19   8.155934e-20   8.135223e-20   2.959188e-19   4.372439e-19   4.412680e-19   3.860582e-19   5.126152e-19   6.030728e-19   6.272059e-19   6.377953e-19   5.776919e-19   5.330645e-19   3.620927e-19   9.124209e-33   7.002603e-21   1.644890e-20   2.030361e-20   3.295107e-20   2.073226e-20   1.319595e-20   2.469104e-20  2.136852e-152  8.614336e-159   0.000000e+00
         5.4500   0.000000e+00   2.190589e-18   9.825808e-19   7.736092e-20   7.686966e-20   3.140696e-19   5.395588e-19   5.705034e-19   5.095449e-19   6.338535e-19   7.254417e-19   7.398510e-19   7.385623e-19   6.740406e-19   6.239037e-19   4.128017e-19   3.421468e-31   7.404774e-21   1.807177e-20   2.420988e-20   3.722488e-20   2.573802e-20   1.920567e-20   3.115545e-20  6.399049e-138  1.252202e-143   0.000000e+00
         5.5000   0.000000e+00   2.195108e-18   1.002677e-18   7.318182e-20   7.233862e-20   3.294107e-19   6.533986e-19   7.176074e-19   6.528076e-19   7.698466e-19   8.594534e-19   8.611674e-19   8.461525e-19   7.745494e-19   7.150528e-19   4.618609e-19   8.637818e-30   8.011320e-21   2.012921e-20   2.898186e-20   4.239911e-20   3.203173e-20   2.678115e-20   3.815736e-20  5.120102e-125  4.069788e-130   0.000000e+00
         5.5500   0.000000e+00   2.193371e-18   1.018239e-18   6.907457e-20   6.784323e-20   3.417291e-19   7.763836e-19   8.801405e-19   8.142980e-19   9.182553e-19   1.002662e-18   9.887788e-19   9.584180e-19   8.768870e-19   8.044316e-19   5.082445e-19   1.531819e-28   8.897565e-21   2.274703e-20   3.466708e-20   4.853178e-20   3.968349e-20   3.590056e-20   4.549788e-20  1.621983e-113  4.469118e-118   0.000000e+00
         5.6000   0.000000e+00   2.185853e-18   1.029571e-18   6.508046e-20   6.345046e-20   3.509851e-19   9.057253e-19   1.054871e-18   9.916567e-19   1.076202e-18   1.152167e-18   1.120087e-18   1.072955e-18   9.788667e-19   8.903089e-19   5.511768e-19   1.982487e-27   1.012752e-20   2.602079e-20   4.124396e-20   5.562910e-20   4.867254e-20   4.642564e-20   5.296343e-20  2.887761e-103  2.395898e-107   0.000000e+00
         5.6500   0.000000e+00   2.173030e-18   1.037024e-18   6.123043e-20   5.921115e-20   3.572897e-19   1.038454e-18   1.238013e-18   1.181871e-18   1.240458e-18   1.304864e-18   1.252472e-18   1.187319e-18   1.078627e-18   9.713537e-19   5.901614e-19   1.937398e-26   1.174403e-20   2.998472e-20   4.862099e-20   6.366423e-20   5.888661e-20   5.811776e-20   6.034392e-20   3.948543e-94   8.705678e-98   0.000000e+00
         5.7000   0.000000e+00   2.155368e-18   1.040945e-18   5.754624e-20   5.516172e-20   3.609186e-19   1.171635e-18   1.425496e-18   1.381467e-18   1.407633e-18   1.457642e-18   1.383440e-18   1.299194e-18   1.174749e-18   1.046604e-18   6.249872e-19   1.473897e-25   1.376182e-20   3.461243e-20   5.664596e-20   7.257098e-20   7.012753e-20   7.067080e-20   6.744806e-20   5.477805e-86   2.872406e-89   0.000000e+00
         5.7500   0.000000e+00   2.133321e-18   1.041603e-18   5.404177e-20   5.132613e-20   3.622157e-19   1.302540e-18   1.613232e-18   1.586718e-18   1.574339e-18   1.607522e-18   1.510685e-18   1.406539e-18   1.266293e-18   1.115457e-18   6.557011e-19   8.970297e-25   1.616481e-20   3.982625e-20   6.512292e-20   8.215740e-20   8.212644e-20   8.375372e-20   7.411467e-20   9.884371e-79   1.116934e-81   0.000000e+00
         5.8000   0.000000e+00   2.107327e-18   1.039272e-18   5.072442e-20   4.771804e-20   3.615283e-19   1.428760e-18   1.797360e-18   1.793833e-18   1.737352e-18   1.751815e-18   1.632090e-18   1.507794e-18   1.352730e-18   1.177647e-18   6.824947e-19   4.475793e-24   1.890835e-20   4.550754e-20   7.383196e-20   9.217340e-20   9.456514e-20   9.701894e-20   8.021927e-20   2.895533e-72   6.457758e-75   0.000000e+00
         5.8500   0.000000e+00   2.077808e-18   1.034240e-18   4.759641e-20   4.434281e-20   3.591301e-19   1.548297e-18   1.974428e-18   1.999126e-18   1.893771e-18   1.888202e-18   1.745864e-18   1.601789e-18   1.433821e-18   1.233170e-18   7.056614e-19   1.871348e-23   2.192665e-20   5.151190e-20   8.254656e-20   1.023504e-19   1.070989e-19   1.101098e-19   8.567345e-20   1.678110e-66   6.829357e-69   0.000000e+00
         5.9000   0.000000e+00   2.045167e-18   1.026789e-18   4.465595e-20   4.119941e-20   3.552156e-19   1.659611e-18   2.141507e-18   2.199149e-18   2.041126e-18   2.014782e-18   1.850577e-18   1.687666e-18   1.509449e-18   1.282193e-18   7.255650e-19   6.685627e-23   2.514642e-20   5.768601e-20   9.105246e-20   1.124239e-19   1.193584e-19   1.227003e-19   9.042220e-20   2.294558e-61   1.588991e-63   0.000000e+00
         5.9500   0.000000e+00   2.009786e-18   1.017188e-18   4.189828e-20   3.828205e-20   3.500983e-19   1.761610e-18   2.296273e-18   2.390784e-18   2.177431e-18   2.130082e-18   1.945062e-18   1.764822e-18   1.579532e-18   1.324973e-18   7.425923e-19   2.076844e-22   2.850905e-20   6.387851e-20   9.916480e-20   1.221519e-19   1.309879e-19   1.345098e-19   9.443980e-20   8.659692e-57   9.589446e-59   0.000000e+00
         6.0000   0.000000e+00   1.972025e-18   1.005696e-18   3.931652e-20   3.558157e-20   3.446038e-19   1.853625e-18   2.437033e-18   2.571202e-18   2.301201e-18   2.233059e-18   2.028176e-18   1.832877e-18   1.643939e-18   1.361788e-18   7.571192e-19   5.697187e-22   3.200438e-20   6.997068e-20   1.067440e-19   1.313328e-19   1.417225e-19   1.453107e-19   9.772346e-20   1.037337e-52   1.738270e-54   0.000000e+00
         6.0500   0.000000e+00   1.932224e-18   9.925950e-19   3.690240e-20   3.308660e-20   3.392282e-19   1.935296e-18   2.562700e-18   2.738022e-18   2.411431e-18   2.323077e-18   2.099374e-18   1.891615e-18   1.702463e-18   1.392878e-18   7.694929e-19   1.399045e-21   3.571593e-20   7.591613e-20   1.137137e-19   1.398260e-19   1.513942e-19   1.549291e-19   1.002868e-19   4.466313e-49   1.078674e-50   0.000000e+00
         6.1000   0.000000e+00   1.890699e-18   9.781531e-19   3.464681e-20   3.078443e-20   3.336146e-19   2.006376e-18   2.672735e-18   2.889401e-18   2.507571e-18   2.399815e-18   2.159283e-18   1.940785e-18   1.754852e-18   1.418424e-18   7.800281e-19   3.112264e-21   3.987228e-20   8.178282e-20   1.200870e-19   1.475624e-19   1.599383e-19   1.632604e-19   1.021560e-19   7.719082e-46   2.574774e-47   0.000000e+00
         6.1500   0.000000e+00   1.847746e-18   9.626033e-19   3.254025e-20   2.866177e-20   3.273885e-19   2.066859e-18   2.767082e-18   3.024026e-18   2.589479e-18   2.463317e-18   2.208593e-18   1.980303e-18   1.800820e-18   1.438610e-18   7.890101e-19   6.336263e-21   4.489125e-20   8.779456e-20   1.260005e-19   1.545620e-19   1.674102e-19   1.702788e-19   1.033804e-19   5.908197e-43   2.622944e-44   0.000000e+00
         6.2000   0.000000e+00   1.803638e-18   9.461421e-19   3.057313e-20   2.670519e-20   3.203462e-19   2.116983e-18   2.846142e-18   3.141090e-18   2.657338e-18   2.514129e-18   2.247433e-18   2.010454e-18   1.840028e-18   1.453607e-18   7.967212e-19   1.191025e-20   5.139916e-20   9.435928e-20   1.317334e-19   1.609550e-19   1.739706e-19   1.760269e-19   1.040321e-19   2.187624e-40   1.251021e-41   0.000000e+00
         6.2500   0.000000e+00   1.758626e-18   9.289328e-19   2.873605e-20   2.490158e-20   3.124204e-19   2.157179e-18   2.910614e-18   3.240330e-18   2.711583e-18   2.553022e-18   2.276013e-18   2.031712e-18   1.872193e-18   1.463573e-18   8.034486e-19   2.084353e-20   6.020141e-20   1.020689e-19   1.377158e-19   1.669984e-19   1.798167e-19   1.806182e-19   1.042029e-19   4.240133e-38   3.034052e-39   0.000000e+00
         6.3000   0.000000e+00   1.712943e-18   9.111101e-19   2.701992e-20   2.323834e-20   3.036431e-19   2.188007e-18   2.961364e-18   3.322420e-18   2.752831e-18   2.580846e-18   2.294743e-18   2.044644e-18   1.897172e-18   1.468676e-18   8.094705e-19   3.422523e-20   7.220984e-20   1.116534e-19   1.445109e-19   1.730765e-19   1.851954e-19   1.842380e-19   1.040073e-19   4.615351e-36   4.027489e-37   0.000000e+00
         6.3500   0.000000e+00   1.666800e-18   8.927851e-19   2.541611e-20   2.170361e-20   2.943514e-19   2.210113e-18   2.999351e-18   3.388465e-18   2.781906e-18   2.598434e-18   2.304253e-18   2.049864e-18   1.914933e-18   1.469103e-18   8.150472e-19   5.309379e-20   8.833753e-20   1.238812e-19   1.527644e-19   1.796730e-19   1.904096e-19   1.871405e-19   1.035836e-19   3.003653e-34   3.124702e-35   0.000000e+00
         6.4000   0.000000e+00   1.620389e-18   8.740502e-19   2.391648e-20   2.028630e-20   2.856127e-19   2.224181e-18   3.025566e-18   3.439611e-18   2.800010e-18   2.606443e-18   2.305530e-18   2.048016e-18   1.925568e-18   1.465100e-18   8.203772e-19   7.829534e-20   1.093728e-19   1.394901e-19   1.631165e-19   1.873275e-19   1.957815e-19   1.896355e-19   1.030908e-19   1.235798e-32   1.502372e-33   0.000000e+00
         6.4500   0.000000e+00   1.573885e-18   8.549835e-19   2.251344e-20   1.897617e-20   2.780549e-19   2.230803e-18   3.041000e-18   3.476959e-18   2.808322e-18   2.605527e-18   2.299547e-18   2.039735e-18   1.929344e-18   1.457059e-18   8.255859e-19   1.103589e-19   1.358610e-19   1.590933e-19   1.761170e-19   1.965975e-19   2.016660e-19   1.920640e-19   1.027001e-19   3.378167e-31   4.716652e-32   0.000000e+00
         6.5000   0.000000e+00   1.527444e-18   8.356522e-19   2.119991e-20   1.776383e-20   2.717980e-19   2.230259e-18   3.046611e-18   3.501533e-18   2.807880e-18   2.596375e-18   2.287157e-18   2.025631e-18   1.926634e-18   1.445401e-18   8.307902e-19   1.494118e-19   1.680224e-19   1.830839e-19   1.921519e-19   2.079544e-19   2.084322e-19   1.947682e-19   1.025827e-19   6.413110e-30   1.013047e-30   0.000000e+00
         6.5500   0.000000e+00   1.481208e-18   8.161152e-19   1.996939e-20   1.664071e-20   2.666763e-19   2.222884e-18   3.043312e-18   3.514265e-18   2.799580e-18   2.579830e-18   2.269104e-18   2.006365e-18   1.917941e-18   1.430526e-18   8.360549e-19   1.951428e-19   2.057388e-19   2.115692e-19   2.113871e-19   2.217128e-19   2.164109e-19   1.980563e-19   1.028967e-19   8.795442e-29   1.551810e-29   0.000000e+00
         6.6000   0.000000e+00   1.435303e-18   7.964256e-19   1.881586e-20   1.559903e-20   2.623919e-19   2.209121e-18   3.031938e-18   3.516014e-18   2.784202e-18   2.557170e-18   2.246057e-18   1.982806e-18   1.903868e-18   1.412806e-18   8.412601e-19   2.468195e-19   2.485618e-19   2.443434e-19   2.337592e-19   2.379938e-19   2.258669e-19   2.021652e-19   1.037690e-19   9.029042e-28   1.759480e-28   0.000000e+00
         6.6500   0.000000e+00   1.389839e-18   7.766318e-19   1.773379e-20   1.463174e-20   2.582936e-19   2.189477e-18   3.013268e-18   3.507550e-18   2.762433e-18   2.529494e-18   2.218606e-18   1.955711e-18   1.885011e-18   1.392582e-18   8.462453e-19   3.033528e-19   2.957286e-19   2.809012e-19   2.589907e-19   2.567202e-19   2.369461e-19   2.072386e-19   1.052818e-19   7.160980e-27   1.526296e-27   0.000000e+00
         6.7000   0.000000e+00   1.344915e-18   7.567788e-19   1.671812e-20   1.373248e-20   2.527759e-19   2.164502e-18   2.988025e-18   3.489438e-18   2.734890e-18   2.497603e-18   2.187275e-18   1.925680e-18   1.861939e-18   1.370162e-18   8.508332e-19   3.633926e-19   3.462222e-19   3.204875e-19   2.866191e-19   2.776379e-19   2.495807e-19   2.133180e-19   1.074658e-19   4.513545e-26   1.043275e-26   0.000000e+00
         6.7500   0.000000e+00   1.300617e-18   7.369091e-19   1.576419e-20   1.289550e-20   2.449977e-19   2.134877e-18   2.956885e-18   3.462262e-18   2.702151e-18   2.461877e-18   2.152575e-18   1.893140e-18   1.835190e-18   1.345821e-18   8.549705e-19   4.254393e-19   3.988497e-19   3.621726e-19   3.160500e-19   3.003374e-19   2.635475e-19   2.203500e-19   1.103016e-19   2.318585e-25   5.768229e-26   0.000000e+00
         6.8000   0.000000e+00   1.257019e-18   7.170625e-19   1.486772e-20   1.211563e-20   2.349177e-19   2.101632e-18   2.920478e-18   3.426717e-18   2.664798e-18   2.421991e-18   2.115099e-18   1.858297e-18   1.805256e-18   1.319815e-18   8.582627e-19   4.879668e-19   4.523344e-19   4.049352e-19   3.465948e-19   3.242897e-19   2.786750e-19   2.282042e-19   1.137259e-19   9.927906e-25   2.640421e-25   0.000000e+00
         6.8500   0.000000e+00   1.214186e-18   6.972769e-19   1.402481e-20   1.138818e-20   2.229039e-19   2.065656e-18   2.879416e-18   3.383569e-18   2.623366e-18   2.377909e-18   2.075338e-18   1.821337e-18   1.772587e-18   1.292383e-18   8.605180e-19   5.495990e-19   5.054394e-19   4.477448e-19   3.775102e-19   3.488966e-19   2.948119e-19   2.366888e-19   1.176422e-19   3.615173e-24   1.021534e-24   0.000000e+00
         6.9000   0.000000e+00   1.172173e-18   6.775882e-19   1.323185e-20   1.070895e-20   2.094912e-19   2.027627e-18   2.834404e-18   3.333634e-18   2.578337e-18   2.329996e-18   2.033671e-18   1.782463e-18   1.737602e-18   1.263748e-18   8.615815e-19   6.091556e-19   5.570758e-19   4.896491e-19   4.080693e-19   3.735414e-19   3.117763e-19   2.455695e-19   1.219349e-19   1.139592e-23   3.401949e-24   0.000000e+00
         6.9500   0.000000e+00   1.131025e-18   6.580303e-19   1.248554e-20   1.007414e-20   1.952390e-19   1.988061e-18   2.786082e-18   3.277901e-18   2.530161e-18   2.279398e-18   1.990400e-18   1.741964e-18   1.700708e-18   1.234113e-18   8.613399e-19   6.656536e-19   6.063383e-19   5.299197e-19   4.376338e-19   3.976323e-19   3.293523e-19   2.545938e-19   1.264868e-19   3.159270e-23   9.911616e-24   0.000000e+00
         7.0000   0.000000e+00   1.090781e-18   6.386351e-19   1.178284e-20   9.480300e-21   1.806548e-19   1.947346e-18   2.734983e-18   3.218152e-18   2.479256e-18   2.228810e-18   1.945797e-18   1.700335e-18   1.662266e-18   1.203664e-18   8.600620e-19   7.183227e-19   6.525269e-19   5.679991e-19   4.656775e-19   4.206644e-19   3.470988e-19   2.635156e-19   1.311976e-19   7.812227e-23   2.563056e-23   0.000000e+00
         7.0500   0.000000e+00   1.051471e-18   6.194324e-19   1.112095e-20   8.924334e-21   1.661603e-19   1.905782e-18   2.681562e-18   3.155803e-18   2.426090e-18   2.179770e-18   1.900104e-18   1.657997e-18   1.622599e-18   1.172572e-18   8.575267e-19   7.666027e-19   6.951384e-19   6.034516e-19   4.917991e-19   4.422971e-19   3.643621e-19   2.721165e-19   1.359995e-19   1.745016e-22   5.958410e-23   0.000000e+00
         7.1000   0.000000e+00   1.013120e-18   6.004499e-19   1.049727e-20   8.403420e-21   1.520816e-19   1.863597e-18   2.626208e-18   3.091635e-18   2.371301e-18   2.132613e-18   1.853539e-18   1.615262e-18   1.581989e-18   1.141008e-18   8.536297e-19   8.101297e-19   7.338302e-19   6.359557e-19   5.157264e-19   4.622910e-19   3.805118e-19   2.802454e-19   1.408664e-19   3.561024e-22   1.259549e-22   0.000000e+00
         7.1500   0.000000e+00   9.757471e-19   5.817131e-19   9.909418e-21   7.914998e-21   1.386541e-19   1.820970e-18   2.569263e-18   3.026053e-18   2.315372e-18   2.085922e-18   1.806336e-18   1.572371e-18   1.540694e-18   1.109166e-18   8.483939e-19   8.487127e-19   7.683651e-19   6.652941e-19   5.372881e-19   4.804844e-19   3.950494e-19   2.878268e-19   1.458161e-19   6.706484e-22   2.445886e-22   0.000000e+00
         7.2000   0.000000e+00   9.393643e-19   5.632454e-19   9.355177e-21   7.456742e-21   1.260335e-19   1.778045e-18   2.511031e-18   2.959260e-18   2.258635e-18   2.035250e-18   1.758792e-18   1.529526e-18   1.498942e-18   1.077216e-18   8.418697e-19   8.823108e-19   7.986144e-19   6.913426e-19   5.563666e-19   4.967814e-19   4.076754e-19   2.948315e-19   1.508922e-19   1.176129e-21   4.403038e-22   0.000000e+00
         7.2500   0.000000e+00   9.039804e-19   5.450680e-19   8.832495e-21   7.026530e-21   1.143104e-19   1.734940e-18   2.451781e-18   2.891295e-18   2.201328e-18   1.978456e-18   1.711134e-18   1.486851e-18   1.456944e-18   1.045296e-18   8.341197e-19   9.110218e-19   8.245625e-19   7.140580e-19   5.729095e-19   5.111404e-19   4.184380e-19   3.012617e-19   1.561340e-19   1.936158e-21   7.408246e-22   0.000000e+00
         7.3000   0.000000e+00   8.695996e-19   5.272001e-19   8.339464e-21   6.622421e-21   1.035242e-19   1.691755e-18   2.391758e-18   2.821816e-18   2.143637e-18   1.915634e-18   1.663518e-18   1.444421e-18   1.414886e-18   1.013518e-18   8.252188e-19   9.350319e-19   8.463048e-19   7.334565e-19   5.869358e-19   5.235635e-19   4.276219e-19   3.071403e-19   1.615687e-19   3.013536e-21   1.173598e-21   0.000000e+00
         7.3500   0.000000e+00   8.362221e-19   5.096584e-19   7.874311e-21   6.242643e-21   9.367573e-20   1.648576e-18   2.331185e-18   2.750669e-18   2.085720e-18   1.849321e-18   1.616054e-18   1.402273e-18   1.372929e-18   9.819766e-19   8.152524e-19   9.545791e-19   8.640221e-19   7.495717e-19   5.985305e-19   5.340840e-19   4.354764e-19   3.124935e-19   1.671916e-19   4.463312e-21   1.762134e-21   0.000000e+00
         7.4000   0.000000e+00   8.038451e-19   4.924577e-19   7.435385e-21   5.885567e-21   8.473835e-20   1.605483e-18   2.270262e-18   2.677998e-18   2.027723e-18   1.785949e-18   1.568837e-18   1.360402e-18   1.331209e-18   9.507577e-19   8.046883e-19   9.699330e-19   8.779413e-19   7.624875e-19   6.078189e-19   5.427348e-19   4.422052e-19   3.173367e-19   1.729482e-19   6.326689e-21   2.522674e-21   0.000000e+00
         7.4500   0.000000e+00   7.724625e-19   4.756111e-19   7.021143e-21   5.549698e-21   7.666685e-20   1.562546e-18   2.209176e-18   2.604107e-18   1.969781e-18   1.729044e-18   1.521960e-18   1.318828e-18   1.289844e-18   9.199649e-19   7.932835e-19   9.813791e-19   8.883153e-19   7.723420e-19   6.149436e-19   5.495218e-19   4.479497e-19   3.216776e-19   1.787712e-19   8.626787e-21   3.461804e-21   0.000000e+00
         7.5000   0.000000e+00   7.420657e-19   4.591292e-19   6.630146e-21   5.233658e-21   6.940446e-20   1.519831e-18   2.148095e-18   2.529370e-18   1.912025e-18   1.679268e-18   1.475519e-18   1.277603e-18   1.248930e-18   8.896754e-19   7.810855e-19   9.892094e-19   8.954323e-19   7.793123e-19   6.200497e-19   5.544834e-19   4.527982e-19   3.255391e-19   1.846564e-19   1.136669e-20   4.575468e-21   0.000000e+00
         7.5500   0.000000e+00   7.126437e-19   4.430213e-19   6.261048e-21   4.936175e-21   6.288823e-20   1.477401e-18   2.087175e-18   2.454181e-18   1.854582e-18   1.635834e-18   1.429599e-18   1.236793e-18   1.208550e-18   8.599387e-19   7.681624e-19   9.937175e-19   8.996229e-19   7.835952e-19   6.232968e-19   5.576781e-19   4.567641e-19   3.288954e-19   1.904361e-19   1.452935e-20   5.849481e-21   0.000000e+00
         7.6000   0.000000e+00   6.841837e-19   4.272945e-19   5.912588e-21   4.656075e-21   5.705298e-20   1.435315e-18   2.026557e-18   2.378911e-18   1.797573e-18   1.597350e-18   1.384282e-18   1.196467e-18   1.168772e-18   8.307870e-19   7.545809e-19   9.951855e-19   9.011991e-19   7.854278e-19   6.248805e-19   5.591874e-19   4.598361e-19   3.317216e-19   1.960100e-19   1.807864e-20   7.261273e-21   0.000000e+00
         7.6500   0.000000e+00   6.566711e-19   4.119547e-19   5.583585e-21   4.392269e-21   5.183405e-20   1.393626e-18   1.966370e-18   2.303977e-18   1.741110e-18   1.561368e-18   1.339647e-18   1.156713e-18   1.129652e-18   8.022419e-19   7.404067e-19   9.938788e-19   9.004544e-19   7.851867e-19   6.249734e-19   5.591058e-19   4.619825e-19   3.339828e-19   2.012797e-19   2.196348e-20   8.782246e-21   0.000000e+00
         7.7000   0.000000e+00   6.300897e-19   3.970060e-19   5.272932e-21   4.143747e-21   4.716927e-20   1.352387e-18   1.906731e-18   2.230085e-18   1.685301e-18   1.523062e-18   1.295785e-18   1.117654e-18   1.091240e-18   7.743139e-19   7.257063e-19   9.900459e-19   8.976467e-19   7.832000e-19   6.237329e-19   5.575682e-19   4.632212e-19   3.357167e-19   2.063844e-19   2.612215e-20   1.038051e-20   0.000000e+00
         7.7500   0.000000e+00   6.044221e-19   3.824510e-19   4.979586e-21   3.909572e-21   4.300013e-20   1.311647e-18   1.847747e-18   2.157696e-18   1.630243e-18   1.480024e-18   1.252755e-18   1.079373e-18   1.053575e-18   7.469944e-19   7.105498e-19   9.839200e-19   8.929957e-19   7.796892e-19   6.212713e-19   5.547200e-19   4.635013e-19   3.368270e-19   2.110545e-19   3.048664e-20   1.202338e-20   0.000000e+00
         7.8000   0.000000e+00   5.796500e-19   3.682913e-19   4.702570e-21   3.688871e-21   3.927250e-20   1.271450e-18   1.789513e-18   2.086972e-18   1.576025e-18   1.432050e-18   1.210588e-18   1.041916e-18   1.016689e-18   7.202801e-19   6.950216e-19   9.757313e-19   8.866897e-19   7.748144e-19   6.176896e-19   5.507043e-19   4.628136e-19   3.373050e-19   2.151992e-19   3.498658e-20   1.367943e-20   0.000000e+00
         7.8500   0.000000e+00   5.557540e-19   3.545271e-19   4.440965e-21   3.480833e-21   3.593690e-20   1.231838e-18   1.732112e-18   2.017921e-18   1.522725e-18   1.380008e-18   1.169302e-18   1.005305e-18   9.806103e-19   6.941753e-19   6.792015e-19   9.657742e-19   8.788925e-19   7.686951e-19   6.130741e-19   5.456430e-19   4.611583e-19   3.371579e-19   2.187606e-19   3.955110e-20   1.532004e-20   0.000000e+00
         7.9000   0.000000e+00   5.327141e-19   3.411575e-19   4.193905e-21   3.284698e-21   3.294862e-20   1.192850e-18   1.675621e-18   1.950486e-18   1.470413e-18   1.325166e-18   1.128910e-18   9.695549e-19   9.453623e-19   6.686888e-19   6.631562e-19   9.543158e-19   8.697486e-19   7.614275e-19   6.075009e-19   5.396430e-19   4.585470e-19   3.363861e-19   2.216925e-19   4.410851e-20   1.692038e-20   0.000000e+00
         7.9500   0.000000e+00   5.105098e-19   3.281805e-19   3.960576e-21   3.099759e-21   3.026755e-20   1.154524e-18   1.620107e-18   1.884509e-18   1.419148e-18   1.268833e-18   1.089421e-18   9.346724e-19   9.109631e-19   6.438305e-19   6.469443e-19   9.415594e-19   8.593876e-19   7.531000e-19   6.010546e-19   5.328184e-19   4.550537e-19   3.350634e-19   2.241647e-19   4.859259e-20   1.845967e-20   0.000000e+00
         8.0000   0.000000e+00   4.891200e-19   3.155934e-19   3.740211e-21   2.925354e-21   2.785796e-20   1.116890e-18   1.565625e-18   1.819457e-18   1.368982e-18   1.212179e-18   1.050843e-18   9.006627e-19   8.774276e-19   6.196103e-19   6.306186e-19   9.276664e-19   8.479275e-19   7.437860e-19   5.937955e-19   5.252548e-19   4.507085e-19   3.331799e-19   2.261507e-19   5.294528e-20   1.992107e-20   0.000000e+00
         8.0500   0.000000e+00   4.685235e-19   3.033925e-19   3.532086e-21   2.760865e-21   2.568817e-20   1.079977e-18   1.512227e-18   1.755055e-18   1.319956e-18   1.156155e-18   1.013187e-18   8.675290e-19   8.447667e-19   5.960365e-19   6.142270e-19   9.127701e-19   8.354775e-19   7.335573e-19   5.857807e-19   5.170329e-19   4.455248e-19   3.306949e-19   2.274597e-19   5.711760e-20   2.129173e-20   0.000000e+00
         8.1000   0.000000e+00   4.486987e-19   2.915735e-19   3.335519e-21   2.605711e-21   2.373023e-20   1.043819e-18   1.459955e-18   1.691342e-18   1.272103e-18   1.101487e-18   9.764582e-19   8.352735e-19   8.129885e-19   5.731203e-19   5.978692e-19   8.969860e-19   8.221396e-19   7.224872e-19   5.770731e-19   5.082314e-19   4.395615e-19   3.276350e-19   2.281030e-19   6.106989e-20   2.256246e-20   0.000000e+00
         8.1500   0.000000e+00   4.296240e-19   2.801314e-19   3.149868e-21   2.459349e-21   2.195952e-20   1.008431e-18   1.408842e-18   1.628495e-18   1.225451e-18   1.048688e-18   9.406651e-19   8.038978e-19   7.820975e-19   5.508842e-19   5.815910e-19   8.804179e-19   8.080097e-19   7.106495e-19   5.677348e-19   4.989197e-19   4.328838e-19   3.240354e-19   2.281003e-19   6.476844e-20   2.372734e-20   0.000000e+00
         8.2000   0.000000e+00   4.112777e-19   2.690605e-19   2.974526e-21   2.321270e-21   2.035446e-20   9.738226e-19   1.358918e-18   1.566737e-18   1.180018e-18   9.980918e-19   9.058127e-19   7.734017e-19   7.520957e-19   5.293399e-19   5.653789e-19   8.631642e-19   7.931790e-19   6.981186e-19   5.578279e-19   4.891606e-19   4.255614e-19   3.199332e-19   2.274803e-19   6.817976e-20   2.478317e-20   0.000000e+00
         8.2500   0.000000e+00   3.936382e-19   2.583549e-19   2.808921e-21   2.190994e-21   1.889613e-20   9.400038e-19   1.310206e-18   1.506279e-18   1.135819e-18   9.498884e-19   8.719049e-19   7.437842e-19   7.229821e-19   5.084885e-19   5.492692e-19   8.453307e-19   7.777342e-19   6.849684e-19   5.474136e-19   4.790125e-19   4.176657e-19   3.153662e-19   2.262745e-19   7.128028e-20   2.572901e-20   0.000000e+00
         8.3000   0.000000e+00   3.766840e-19   2.480078e-19   2.652512e-21   2.068074e-21   1.756798e-20   9.069866e-19   1.262721e-18   1.447304e-18   1.092860e-18   9.041567e-19   8.389435e-19   7.150423e-19   6.947533e-19   4.883245e-19   5.332902e-19   8.270163e-19   7.617582e-19   6.712727e-19   5.365527e-19   4.685310e-19   4.092696e-19   3.103749e-19   2.245205e-19   7.405727e-20   2.656572e-20   0.000000e+00
         8.3500   0.000000e+00   3.603938e-19   2.380126e-19   2.504789e-21   1.952086e-21   1.635554e-20   8.747802e-19   1.216475e-18   1.389952e-18   1.051143e-18   8.608937e-19   8.069281e-19   6.871715e-19   6.674035e-19   4.688385e-19   5.174653e-19   8.083088e-19   7.453299e-19   6.571129e-19   5.253234e-19   4.577922e-19   4.005046e-19   3.050838e-19   2.224814e-19   7.650707e-20   2.729539e-20   0.000000e+00
         8.4000   0.000000e+00   3.447465e-19   2.283618e-19   2.365272e-21   1.842634e-21   1.524617e-20   8.433911e-19   1.171477e-18   1.334320e-18   1.010667e-18   8.200391e-19   7.758563e-19   6.601655e-19   6.409248e-19   4.500182e-19   5.018151e-19   7.892877e-19   7.285247e-19   6.425548e-19   5.137680e-19   4.468289e-19   3.913993e-19   2.994769e-19   2.200641e-19   7.863331e-20   2.792105e-20   0.000000e+00
         8.4500   0.000000e+00   3.297213e-19   2.190481e-19   2.233505e-21   1.739345e-21   1.422879e-20   8.128232e-19   1.127728e-18   1.280472e-18   9.714262e-19   7.814948e-19   7.457232e-19   6.340162e-19   6.153073e-19   4.318477e-19   4.863587e-19   7.700255e-19   7.114135e-19   6.276675e-19   5.019386e-19   4.356828e-19   3.819991e-19   2.935681e-19   2.172102e-19   8.044534e-20   2.844633e-20   0.000000e+00
         8.5000   0.000000e+00   3.152975e-19   2.100637e-19   2.109059e-21   1.641868e-21   1.329375e-20   7.830781e-19   1.085226e-18   1.228439e-18   9.334099e-19   7.451395e-19   7.165221e-19   6.087140e-19   5.905395e-19   4.143105e-19   4.711132e-19   7.505909e-19   6.940636e-19   6.125173e-19   4.898883e-19   4.244000e-19   3.723672e-19   2.874082e-19   2.139689e-19   8.195677e-20   2.887532e-20   0.000000e+00
         8.5500   0.000000e+00   3.014551e-19   2.014008e-19   1.991529e-21   1.549872e-21   1.243256e-20   7.541552e-19   1.043969e-18   1.178227e-18   8.966056e-19   7.108396e-19   6.882441e-19   5.842475e-19   5.666081e-19   3.973899e-19   4.560939e-19   7.310545e-19   6.765380e-19   5.971676e-19   4.776668e-19   4.130243e-19   3.625623e-19   2.810465e-19   2.103903e-19   8.318646e-20   2.921240e-20   0.000000e+00
         8.6000   0.000000e+00   2.881743e-19   1.930513e-19   1.880531e-21   1.463047e-21   1.163781e-20   7.260518e-19   1.003947e-18   1.129824e-18   8.609981e-19   6.784581e-19   6.608785e-19   5.606041e-19   5.434988e-19   3.810696e-19   4.413149e-19   7.114777e-19   6.588957e-19   5.816773e-19   4.653212e-19   4.015962e-19   3.526370e-19   2.745238e-19   2.065212e-19   8.416025e-20   2.946207e-20   0.000000e+00
         8.6500   0.000000e+00   2.754354e-19   1.850072e-19   1.775703e-21   1.381098e-21   1.090298e-20   6.987634e-19   9.651502e-19   1.083202e-18   8.265696e-19   6.478593e-19   6.344128e-19   5.377697e-19   5.211957e-19   3.653338e-19   4.267890e-19   6.919113e-19   6.411913e-19   5.661007e-19   4.528951e-19   3.901535e-19   3.426381e-19   2.678741e-19   2.024010e-19   8.490369e-20   2.962891e-20   0.000000e+00
         8.7000   0.000000e+00   2.632196e-19   1.772602e-19   1.676704e-21   1.303750e-21   1.022234e-20   6.722835e-19   9.275654e-19   1.038325e-18   7.933004e-19   6.189128e-19   6.088331e-19   5.157293e-19   4.996823e-19   3.501669e-19   4.125284e-19   6.724001e-19   6.234757e-19   5.504872e-19   4.404296e-19   3.787330e-19   3.326078e-19   2.611274e-19   1.980667e-19   8.544076e-20   2.971752e-20   0.000000e+00
         8.7500   0.000000e+00   2.515083e-19   1.698023e-19   1.583211e-21   1.230744e-21   9.590823e-21   6.466046e-19   8.911771e-19   9.951479e-19   7.611691e-19   5.914959e-19   5.841242e-19   4.944667e-19   4.789410e-19   3.355535e-19   3.985442e-19   6.529843e-19   6.057964e-19   5.348824e-19   4.279612e-19   3.673707e-19   3.225831e-19   2.543102e-19   1.935503e-19   8.579402e-20   2.973249e-20   0.000000e+00
         8.8000   0.000000e+00   2.402832e-19   1.626251e-19   1.494919e-21   1.161833e-21   9.003981e-21   6.217173e-19   8.559682e-19   9.536229e-19   7.301531e-19   5.654946e-19   5.602696e-19   4.739650e-19   4.589539e-19   3.214786e-19   3.848465e-19   6.337011e-19   5.881956e-19   5.193277e-19   4.155239e-19   3.560962e-19   3.125962e-19   2.474464e-19   1.888791e-19   8.598476e-20   2.967840e-20   0.000000e+00
         8.8500   0.000000e+00   2.295266e-19   1.557206e-19   1.411539e-21   1.096788e-21   8.457859e-21   5.976115e-19   8.219195e-19   9.136984e-19   7.002285e-19   5.408045e-19   5.372519e-19   4.542065e-19   4.397021e-19   3.079273e-19   3.714441e-19   6.145851e-19   5.707126e-19   5.038612e-19   4.031490e-19   3.449347e-19   3.026761e-19   2.405585e-19   1.840837e-19   8.603321e-20   2.955979e-20   0.000000e+00
         8.9000   0.000000e+00   2.192213e-19   1.490805e-19   1.332799e-21   1.035389e-21   7.948951e-21   5.742756e-19   7.890107e-19   8.753221e-19   6.713705e-19   5.173301e-19   5.150530e-19   4.351732e-19   4.211667e-19   2.948848e-19   3.583447e-19   5.956683e-19   5.533831e-19   4.885171e-19   3.908653e-19   3.339077e-19   2.928488e-19   2.336663e-19   1.791945e-19   8.595895e-20   2.938119e-20   0.000000e+00
         8.9500   0.000000e+00   2.093506e-19   1.426969e-19   1.258441e-21   9.774324e-22   7.474135e-21   5.516972e-19   7.572199e-19   8.384413e-19   6.435534e-19   4.949853e-19   4.936538e-19   4.168463e-19   4.033283e-19   2.823366e-19   3.455545e-19   5.769806e-19   5.362391e-19   4.733265e-19   3.786987e-19   3.230341e-19   2.831376e-19   2.267881e-19   1.742395e-19   8.578062e-20   2.914704e-20   0.000000e+00
         9.0000   0.000000e+00   1.998979e-19   1.365617e-19   1.188224e-21   9.227237e-22   7.030624e-21   5.298630e-19   7.265244e-19   8.030037e-19   6.167514e-19   4.736921e-19   4.730349e-19   3.992071e-19   3.861673e-19   2.702681e-19   3.330789e-19   5.585490e-19   5.193096e-19   4.583169e-19   3.666729e-19   3.123306e-19   2.735630e-19   2.199407e-19   1.692440e-19   8.551594e-20   2.886174e-20   0.000000e+00
