# pyathena.photchem atomic data : FeII
# CHIANTI source : ion fe_2
# Levels kept    : lowest 5 of CHIANTI (padded to 5 if smaller)
# T grid tier    : warm
# T grid         : 80 log-spaced points, 1e+03 K -> 5e+05 K
# Generated by   : pyathena/photchem/data/build_chianti_tables.py
#
# Indices below are 0-based pyathena indices (level 0 = ground).
# CHIANTI level numbers are 1-based and shown for cross-reference.
#
LEVELS N=5
# idx  chianti_lvl  conf            term       j     g    E_erg            E_K
0     1            3d6(5D).4s      6D4.5      4.5   10    0.000000e+00   0.000000e+00
1     2            3d6(5D).4s      6D3.5      3.5   8     7.641929e-14   5.535027e+02
2     3            3d6(5D).4s      6D2.5      2.5   6     1.326018e-13   9.604312e+02
3     4            3d6(5D).4s      6D1.5      1.5   4     1.713149e-13   1.240829e+03
4     5            3d6(5D).4s      6D0.5      0.5   2     1.940427e-13   1.405446e+03

A_COEFFS N=4
# upper_idx  lower_idx   A [s^-1]
1           0            2.130000e-03
2           1            1.570000e-03
3           2            7.180000e-04
4           3            1.880000e-04

T_GRID N=80
 1.000000e+03
 1.081843e+03
 1.170384e+03
 1.266171e+03
 1.369799e+03
 1.481907e+03
 1.603190e+03
 1.734400e+03
 1.876348e+03
 2.029914e+03
 2.196048e+03
 2.375779e+03
 2.570219e+03
 2.780573e+03
 3.008143e+03
 3.254338e+03
 3.520682e+03
 3.808825e+03
 4.120550e+03
 4.457788e+03
 4.822626e+03
 5.217323e+03
 5.644324e+03
 6.106271e+03
 6.606026e+03
 7.146682e+03
 7.731586e+03
 8.364361e+03
 9.048924e+03
 9.789514e+03
 1.059072e+04
 1.145749e+04
 1.239520e+04
 1.340966e+04
 1.450715e+04
 1.569445e+04
 1.697893e+04
 1.836854e+04
 1.987187e+04
 2.149824e+04
 2.325772e+04
 2.516120e+04
 2.722046e+04
 2.944826e+04
 3.185839e+04
 3.446577e+04
 3.728655e+04
 4.033818e+04
 4.363957e+04
 4.721116e+04
 5.107506e+04
 5.525519e+04
 5.977743e+04
 6.466978e+04
 6.996254e+04
 7.568847e+04
 8.188303e+04
 8.858457e+04
 9.583459e+04
 1.036780e+05
 1.121633e+05
 1.213430e+05
 1.312741e+05
 1.420179e+05
 1.536411e+05
 1.662155e+05
 1.798191e+05
 1.945360e+05
 2.104573e+05
 2.276818e+05
 2.463159e+05
 2.664751e+05
 2.882841e+05
 3.118781e+05
 3.374031e+05
 3.650172e+05
 3.948912e+05
 4.272102e+05
 4.621743e+05
 5.000000e+05

UPSILON_E N_trans=10
# upper_idx  lower_idx   upsilon(T_GRID[0]..T_GRID[N-1])
1           0            6.906547e+00  6.876161e+00  6.843988e+00  6.809979e+00  6.774098e+00  6.736314e+00  6.696613e+00  6.654991e+00  6.611465e+00  6.566066e+00  6.518850e+00  6.469895e+00  6.419305e+00  6.367211e+00  6.313776e+00  6.259192e+00  6.203685e+00  6.147512e+00  6.090963e+00  6.034362e+00  5.978060e+00  5.922436e+00  5.867892e+00  5.814850e+00  5.763743e+00  5.715011e+00  5.669090e+00  5.626411e+00  5.587382e+00  5.552388e+00  5.521776e+00  5.495852e+00  5.474871e+00  5.459030e+00  5.448405e+00  5.442046e+00  5.438199e+00  5.435108e+00  5.431089e+00  5.424581e+00  5.414182e+00  5.398684e+00  5.377096e+00  5.348657e+00  5.312845e+00  5.269366e+00  5.218149e+00  5.159323e+00  5.093195e+00  5.020227e+00  4.941004e+00  4.856207e+00  4.766584e+00  4.672924e+00  4.576035e+00  4.476720e+00  4.375760e+00  4.273902e+00  4.171843e+00  4.070226e+00  3.969630e+00  3.870572e+00  3.773501e+00  3.678802e+00  3.586798e+00  3.497749e+00  3.411862e+00  3.329291e+00  3.250146e+00  3.174491e+00  3.102357e+00  3.033740e+00  2.968610e+00  2.906915e+00  2.848580e+00  2.793517e+00  2.741625e+00  2.692792e+00  2.646901e+00  2.603827e+00
2           0            2.099510e+00  2.080824e+00  2.061189e+00  2.040607e+00  2.019091e+00  1.996662e+00  1.973357e+00  1.949227e+00  1.924335e+00  1.898767e+00  1.872622e+00  1.846025e+00  1.819116e+00  1.792061e+00  1.765047e+00  1.738281e+00  1.711990e+00  1.686423e+00  1.661840e+00  1.638515e+00  1.616728e+00  1.596761e+00  1.578885e+00  1.563362e+00  1.550425e+00  1.540278e+00  1.533078e+00  1.528932e+00  1.527882e+00  1.529901e+00  1.534886e+00  1.542650e+00  1.552926e+00  1.565363e+00  1.579532e+00  1.594934e+00  1.611011e+00  1.627158e+00  1.642741e+00  1.657112e+00  1.669686e+00  1.680006e+00  1.687670e+00  1.692320e+00  1.693661e+00  1.691458e+00  1.685552e+00  1.675854e+00  1.662348e+00  1.645089e+00  1.624198e+00  1.599855e+00  1.572290e+00  1.541778e+00  1.508624e+00  1.473158e+00  1.435726e+00  1.396677e+00  1.356359e+00  1.315114e+00  1.273267e+00  1.231123e+00  1.188968e+00  1.147060e+00  1.105633e+00  1.064890e+00  1.025011e+00  9.861462e-01  9.484218e-01  9.119393e-01  8.767780e-01  8.429963e-01  8.106345e-01  7.797159e-01  7.502493e-01  7.222311e-01  6.956464e-01  6.704713e-01  6.466744e-01  6.242180e-01
2           1            6.160230e+00  6.138108e+00  6.114891e+00  6.090584e+00  6.065207e+00  6.038793e+00  6.011389e+00  5.983060e+00  5.953889e+00  5.923978e+00  5.893452e+00  5.862457e+00  5.831163e+00  5.799761e+00  5.768467e+00  5.737515e+00  5.707159e+00  5.677666e+00  5.649313e+00  5.622381e+00  5.597145e+00  5.573867e+00  5.552785e+00  5.534100e+00  5.517965e+00  5.504472e+00  5.493638e+00  5.485394e+00  5.479574e+00  5.475903e+00  5.473996e+00  5.473351e+00  5.473353e+00  5.473281e+00  5.472316e+00  5.469560e+00  5.464055e+00  5.454807e+00  5.440816e+00  5.421103e+00  5.394819e+00  5.361501e+00  5.320862e+00  5.272720e+00  5.217004e+00  5.153762e+00  5.083157e+00  5.005465e+00  4.921066e+00  4.830436e+00  4.734132e+00  4.632780e+00  4.527057e+00  4.417676e+00  4.305368e+00  4.190870e+00  4.074910e+00  3.958191e+00  3.841386e+00  3.725124e+00  3.609985e+00  3.496496e+00  3.385127e+00  3.276291e+00  3.170339e+00  3.067568e+00  2.968219e+00  2.872480e+00  2.780491e+00  2.692349e+00  2.608108e+00  2.527788e+00  2.451378e+00  2.378836e+00  2.310101e+00  2.245090e+00  2.183703e+00  2.125828e+00  2.071343e+00  2.020119e+00
3           0            9.799846e-01  9.717252e-01  9.630254e-01  9.538822e-01  9.442960e-01  9.342714e-01  9.238182e-01  9.129515e-01  9.016927e-01  8.900702e-01  8.781198e-01  8.658857e-01  8.534204e-01  8.407857e-01  8.280523e-01  8.153004e-01  8.026188e-01  7.901048e-01  7.778630e-01  7.660040e-01  7.546429e-01  7.438967e-01  7.338819e-01  7.247115e-01  7.164918e-01  7.093182e-01  7.032719e-01  6.984158e-01  6.947911e-01  6.924136e-01  6.912712e-01  6.913215e-01  6.924911e-01  6.946751e-01  6.977383e-01  7.015175e-01  7.058252e-01  7.104536e-01  7.151808e-01  7.197766e-01  7.240150e-01  7.276862e-01  7.305928e-01  7.325550e-01  7.334149e-01  7.330406e-01  7.313296e-01  7.282104e-01  7.236432e-01  7.176190e-01  7.101591e-01  7.013116e-01  6.911492e-01  6.797651e-01  6.672694e-01  6.537849e-01  6.394432e-01  6.243810e-01  6.087365e-01  5.926464e-01  5.762433e-01  5.596532e-01  5.429943e-01  5.263752e-01  5.098943e-01  4.936394e-01  4.776872e-01  4.621039e-01  4.469449e-01  4.322558e-01  4.180730e-01  4.044240e-01  3.913289e-01  3.788003e-01  3.668448e-01  3.554637e-01  3.446532e-01  3.344058e-01  3.247105e-01  3.155537e-01
3           1            1.568682e+00  1.555210e+00  1.541096e+00  1.526352e+00  1.510995e+00  1.495054e+00  1.478568e+00  1.461586e+00  1.444172e+00  1.426402e+00  1.408370e+00  1.390182e+00  1.371965e+00  1.353859e+00  1.336023e+00  1.318632e+00  1.301874e+00  1.285953e+00  1.271082e+00  1.257480e+00  1.245372e+00  1.234977e+00  1.226507e+00  1.220160e+00  1.216109e+00  1.214499e+00  1.215434e+00  1.218976e+00  1.225130e+00  1.233847e+00  1.245010e+00  1.258438e+00  1.273883e+00  1.291031e+00  1.309509e+00  1.328887e+00  1.348693e+00  1.368422e+00  1.387549e+00  1.405543e+00  1.421910e+00  1.436202e+00  1.448005e+00  1.456957e+00  1.462752e+00  1.465151e+00  1.463982e+00  1.459147e+00  1.450620e+00  1.438445e+00  1.422726e+00  1.403631e+00  1.381372e+00  1.356207e+00  1.328424e+00  1.298335e+00  1.266265e+00  1.232546e+00  1.197508e+00  1.161474e+00  1.124753e+00  1.087635e+00  1.050392e+00  1.013268e+00  9.764868e-01  9.402432e-01  9.047079e-01  8.700262e-01  8.363195e-01  8.036864e-01  7.722045e-01  7.419323e-01  7.129107e-01  6.851650e-01  6.587069e-01  6.335361e-01  6.096421e-01  5.870059e-01  5.656009e-01  5.453949e-01
3           2            4.821401e+00  4.807333e+00  4.792550e+00  4.777050e+00  4.760843e+00  4.743941e+00  4.726370e+00  4.708162e+00  4.689361e+00  4.670022e+00  4.650213e+00  4.630014e+00  4.609517e+00  4.588828e+00  4.568065e+00  4.547355e+00  4.526838e+00  4.506658e+00  4.486963e+00  4.467901e+00  4.449614e+00  4.432234e+00  4.415875e+00  4.400625e+00  4.386540e+00  4.373637e+00  4.361882e+00  4.351189e+00  4.341407e+00  4.332321e+00  4.323645e+00  4.315024e+00  4.306033e+00  4.296186e+00  4.284941e+00  4.271710e+00  4.255879e+00  4.236816e+00  4.213897e+00  4.186518e+00  4.154176e+00  4.116658e+00  4.073881e+00  4.025834e+00  3.972582e+00  3.914265e+00  3.851097e+00  3.783360e+00  3.711397e+00  3.635608e+00  3.556436e+00  3.474359e+00  3.389878e+00  3.303510e+00  3.215774e+00  3.127180e+00  3.038227e+00  2.949388e+00  2.861110e+00  2.773804e+00  2.687845e+00  2.603566e+00  2.521260e+00  2.441181e+00  2.363538e+00  2.288503e+00  2.216211e+00  2.146762e+00  2.080223e+00  2.016632e+00  1.956001e+00  1.898319e+00  1.843555e+00  1.791660e+00  1.742573e+00  1.696218e+00  1.652510e+00  1.611358e+00  1.572664e+00  1.536327e+00
4           0            4.073069e-01  4.041745e-01  4.008702e-01  3.973920e-01  3.937387e-01  3.899111e-01  3.859113e-01  3.817435e-01  3.774144e-01  3.729327e-01  3.683101e-01  3.635614e-01  3.587042e-01  3.537597e-01  3.487525e-01  3.437107e-01  3.386659e-01  3.336528e-01  3.287093e-01  3.238759e-01  3.191951e-01  3.147108e-01  3.104671e-01  3.065080e-01  3.028753e-01  2.996080e-01  2.967405e-01  2.943016e-01  2.923129e-01  2.907874e-01  2.897288e-01  2.891299e-01  2.889729e-01  2.892286e-01  2.898564e-01  2.908056e-01  2.920158e-01  2.934185e-01  2.949392e-01  2.964988e-01  2.980158e-01  2.994050e-01  3.005833e-01  3.014731e-01  3.020045e-01  3.021172e-01  3.017618e-01  3.009007e-01  2.995090e-01  2.975741e-01  2.950956e-01  2.920844e-01  2.885617e-01  2.845576e-01  2.801097e-01  2.752615e-01  2.700608e-01  2.645583e-01  2.588059e-01  2.528558e-01  2.467590e-01  2.405648e-01  2.343195e-01  2.280663e-01  2.218444e-01  2.156894e-01  2.096326e-01  2.037010e-01  1.979178e-01  1.923022e-01  1.868699e-01  1.816330e-01  1.766005e-01  1.717787e-01  1.671713e-01  1.627798e-01  1.586038e-01  1.546411e-01  1.508883e-01  1.473409e-01
4           1            5.763979e-01  5.716953e-01  5.667525e-01  5.615700e-01  5.561505e-01  5.504996e-01  5.446262e-01  5.385427e-01  5.322654e-01  5.258152e-01  5.192176e-01  5.125033e-01  5.057085e-01  4.988748e-01  4.920497e-01  4.852861e-01  4.786424e-01  4.721818e-01  4.659718e-01  4.600831e-01  4.545887e-01  4.495618e-01  4.450748e-01  4.411965e-01  4.379902e-01  4.355114e-01  4.338048e-01  4.329021e-01  4.328194e-01  4.335551e-01  4.350881e-01  4.373763e-01  4.403561e-01  4.439424e-01  4.480296e-01  4.524929e-01  4.571916e-01  4.619715e-01  4.666697e-01  4.711184e-01  4.751516e-01  4.786133e-01  4.813589e-01  4.832573e-01  4.841948e-01  4.840782e-01  4.828369e-01  4.804239e-01  4.768165e-01  4.720159e-01  4.660458e-01  4.589508e-01  4.507937e-01  4.416529e-01  4.316196e-01  4.207942e-01  4.092838e-01  3.971987e-01  3.846504e-01  3.717485e-01  3.585994e-01  3.453040e-01  3.319564e-01  3.186436e-01  3.054439e-01  2.924273e-01  2.796550e-01  2.671795e-01  2.550449e-01  2.432876e-01  2.319364e-01  2.210131e-01  2.105337e-01  2.005081e-01  1.909415e-01  1.818347e-01  1.731848e-01  1.649857e-01  1.572284e-01  1.499021e-01
4           2            9.785535e-01  9.687982e-01  9.585978e-01  9.479635e-01  9.369121e-01  9.254678e-01  9.136622e-01  9.015356e-01  8.891376e-01  8.765277e-01  8.637761e-01  8.509643e-01  8.381848e-01  8.255416e-01  8.131500e-01  8.011354e-01  7.896328e-01  7.787851e-01  7.687408e-01  7.596520e-01  7.516709e-01  7.449464e-01  7.396203e-01  7.358226e-01  7.336674e-01  7.332481e-01  7.346328e-01  7.378603e-01  7.429369e-01  7.498327e-01  7.584810e-01  7.687767e-01  7.805776e-01  7.937065e-01  8.079542e-01  8.230848e-01  8.388413e-01  8.549506e-01  8.710634e-01  8.867418e-01  9.015566e-01  9.151062e-01  9.270269e-01  9.370018e-01  9.447679e-01  9.501203e-01  9.529152e-01  9.530693e-01  9.505583e-01  9.454130e-01  9.377139e-01  9.275852e-01  9.151877e-01  9.007111e-01  8.843673e-01  8.663822e-01  8.469901e-01  8.264269e-01  8.049254e-01  7.827104e-01  7.599955e-01  7.369803e-01  7.138480e-01  6.907648e-01  6.678788e-01  6.453197e-01  6.231997e-01  6.016136e-01  5.806399e-01  5.603420e-01  5.407693e-01  5.219584e-01  5.039346e-01  4.867134e-01  4.703010e-01  4.546965e-01  4.398923e-01  4.258755e-01  4.126286e-01  4.001305e-01
4           3            3.258575e+00  3.213369e+00  3.169764e+00  3.127725e+00  3.087224e+00  3.048237e+00  3.010751e+00  2.974761e+00  2.940272e+00  2.907301e+00  2.875876e+00  2.846036e+00  2.817831e+00  2.791318e+00  2.766563e+00  2.743635e+00  2.722606e+00  2.703542e+00  2.686502e+00  2.671533e+00  2.658659e+00  2.647881e+00  2.639166e+00  2.632446e+00  2.627603e+00  2.624476e+00  2.622846e+00  2.622443e+00  2.622939e+00  2.623956e+00  2.625065e+00  2.625796e+00  2.625646e+00  2.624090e+00  2.620597e+00  2.614638e+00  2.605722e+00  2.593779e+00  2.579100e+00  2.561802e+00  2.541843e+00  2.519067e+00  2.493253e+00  2.464152e+00  2.431523e+00  2.395164e+00  2.354928e+00  2.310746e+00  2.262629e+00  2.210672e+00  2.155051e+00  2.096018e+00  2.033890e+00  1.969036e+00  1.901867e+00  1.832818e+00  1.762340e+00  1.690888e+00  1.618905e+00  1.546820e+00  1.475035e+00  1.403923e+00  1.333824e+00  1.265039e+00  1.197831e+00  1.132426e+00  1.069013e+00  1.007742e+00  9.487317e-01  8.920693e-01  8.378124e-01  7.859932e-01  7.366210e-01  6.896851e-01  6.451578e-01  6.029964e-01  5.631464e-01  5.255433e-01  4.901148e-01  4.567825e-01

UPSILON_P N_trans=0
# upper_idx  lower_idx   upsilon(T_GRID[0]..T_GRID[N-1])

