# pyathena.photchem atomic data : FeIII
# CHIANTI source : ion fe_3
# Levels kept    : lowest 5 of CHIANTI (padded to 5 if smaller)
# T grid         : 60 log-spaced points, 1e+03 K -> 1e+06 K
# Generated by   : pyathena/photchem/data/build_chianti_tables.py
#
# Indices below are 0-based pyathena indices (level 0 = ground).
# CHIANTI level numbers are 1-based and shown for cross-reference.
#
LEVELS N=5
# idx  chianti_lvl  conf            term       j     g    E_erg            E_K
0     1            3s2 3p6 3d6     5D4        4.0   9     0.000000e+00   0.000000e+00
1     2            3s2 3p6 3d6     5D3        3.0   7     8.662932e-14   6.274536e+02
2     3            3s2 3p6 3d6     5D2        2.0   5     1.467455e-13   1.062874e+03
3     4            3s2 3p6 3d6     5D1        1.0   3     1.851746e-13   1.341214e+03
4     5            3s2 3p6 3d6     5D0        0.0   1     2.040218e-13   1.477724e+03

A_COEFFS N=4
# upper_idx  lower_idx   A [s^-1]
1           0            2.880000e-03
2           1            1.790000e-03
3           2            6.830000e-04
4           3            1.380000e-04

T_GRID N=60
 1.000000e+03
 1.124210e+03
 1.263848e+03
 1.420831e+03
 1.597312e+03
 1.795714e+03
 2.018760e+03
 2.269511e+03
 2.551407e+03
 2.868317e+03
 3.224591e+03
 3.625117e+03
 4.075393e+03
 4.581598e+03
 5.150678e+03
 5.790444e+03
 6.509675e+03
 7.318242e+03
 8.227241e+03
 9.249147e+03
 1.039798e+04
 1.168952e+04
 1.314147e+04
 1.477378e+04
 1.660883e+04
 1.867181e+04
 2.099104e+04
 2.359833e+04
 2.652948e+04
 2.982471e+04
 3.352924e+04
 3.769391e+04
 4.237587e+04
 4.763938e+04
 5.355667e+04
 6.020894e+04
 6.768750e+04
 7.609497e+04
 8.554673e+04
 9.617249e+04
 1.081181e+05
 1.215474e+05
 1.366448e+05
 1.536175e+05
 1.726983e+05
 1.941492e+05
 2.182645e+05
 2.453751e+05
 2.758532e+05
 3.101169e+05
 3.486365e+05
 3.919407e+05
 4.406236e+05
 4.953535e+05
 5.568814e+05
 6.260517e+05
 7.038136e+05
 7.912343e+05
 8.895135e+05
 1.000000e+06

UPSILON_E N_trans=10
# upper_idx  lower_idx   upsilon(T_GRID[0]..T_GRID[N-1])
1           0            1.826951e+00  1.852437e+00  1.881042e+00  1.913109e+00  1.949000e+00  1.989090e+00  2.033751e+00  2.083340e+00  2.138167e+00  2.198460e+00  2.264316e+00  2.335630e+00  2.412007e+00  2.492646e+00  2.576397e+00  2.662081e+00  2.748175e+00  2.832693e+00  2.913112e+00  2.986321e+00  3.049223e+00  3.099801e+00  3.136491e+00  3.158208e+00  3.164501e+00  3.155681e+00  3.132303e+00  3.094642e+00  3.043453e+00  2.980039e+00  2.906202e+00  2.824148e+00  2.736364e+00  2.645436e+00  2.553142e+00  2.460404e+00  2.368092e+00  2.277029e+00  2.187969e+00  2.101585e+00  2.018600e+00  1.939694e+00  1.865356e+00  1.795891e+00  1.731451e+00  1.671974e+00  1.616464e+00  1.563744e+00  1.513114e+00  1.464222e+00  1.416955e+00  1.371342e+00  1.327489e+00  1.285507e+00  1.245346e+00  1.206979e+00  1.170444e+00  1.135805e+00  1.103122e+00  1.072189e+00
2           0            8.223131e-01  8.334569e-01  8.459109e-01  8.598167e-01  8.753270e-01  8.926053e-01  9.118252e-01  9.331685e-01  9.568222e-01  9.829751e-01  1.011811e+00  1.043504e+00  1.078202e+00  1.116023e+00  1.156940e+00  1.200545e+00  1.246070e+00  1.292316e+00  1.337536e+00  1.379325e+00  1.415283e+00  1.444213e+00  1.465278e+00  1.477936e+00  1.482028e+00  1.477848e+00  1.465834e+00  1.446244e+00  1.419604e+00  1.386751e+00  1.348795e+00  1.307057e+00  1.262998e+00  1.218101e+00  1.173174e+00  1.128347e+00  1.083742e+00  1.039508e+00  9.958120e-01  9.528478e-01  9.109478e-01  8.705029e-01  8.318244e-01  7.951426e-01  7.606129e-01  7.282878e-01  6.977708e-01  6.685711e-01  6.404147e-01  6.131838e-01  5.868628e-01  5.614957e-01  5.371552e-01  5.139115e-01  4.917775e-01  4.707644e-01  4.508955e-01  4.321929e-01  4.146701e-01  3.982411e-01
2           1            1.461348e+00  1.475275e+00  1.490869e+00  1.508310e+00  1.527794e+00  1.549524e+00  1.573714e+00  1.600578e+00  1.630323e+00  1.663142e+00  1.699191e+00  1.738576e+00  1.781318e+00  1.827323e+00  1.876306e+00  1.927669e+00  1.980448e+00  2.033233e+00  2.084056e+00  2.130293e+00  2.169356e+00  2.199942e+00  2.221187e+00  2.232617e+00  2.234259e+00  2.226718e+00  2.210631e+00  2.186120e+00  2.153531e+00  2.113525e+00  2.067045e+00  2.015274e+00  1.959565e+00  1.901356e+00  1.841772e+00  1.781590e+00  1.721545e+00  1.662322e+00  1.604530e+00  1.548696e+00  1.495327e+00  1.444868e+00  1.397621e+00  1.353763e+00  1.313357e+00  1.276312e+00  1.241777e+00  1.208765e+00  1.176697e+00  1.145301e+00  1.114508e+00  1.084373e+00  1.055026e+00  1.026573e+00  9.988710e-01  9.718285e-01  9.454861e-01  9.199518e-01  8.953564e-01  8.715901e-01
3           0            3.593085e-01  3.648097e-01  3.709398e-01  3.777655e-01  3.853605e-01  3.938053e-01  4.031890e-01  4.136098e-01  4.251772e-01  4.380135e-01  4.522569e-01  4.680653e-01  4.856202e-01  5.051335e-01  5.267534e-01  5.503233e-01  5.754446e-01  6.014364e-01  6.272542e-01  6.514042e-01  6.724091e-01  6.896510e-01  7.027622e-01  7.115686e-01  7.161406e-01  7.168298e-01  7.139872e-01  7.076777e-01  6.980599e-01  6.854261e-01  6.701903e-01  6.528664e-01  6.340390e-01  6.143183e-01  5.940857e-01  5.734869e-01  5.526686e-01  5.317845e-01  5.109911e-01  4.904418e-01  4.702810e-01  4.506407e-01  4.316383e-01  4.133743e-01  3.959306e-01  3.793495e-01  3.634350e-01  3.479469e-01  3.327704e-01  3.178795e-01  3.033047e-01  2.891071e-01  2.753606e-01  2.621289e-01  2.494134e-01  2.372177e-01  2.255651e-01  2.144854e-01  2.040059e-01  1.940924e-01
3           1            6.074096e-01  6.140649e-01  6.215360e-01  6.299125e-01  6.392894e-01  6.497644e-01  6.614352e-01  6.743945e-01  6.887230e-01  7.044795e-01  7.216876e-01  7.403170e-01  7.602605e-01  7.813030e-01  8.031280e-01  8.253816e-01  8.475949e-01  8.691453e-01  8.892314e-01  9.068499e-01  9.210161e-01  9.311516e-01  9.368455e-01  9.378574e-01  9.341646e-01  9.259996e-01  9.136517e-01  8.972651e-01  8.771150e-01  8.536340e-01  8.273941e-01  7.990779e-01  7.694409e-01  7.392575e-01  7.090332e-01  6.789949e-01  6.493515e-01  6.202999e-01  5.920209e-01  5.646765e-01  5.384327e-01  5.134428e-01  4.898189e-01  4.676335e-01  4.469234e-01  4.276877e-01  4.098243e-01  3.932009e-01  3.777190e-01  3.633043e-01  3.498986e-01  3.374535e-01  3.259255e-01  3.152678e-01  3.054014e-01  2.962556e-01  2.877793e-01  2.799330e-01  2.726837e-01  2.659782e-01
3           2            9.365371e-01  9.464374e-01  9.575574e-01  9.700317e-01  9.840017e-01  9.996128e-01  1.017009e+00  1.036324e+00  1.057671e+00  1.081126e+00  1.106707e+00  1.134339e+00  1.163822e+00  1.194778e+00  1.226674e+00  1.258971e+00  1.290988e+00  1.321843e+00  1.350430e+00  1.375398e+00  1.395445e+00  1.409844e+00  1.418140e+00  1.420160e+00  1.416083e+00  1.406493e+00  1.391962e+00  1.372633e+00  1.348771e+00  1.320816e+00  1.289372e+00  1.255174e+00  1.219051e+00  1.181867e+00  1.144262e+00  1.106634e+00  1.069354e+00  1.032766e+00  9.971780e-01  9.628638e-01  9.302149e-01  8.996483e-01  8.714404e-01  8.457387e-01  8.225829e-01  8.018614e-01  7.827049e-01  7.641130e-01  7.455080e-01  7.266262e-01  7.074190e-01  6.879729e-01  6.684511e-01  6.490183e-01  6.296763e-01  6.104562e-01  5.914700e-01  5.728636e-01  5.547873e-01  5.371703e-01
4           0            1.045692e-01  1.060780e-01  1.077520e-01  1.096084e-01  1.116667e-01  1.139490e-01  1.164811e-01  1.192936e-01  1.224234e-01  1.259163e-01  1.298295e-01  1.342359e-01  1.392295e-01  1.449313e-01  1.514481e-01  1.587562e-01  1.667405e-01  1.751809e-01  1.837201e-01  1.918289e-01  1.989822e-01  2.049799e-01  2.097089e-01  2.131184e-01  2.152358e-01  2.161779e-01  2.160564e-01  2.148814e-01  2.126892e-01  2.095559e-01  2.055947e-01  2.009496e-01  1.957871e-01  1.902837e-01  1.845582e-01  1.786688e-01  1.726741e-01  1.666333e-01  1.606046e-01  1.546421e-01  1.487800e-01  1.430399e-01  1.374453e-01  1.320203e-01  1.267880e-01  1.217634e-01  1.168933e-01  1.121127e-01  1.073948e-01  1.027393e-01  9.816219e-02  9.368796e-02  8.934418e-02  8.515448e-02  8.112310e-02  7.725406e-02  7.355659e-02  7.004114e-02  6.671697e-02  6.357368e-02
4           1            1.561573e-01  1.592235e-01  1.626850e-01  1.665863e-01  1.709731e-01  1.758906e-01  1.813800e-01  1.874747e-01  1.941933e-01  2.015310e-01  2.094472e-01  2.178492e-01  2.265704e-01  2.353438e-01  2.438505e-01  2.518870e-01  2.592715e-01  2.658332e-01  2.714293e-01  2.759678e-01  2.793698e-01  2.814918e-01  2.822172e-01  2.814844e-01  2.793014e-01  2.757569e-01  2.709571e-01  2.649608e-01  2.578665e-01  2.498200e-01  2.410085e-01  2.316513e-01  2.219876e-01  2.122592e-01  2.026125e-01  1.930969e-01  1.837563e-01  1.746328e-01  1.657661e-01  1.571933e-01  1.489602e-01  1.411137e-01  1.336884e-01  1.267070e-01  1.201818e-01  1.141083e-01  1.083992e-01  1.029516e-01  9.770647e-02  9.263658e-02  8.773566e-02  8.301003e-02  7.847235e-02  7.413396e-02  6.998806e-02  6.602983e-02  6.226202e-02  5.869030e-02  5.532042e-02  5.213910e-02
4           2            2.890586e-01  2.901684e-01  2.914002e-01  2.927667e-01  2.942822e-01  2.959628e-01  2.978275e-01  2.998982e-01  3.022015e-01  3.047696e-01  3.076430e-01  3.108726e-01  3.145233e-01  3.186787e-01  3.234068e-01  3.286674e-01  3.343415e-01  3.402191e-01  3.459722e-01  3.511253e-01  3.551998e-01  3.579761e-01  3.592994e-01  3.590594e-01  3.572053e-01  3.537576e-01  3.487704e-01  3.422921e-01  3.344239e-01  3.253247e-01  3.152041e-01  3.043125e-01  2.929272e-01  2.813334e-01  2.697345e-01  2.582471e-01  2.469766e-01  2.360179e-01  2.254530e-01  2.153494e-01  2.057679e-01  1.967576e-01  1.883490e-01  1.805556e-01  1.733764e-01  1.668031e-01  1.608672e-01  1.555992e-01  1.509937e-01  1.470197e-01  1.436299e-01  1.407682e-01  1.383745e-01  1.363908e-01  1.347708e-01  1.334704e-01  1.324447e-01  1.316510e-01  1.310500e-01  1.306158e-01
4           3            3.566818e-01  3.600117e-01  3.637505e-01  3.679434e-01  3.726379e-01  3.778828e-01  3.837268e-01  3.902161e-01  3.973901e-01  4.052769e-01  4.138861e-01  4.231992e-01  4.331575e-01  4.436463e-01  4.545003e-01  4.655439e-01  4.765487e-01  4.872155e-01  4.971632e-01  5.059193e-01  5.130307e-01  5.182556e-01  5.214485e-01  5.225620e-01  5.216712e-01  5.189899e-01  5.147238e-01  5.089227e-01  5.016740e-01  4.931231e-01  4.834675e-01  4.729474e-01  4.618321e-01  4.504008e-01  4.388355e-01  4.272180e-01  4.156274e-01  4.041427e-01  3.928405e-01  3.818006e-01  3.712198e-01  3.613415e-01  3.523320e-01  3.442861e-01  3.372389e-01  3.311410e-01  3.255137e-01  3.198069e-01  3.137115e-01  3.070971e-01  2.999559e-01  2.923574e-01  2.844143e-01  2.762421e-01  2.678739e-01  2.593564e-01  2.507748e-01  2.422289e-01  2.338177e-01  2.255147e-01

