# pyathena.photchem atomic data : HeI
# CHIANTI source : ion he_1
# Levels kept    : lowest 5 of CHIANTI (padded to 5 if smaller)
# T grid         : 60 log-spaced points, 1e+03 K -> 1e+06 K
# Generated by   : pyathena/photchem/data/build_chianti_tables.py
#
# Indices below are 0-based pyathena indices (level 0 = ground).
# CHIANTI level numbers are 1-based and shown for cross-reference.
#
LEVELS N=5
# idx  chianti_lvl  conf            term       j     g    E_erg            E_K
0     1            1s2             1S0        0.0   1     0.000000e+00   0.000000e+00
1     2            1s.2s           3S1        1.0   3     3.174742e-11   2.299456e+05
2     3            1s.2s           1S0        0.0   1     3.302272e-11   2.391826e+05
3     4            1s.2p           3P2        2.0   5     3.358065e-11   2.432237e+05
4     5            1s.2p           3P1        1.0   3     3.358067e-11   2.432238e+05

A_COEFFS N=5
# upper_idx  lower_idx   A [s^-1]
1           0            1.730000e-04
2           0            5.094000e+01
3           1            1.150000e+07
4           0            2.330000e+02
4           1            1.150000e+07

T_GRID N=60
 1.000000e+03
 1.124210e+03
 1.263848e+03
 1.420831e+03
 1.597312e+03
 1.795714e+03
 2.018760e+03
 2.269511e+03
 2.551407e+03
 2.868317e+03
 3.224591e+03
 3.625117e+03
 4.075393e+03
 4.581598e+03
 5.150678e+03
 5.790444e+03
 6.509675e+03
 7.318242e+03
 8.227241e+03
 9.249147e+03
 1.039798e+04
 1.168952e+04
 1.314147e+04
 1.477378e+04
 1.660883e+04
 1.867181e+04
 2.099104e+04
 2.359833e+04
 2.652948e+04
 2.982471e+04
 3.352924e+04
 3.769391e+04
 4.237587e+04
 4.763938e+04
 5.355667e+04
 6.020894e+04
 6.768750e+04
 7.609497e+04
 8.554673e+04
 9.617249e+04
 1.081181e+05
 1.215474e+05
 1.366448e+05
 1.536175e+05
 1.726983e+05
 1.941492e+05
 2.182645e+05
 2.453751e+05
 2.758532e+05
 3.101169e+05
 3.486365e+05
 3.919407e+05
 4.406236e+05
 4.953535e+05
 5.568814e+05
 6.260517e+05
 7.038136e+05
 7.912343e+05
 8.895135e+05
 1.000000e+06

UPSILON_E N_trans=9
# upper_idx  lower_idx   upsilon(T_GRID[0]..T_GRID[N-1])
1           0            4.055624e-02  4.207606e-02  4.369021e-02  4.539263e-02  4.717415e-02  4.902209e-02  5.092002e-02  5.284760e-02  5.478070e-02  5.669170e-02  5.855020e-02  6.032398e-02  6.198046e-02  6.348837e-02  6.481975e-02  6.595205e-02  6.687014e-02  6.756803e-02  6.805008e-02  6.833138e-02  6.843726e-02  6.840181e-02  6.826543e-02  6.807047e-02  6.783881e-02  6.757431e-02  6.727830e-02  6.694962e-02  6.658429e-02  6.617556e-02  6.571411e-02  6.518858e-02  6.458621e-02  6.389356e-02  6.309737e-02  6.218533e-02  6.114680e-02  5.997347e-02  5.865984e-02  5.720361e-02  5.560592e-02  5.387137e-02  5.200798e-02  5.002700e-02  4.794252e-02  4.577107e-02  4.353106e-02  4.124219e-02  3.892482e-02  3.659937e-02  3.428568e-02  3.200251e-02  2.976704e-02  2.759458e-02  2.549824e-02  2.348888e-02  2.157499e-02  1.976277e-02  1.805629e-02  1.645761e-02
2           0            1.747852e-02  1.822670e-02  1.902698e-02  1.987826e-02  2.077833e-02  2.172373e-02  2.270965e-02  2.372991e-02  2.477701e-02  2.584225e-02  2.691598e-02  2.798798e-02  2.904791e-02  3.008585e-02  3.109299e-02  3.206214e-02  3.298842e-02  3.386957e-02  3.470629e-02  3.550217e-02  3.626347e-02  3.699862e-02  3.771754e-02  3.843158e-02  3.915203e-02  3.988885e-02  4.064991e-02  4.144048e-02  4.226290e-02  4.311669e-02  4.399869e-02  4.490356e-02  4.582430e-02  4.675284e-02  4.768064e-02  4.859918e-02  4.950041e-02  5.037709e-02  5.122298e-02  5.203299e-02  5.280318e-02  5.353076e-02  5.421401e-02  5.485213e-02  5.544517e-02  5.599383e-02  5.649936e-02  5.696346e-02  5.738810e-02  5.777548e-02  5.812793e-02  5.844781e-02  5.873753e-02  5.899940e-02  5.923570e-02  5.944860e-02  5.964014e-02  5.981226e-02  5.996676e-02  6.010529e-02
2           1            1.319265e+00  1.372541e+00  1.429576e+00  1.490267e+00  1.554409e+00  1.621681e+00  1.691624e+00  1.763632e+00  1.836939e+00  1.910615e+00  1.983575e+00  2.054589e+00  2.122312e+00  2.185323e+00  2.242182e+00  2.291493e+00  2.331979e+00  2.362557e+00  2.382414e+00  2.391069e+00  2.388419e+00  2.374761e+00  2.350783e+00  2.317535e+00  2.276135e+00  2.226990e+00  2.170476e+00  2.107172e+00  2.037835e+00  1.963370e+00  1.884785e+00  1.803150e+00  1.719551e+00  1.635050e+00  1.550648e+00  1.467261e+00  1.385694e+00  1.306632e+00  1.230635e+00  1.158137e+00  1.089456e+00  1.024800e+00  9.642803e-01  9.079255e-01  8.556952e-01  8.074929e-01  7.631780e-01  7.225776e-01  6.854959e-01  6.517224e-01  6.210393e-01  5.932266e-01  5.680665e-01  5.453473e-01  5.248653e-01  5.064271e-01  4.898502e-01  4.749639e-01  4.616097e-01  4.496408e-01
3           0            3.710572e-03  3.947743e-03  4.205733e-03  4.485434e-03  4.787599e-03  5.112806e-03  5.461437e-03  5.833662e-03  6.229434e-03  6.648509e-03  7.090475e-03  7.554818e-03  8.041006e-03  8.548586e-03  9.077315e-03  9.627269e-03  1.019896e-02  1.079341e-02  1.141218e-02  1.205731e-02  1.273122e-02  1.343651e-02  1.417568e-02  1.495082e-02  1.576040e-02  1.659363e-02  1.743780e-02  1.828046e-02  1.911000e-02  1.991603e-02  2.068979e-02  2.142429e-02  2.211438e-02  2.275669e-02  2.334947e-02  2.389241e-02  2.438635e-02  2.483309e-02  2.523506e-02  2.559518e-02  2.591660e-02  2.620262e-02  2.645649e-02  2.668139e-02  2.688032e-02  2.705607e-02  2.721122e-02  2.734812e-02  2.746888e-02  2.757540e-02  2.766936e-02  2.775225e-02  2.782542e-02  2.789001e-02  2.794706e-02  2.799746e-02  2.804203e-02  2.808143e-02  2.811630e-02  2.814717e-02
3           1            3.166737e+00  3.287908e+00  3.430452e+00  3.597937e+00  3.794393e+00  4.024334e+00  4.292756e+00  4.605124e+00  4.967335e+00  5.385654e+00  5.866638e+00  6.417024e+00  7.043604e+00  7.753092e+00  8.551977e+00  9.446388e+00  1.044197e+01  1.154381e+01  1.275633e+01  1.408332e+01  1.552791e+01  1.709265e+01  1.877957e+01  2.059130e+01  2.253208e+01  2.460588e+01  2.681612e+01  2.916567e+01  3.165678e+01  3.429112e+01  3.706970e+01  3.999288e+01  4.306035e+01  4.627107e+01  4.962333e+01  5.311472e+01  5.674216e+01  6.050195e+01  6.438982e+01  6.840099e+01  7.253026e+01  7.677211e+01  8.112075e+01  8.557026e+01  9.011460e+01  9.474776e+01  9.946381e+01  1.042569e+02  1.091214e+02  1.140520e+02  1.190433e+02  1.240905e+02  1.291891e+02  1.343346e+02  1.395230e+02  1.447506e+02  1.500139e+02  1.553096e+02  1.606349e+02  1.659870e+02
3           2            5.929000e-01  6.045055e-01  6.171481e-01  6.308678e-01  6.456922e-01  6.616331e-01  6.786819e-01  6.968050e-01  7.159387e-01  7.359846e-01  7.568048e-01  7.782181e-01  7.999974e-01  8.218690e-01  8.435140e-01  8.645729e-01  8.846529e-01  9.033393e-01  9.202098e-01  9.348515e-01  9.468801e-01  9.559595e-01  9.618207e-01  9.642778e-01  9.632401e-01  9.587185e-01  9.508238e-01  9.396082e-01  9.249630e-01  9.068599e-01  8.853803e-01  8.607131e-01  8.331453e-01  8.030464e-01  7.708482e-01  7.370236e-01  7.020631e-01  6.664536e-01  6.306606e-01  5.951125e-01  5.601902e-01  5.262202e-01  4.934716e-01  4.621561e-01  4.324308e-01  4.044021e-01  3.781318e-01  3.536429e-01  3.309261e-01  3.099459e-01  2.906462e-01  2.729555e-01  2.567915e-01  2.420646e-01  2.286816e-01  2.165478e-01  2.055692e-01  1.956541e-01  1.867143e-01  1.786656e-01
4           0            2.335597e-03  2.471225e-03  2.619003e-03  2.779501e-03  2.953215e-03  3.140543e-03  3.341776e-03  3.557082e-03  3.786503e-03  4.029962e-03  4.287281e-03  4.558217e-03  4.842511e-03  5.139953e-03  5.450461e-03  5.774160e-03  6.111460e-03  6.463109e-03  6.830216e-03  7.214218e-03  7.616783e-03  8.039647e-03  8.484377e-03  8.952080e-03  9.443078e-03  9.956808e-03  1.049298e-02  1.105029e-02  1.162529e-02  1.221231e-02  1.280353e-02  1.338918e-02  1.395804e-02  1.449791e-02  1.499621e-02  1.544061e-02  1.581962e-02  1.612312e-02  1.634273e-02  1.647219e-02  1.650753e-02  1.644716e-02  1.629182e-02  1.604454e-02  1.571034e-02  1.529608e-02  1.481003e-02  1.426161e-02  1.366101e-02  1.301879e-02  1.234559e-02  1.165177e-02  1.094715e-02  1.024083e-02  9.540950e-03  8.854637e-03  8.187919e-03  7.545725e-03  6.931909e-03  6.349319e-03
4           1            1.898155e+00  1.970728e+00  2.056083e+00  2.156353e+00  2.273947e+00  2.411565e+00  2.572194e+00  2.759105e+00  2.975825e+00  3.226106e+00  3.513875e+00  3.843167e+00  4.218057e+00  4.642572e+00  5.120608e+00  5.655848e+00  6.251691e+00  6.911194e+00  7.637033e+00  8.431492e+00  9.296472e+00  1.023351e+01  1.124385e+01  1.232906e+01  1.349168e+01  1.473407e+01  1.605825e+01  1.746592e+01  1.895844e+01  2.053677e+01  2.220151e+01  2.395288e+01  2.579066e+01  2.771426e+01  2.972262e+01  3.181430e+01  3.398747e+01  3.623989e+01  3.856900e+01  4.097195e+01  4.344563e+01  4.598672e+01  4.859176e+01  5.125720e+01  5.397942e+01  5.675483e+01  5.957987e+01  6.245105e+01  6.536499e+01  6.831846e+01  7.130833e+01  7.433169e+01  7.738576e+01  8.046795e+01  8.357583e+01  8.670715e+01  8.985984e+01  9.303198e+01  9.622180e+01  9.942769e+01
4           2            3.131099e-01  3.258683e-01  3.392448e-01  3.531727e-01  3.675674e-01  3.823274e-01  3.973361e-01  4.124639e-01  4.275726e-01  4.425197e-01  4.571639e-01  4.713701e-01  4.850146e-01  4.979893e-01  5.102033e-01  5.215832e-01  5.320704e-01  5.416160e-01  5.501734e-01  5.576901e-01  5.640986e-01  5.693095e-01  5.732071e-01  5.756488e-01  5.764697e-01  5.754920e-01  5.725374e-01  5.673865e-01  5.597924e-01  5.496121e-01  5.368193e-01  5.214982e-01  5.038311e-01  4.840809e-01  4.625708e-01  4.396627e-01  4.157362e-01  3.911702e-01  3.663265e-01  3.415383e-01  3.171011e-01  2.932678e-01  2.702463e-01  2.482006e-01  2.272526e-01  2.074855e-01  1.889492e-01  1.716641e-01  1.556266e-01  1.408134e-01  1.271863e-01  1.146955e-01  1.032831e-01  9.288625e-02  8.343895e-02  7.487431e-02  6.712586e-02  6.012874e-02  5.382047e-02  4.814157e-02

