# pyathena.photchem atomic data : HeII
# CHIANTI source : ion he_2
# Levels kept    : lowest 5 of CHIANTI (padded to 5 if smaller)
# T grid         : 60 log-spaced points, 1e+03 K -> 1e+06 K
# Generated by   : pyathena/photchem/data/build_chianti_tables.py
#
# Indices below are 0-based pyathena indices (level 0 = ground).
# CHIANTI level numbers are 1-based and shown for cross-reference.
#
LEVELS N=5
# idx  chianti_lvl  conf            term       j     g    E_erg            E_K
0     1            1s              2S0.5      0.5   2     0.000000e+00   0.000000e+00
1     3            2p              2P0.5      0.5   2     6.537501e-11   4.735093e+05
2     2            2s              2S0.5      0.5   2     6.537510e-11   4.735099e+05
3     4            2p              2P1.5      1.5   4     6.537617e-11   4.735177e+05
4     6            3p              2P0.5      0.5   2     7.748197e-11   5.611996e+05

A_COEFFS N=5
# upper_idx  lower_idx   A [s^-1]
1           0            1.002000e+10
2           0            5.266000e+02
3           0            1.003000e+10
4           0            2.675000e+09
4           2            3.590000e+08

T_GRID N=60
 1.000000e+03
 1.124210e+03
 1.263848e+03
 1.420831e+03
 1.597312e+03
 1.795714e+03
 2.018760e+03
 2.269511e+03
 2.551407e+03
 2.868317e+03
 3.224591e+03
 3.625117e+03
 4.075393e+03
 4.581598e+03
 5.150678e+03
 5.790444e+03
 6.509675e+03
 7.318242e+03
 8.227241e+03
 9.249147e+03
 1.039798e+04
 1.168952e+04
 1.314147e+04
 1.477378e+04
 1.660883e+04
 1.867181e+04
 2.099104e+04
 2.359833e+04
 2.652948e+04
 2.982471e+04
 3.352924e+04
 3.769391e+04
 4.237587e+04
 4.763938e+04
 5.355667e+04
 6.020894e+04
 6.768750e+04
 7.609497e+04
 8.554673e+04
 9.617249e+04
 1.081181e+05
 1.215474e+05
 1.366448e+05
 1.536175e+05
 1.726983e+05
 1.941492e+05
 2.182645e+05
 2.453751e+05
 2.758532e+05
 3.101169e+05
 3.486365e+05
 3.919407e+05
 4.406236e+05
 4.953535e+05
 5.568814e+05
 6.260517e+05
 7.038136e+05
 7.912343e+05
 8.895135e+05
 1.000000e+06

UPSILON_E N_trans=5
# upper_idx  lower_idx   upsilon(T_GRID[0]..T_GRID[N-1])
1           0            1.089181e-01  1.090182e-01  1.091303e-01  1.092558e-01  1.093962e-01  1.095533e-01  1.097290e-01  1.099252e-01  1.101442e-01  1.103885e-01  1.106607e-01  1.109638e-01  1.113007e-01  1.116750e-01  1.120900e-01  1.125496e-01  1.130577e-01  1.136185e-01  1.142362e-01  1.149152e-01  1.156599e-01  1.164749e-01  1.173644e-01  1.183330e-01  1.193848e-01  1.205243e-01  1.217556e-01  1.230831e-01  1.245114e-01  1.260455e-01  1.276913e-01  1.294560e-01  1.313484e-01  1.333796e-01  1.355636e-01  1.379189e-01  1.404764e-01  1.432764e-01  1.463666e-01  1.498018e-01  1.536416e-01  1.579433e-01  1.627603e-01  1.681445e-01  1.741453e-01  1.808054e-01  1.881440e-01  1.961673e-01  2.048793e-01  2.142830e-01  2.243829e-01  2.351994e-01  2.467612e-01  2.590949e-01  2.722252e-01  2.861752e-01  3.009667e-01  3.166383e-01  3.332831e-01  3.509830e-01
2           0            1.559065e-01  1.558579e-01  1.558035e-01  1.557424e-01  1.556738e-01  1.555969e-01  1.555107e-01  1.554141e-01  1.553058e-01  1.551846e-01  1.550488e-01  1.548970e-01  1.547272e-01  1.545375e-01  1.543257e-01  1.540894e-01  1.538260e-01  1.535328e-01  1.532067e-01  1.528446e-01  1.524431e-01  1.519986e-01  1.515075e-01  1.509661e-01  1.503706e-01  1.497175e-01  1.490032e-01  1.482247e-01  1.473794e-01  1.464656e-01  1.454823e-01  1.444299e-01  1.433105e-01  1.421277e-01  1.408875e-01  1.395981e-01  1.382707e-01  1.369190e-01  1.355597e-01  1.342124e-01  1.328988e-01  1.316428e-01  1.304694e-01  1.294037e-01  1.284699e-01  1.276897e-01  1.270815e-01  1.266586e-01  1.264284e-01  1.263918e-01  1.265427e-01  1.268686e-01  1.273510e-01  1.280005e-01  1.288810e-01  1.300525e-01  1.315610e-01  1.334356e-01  1.356871e-01  1.383086e-01
3           0            2.183285e-01  2.185163e-01  2.187268e-01  2.189629e-01  2.192274e-01  2.195236e-01  2.198553e-01  2.202266e-01  2.206418e-01  2.211059e-01  2.216243e-01  2.222030e-01  2.228483e-01  2.235673e-01  2.243676e-01  2.252572e-01  2.262449e-01  2.273399e-01  2.285519e-01  2.298912e-01  2.313683e-01  2.329939e-01  2.347788e-01  2.367340e-01  2.388697e-01  2.411960e-01  2.437221e-01  2.464561e-01  2.494048e-01  2.525736e-01  2.559661e-01  2.595841e-01  2.634276e-01  2.674950e-01  2.717939e-01  2.763852e-01  2.813620e-01  2.868396e-01  2.929534e-01  2.998514e-01  3.076398e-01  3.163918e-01  3.261744e-01  3.370478e-01  3.490704e-01  3.623219e-01  3.768813e-01  3.928159e-01  4.101818e-01  4.290217e-01  4.493509e-01  4.711767e-01  4.945093e-01  5.193627e-01  5.457561e-01  5.737164e-01  6.033737e-01  6.349507e-01  6.686197e-01  7.045041e-01
4           0            1.859266e-02  1.862209e-02  1.865500e-02  1.869176e-02  1.873280e-02  1.877858e-02  1.882960e-02  1.888638e-02  1.894952e-02  1.901962e-02  1.909735e-02  1.918337e-02  1.927841e-02  1.938319e-02  1.949844e-02  1.962488e-02  1.976322e-02  1.991410e-02  2.007809e-02  2.025568e-02  2.044722e-02  2.065291e-02  2.087279e-02  2.110669e-02  2.135430e-02  2.161516e-02  2.188874e-02  2.217454e-02  2.247232e-02  2.278229e-02  2.310551e-02  2.344425e-02  2.380259e-02  2.418693e-02  2.460666e-02  2.507480e-02  2.560854e-02  2.622425e-02  2.692514e-02  2.770987e-02  2.857462e-02  2.951308e-02  3.051789e-02  3.158923e-02  3.273119e-02  3.394809e-02  3.524431e-02  3.662470e-02  3.809549e-02  3.966322e-02  4.133426e-02  4.311478e-02  4.500914e-02  4.701118e-02  4.911265e-02  5.130838e-02  5.359591e-02  5.597514e-02  5.844779e-02  6.102389e-02
4           2            5.805167e-01  5.805628e-01  5.806164e-01  5.806788e-01  5.807518e-01  5.808373e-01  5.809379e-01  5.810564e-01  5.811966e-01  5.813629e-01  5.815606e-01  5.817965e-01  5.820786e-01  5.824168e-01  5.828232e-01  5.833126e-01  5.839031e-01  5.846169e-01  5.854807e-01  5.865272e-01  5.877961e-01  5.893353e-01  5.912026e-01  5.934671e-01  5.962117e-01  5.995345e-01  6.035517e-01  6.083992e-01  6.142356e-01  6.212438e-01  6.296331e-01  6.396408e-01  6.515325e-01  6.656027e-01  6.821731e-01  7.015909e-01  7.242250e-01  7.504609e-01  7.806953e-01  8.153281e-01  8.547550e-01  8.993588e-01  9.495005e-01  1.005512e+00  1.067686e+00  1.136273e+00  1.211475e+00  1.293442e+00  1.382333e+00  1.478313e+00  1.581484e+00  1.691888e+00  1.809504e+00  1.934253e+00  2.066006e+00  2.204586e+00  2.349775e+00  2.501328e+00  2.658970e+00  2.822409e+00

