# CIE ionization fractions for O (Z=8)
# Source: CHIANTI v11.0.2 chianti.ioneq (Dere et al. 2009)
# T grid: 101 log-spaced points, 10^4.00 K -> 10^9.00 K
# Generated by pyathena/photchem/data/build_ioneq_tables.py
#
# log_T_K        x_O0           x_O1           x_O2           x_O3           x_O4           x_O5           x_O6           x_O7           x_O8         
         4.0000   9.982000e-01   1.831000e-03   4.173000e-18   0.000000e+00   0.000000e+00   0.000000e+00   0.000000e+00   0.000000e+00   0.000000e+00
         4.0500   9.884000e-01   1.161000e-02   2.542000e-15   0.000000e+00   0.000000e+00   0.000000e+00   0.000000e+00   0.000000e+00   0.000000e+00
         4.1000   9.412000e-01   5.881000e-02   7.635000e-13   0.000000e+00   0.000000e+00   0.000000e+00   0.000000e+00   0.000000e+00   0.000000e+00
         4.1500   7.807000e-01   2.193000e-01   1.098000e-10   0.000000e+00   0.000000e+00   0.000000e+00   0.000000e+00   0.000000e+00   0.000000e+00
         4.2000   4.818000e-01   5.182000e-01   6.826000e-09   0.000000e+00   0.000000e+00   0.000000e+00   0.000000e+00   0.000000e+00   0.000000e+00
         4.2500   2.224000e-01   7.776000e-01   1.910000e-07   1.743000e-20   0.000000e+00   0.000000e+00   0.000000e+00   0.000000e+00   0.000000e+00
         4.3000   9.540000e-02   9.046000e-01   3.031000e-06   1.551000e-17   0.000000e+00   0.000000e+00   0.000000e+00   0.000000e+00   0.000000e+00
         4.3500   4.520000e-02   9.548000e-01   3.262000e-05   6.087000e-15   0.000000e+00   0.000000e+00   0.000000e+00   0.000000e+00   0.000000e+00
         4.4000   2.500000e-02   9.747000e-01   2.567000e-04   1.175000e-12   0.000000e+00   0.000000e+00   0.000000e+00   0.000000e+00   0.000000e+00
         4.4500   1.585000e-02   9.826000e-01   1.518000e-03   1.178000e-10   0.000000e+00   0.000000e+00   0.000000e+00   0.000000e+00   0.000000e+00
         4.5000   1.100000e-02   9.821000e-01   6.875000e-03   6.381000e-09   2.074000e-19   0.000000e+00   0.000000e+00   0.000000e+00   0.000000e+00
         4.5500   7.969000e-03   9.676000e-01   2.440000e-02   1.968000e-07   1.497000e-16   0.000000e+00   0.000000e+00   0.000000e+00   0.000000e+00
         4.6000   5.780000e-03   9.246000e-01   6.959000e-02   3.677000e-06   4.591000e-14   0.000000e+00   0.000000e+00   0.000000e+00   0.000000e+00
         4.6500   4.024000e-03   8.341000e-01   1.618000e-01   4.407000e-05   6.565000e-12   0.000000e+00   0.000000e+00   0.000000e+00   0.000000e+00
         4.7000   2.587000e-03   6.891000e-01   3.080000e-01   3.544000e-04   4.734000e-10   2.689000e-20   0.000000e+00   0.000000e+00   0.000000e+00
         4.7500   1.505000e-03   5.128000e-01   4.837000e-01   1.997000e-03   1.859000e-08   1.827000e-17   0.000000e+00   0.000000e+00   0.000000e+00
         4.8000   7.972000e-04   3.471000e-01   6.438000e-01   8.325000e-03   4.333000e-07   5.491000e-15   0.000000e+00   0.000000e+00   0.000000e+00
         4.8500   3.937000e-04   2.189000e-01   7.535000e-01   2.719000e-02   6.540000e-06   8.235000e-13   0.000000e+00   0.000000e+00   0.000000e+00
         4.9000   1.844000e-04   1.308000e-01   7.963000e-01   7.263000e-02   6.849000e-05   6.803000e-11   7.851000e-18   0.000000e+00   0.000000e+00
         4.9500   8.171000e-05   7.404000e-02   7.638000e-01   1.615000e-01   5.184000e-04   3.310000e-09   3.943000e-15   0.000000e+00   0.000000e+00
         5.0000   3.375000e-05   3.905000e-02   6.587000e-01   2.994000e-01   2.892000e-03   9.900000e-08   9.587000e-13   0.000000e+00   0.000000e+00
         5.0500   1.283000e-05   1.896000e-02   5.064000e-01   4.625000e-01   1.210000e-02   1.887000e-06   1.201000e-10   0.000000e+00   0.000000e+00
         5.1000   4.497000e-06   8.483000e-03   3.490000e-01   6.036000e-01   3.894000e-02   2.398000e-05   8.289000e-09   0.000000e+00   0.000000e+00
         5.1500   1.468000e-06   3.532000e-03   2.183000e-01   6.784000e-01   9.954000e-02   2.128000e-04   3.374000e-07   0.000000e+00   0.000000e+00
         5.2000   4.484000e-07   1.375000e-03   1.249000e-01   6.655000e-01   2.068000e-01   1.369000e-03   8.558000e-06   0.000000e+00   0.000000e+00
         5.2500   1.280000e-07   4.993000e-04   6.539000e-02   5.733000e-01   3.541000e-01   6.553000e-03   1.412000e-04   0.000000e+00   0.000000e+00
         5.3000   3.411000e-08   1.691000e-04   3.137000e-02   4.363000e-01   5.067000e-01   2.391000e-02   1.575000e-03   0.000000e+00   0.000000e+00
         5.3500   8.475000e-09   5.324000e-05   1.378000e-02   2.944000e-01   6.117000e-01   6.783000e-02   1.227000e-02   2.288000e-18   0.000000e+00
         5.4000   1.898000e-09   1.508000e-05   5.365000e-03   1.712000e-01   6.093000e-01   1.475000e-01   6.658000e-02   9.211000e-16   0.000000e+00
         5.4500   3.476000e-10   3.484000e-06   1.682000e-03   7.819000e-02   4.585000e-01   2.270000e-01   2.347000e-01   1.531000e-13   0.000000e+00
         5.5000   4.760000e-11   6.002000e-07   3.885000e-04   2.575000e-02   2.404000e-01   2.295000e-01   5.039000e-01   1.036000e-11   0.000000e+00
         5.5500   5.283000e-12   8.354000e-08   7.176000e-05   6.652000e-03   9.591000e-02   1.676000e-01   7.298000e-01   3.296000e-10   0.000000e+00
         5.6000   5.608000e-13   1.108000e-08   1.252000e-05   1.596000e-03   3.457000e-02   1.055000e-01   8.583000e-01   6.182000e-09   2.258000e-19
         5.6500   6.303000e-14   1.552000e-09   2.284000e-06   3.944000e-04   1.254000e-02   6.418000e-02   9.229000e-01   7.965000e-08   5.281000e-17
         5.7000   7.786000e-15   2.381000e-10   4.528000e-07   1.045000e-04   4.770000e-03   3.946000e-02   9.557000e-01   7.661000e-07   6.826000e-15
         5.7500   1.066000e-15   4.032000e-11   9.840000e-08   3.000000e-05   1.928000e-03   2.494000e-02   9.731000e-01   5.772000e-06   5.290000e-13
         5.8000   1.615000e-16   7.532000e-12   2.342000e-08   9.332000e-06   8.301000e-04   1.631000e-02   9.828000e-01   3.521000e-05   2.615000e-11
         5.8500   2.701000e-17   1.547000e-12   6.093000e-09   3.142000e-06   3.811000e-04   1.107000e-02   9.884000e-01   1.783000e-04   8.676000e-10
         5.9000   4.981000e-18   3.493000e-13   1.732000e-09   1.146000e-06   1.869000e-04   7.841000e-03   9.912000e-01   7.645000e-04   2.016000e-08
         5.9500   1.015000e-18   8.679000e-14   5.390000e-10   4.543000e-07   9.839000e-05   5.829000e-03   9.913000e-01   2.815000e-03   3.398000e-07
         6.0000   2.288000e-19   2.376000e-14   1.840000e-10   1.960000e-07   5.575000e-05   4.572000e-03   9.864000e-01   8.989000e-03   4.274000e-06
         6.0500   5.676000e-20   7.134000e-15   6.850000e-11   9.166000e-08   3.389000e-05   3.778000e-03   9.712000e-01   2.496000e-02   4.088000e-05
         6.1000   1.524000e-20   2.310000e-15   2.738000e-11   4.574000e-08   2.179000e-05   3.244000e-03   9.363000e-01   6.011000e-02   3.010000e-04
         6.1500   0.000000e+00   7.847000e-16   1.143000e-11   2.369000e-08   1.442000e-05   2.820000e-03   8.708000e-01   1.246000e-01   1.716000e-03
         6.2000   0.000000e+00   2.704000e-16   4.818000e-12   1.234000e-08   9.515000e-06   2.407000e-03   7.687000e-01   2.213000e-01   7.617000e-03
         6.2500   0.000000e+00   9.172000e-17   1.992000e-12   6.270000e-09   6.078000e-06   1.959000e-03   6.355000e-01   3.360000e-01   2.659000e-02
         6.3000   0.000000e+00   2.988000e-17   7.881000e-13   3.036000e-09   3.671000e-06   1.487000e-03   4.867000e-01   4.379000e-01   7.391000e-02
         6.3500   0.000000e+00   9.158000e-18   2.924000e-13   1.373000e-09   2.056000e-06   1.033000e-03   3.418000e-01   4.916000e-01   1.656000e-01
         6.4000   0.000000e+00   2.604000e-18   1.003000e-13   5.714000e-10   1.053000e-06   6.484000e-04   2.185000e-01   4.781000e-01   3.028000e-01
         6.4500   0.000000e+00   6.879000e-19   3.188000e-14   2.194000e-10   4.939000e-07   3.690000e-04   1.278000e-01   4.094000e-01   4.624000e-01
         6.5000   0.000000e+00   1.720000e-19   9.556000e-15   7.915000e-11   2.165000e-07   1.944000e-04   7.000000e-02   3.182000e-01   6.116000e-01
         6.5500   0.000000e+00   4.183000e-20   2.779000e-15   2.760000e-11   9.121000e-08   9.763000e-05   3.696000e-02   2.329000e-01   7.301000e-01
         6.6000   0.000000e+00   1.015000e-20   8.041000e-16   9.540000e-12   3.789000e-08   4.803000e-05   1.932000e-02   1.655000e-01   8.152000e-01
         6.6500   0.000000e+00   0.000000e+00   2.354000e-16   3.325000e-12   1.579000e-08   2.357000e-05   1.019000e-02   1.167000e-01   8.731000e-01
         6.7000   0.000000e+00   0.000000e+00   7.035000e-17   1.179000e-12   6.666000e-09   1.167000e-05   5.467000e-03   8.265000e-02   9.119000e-01
         6.7500   0.000000e+00   0.000000e+00   2.156000e-17   4.278000e-13   2.865000e-09   5.864000e-06   3.003000e-03   5.924000e-02   9.377000e-01
         6.8000   0.000000e+00   0.000000e+00   6.782000e-18   1.588000e-13   1.256000e-09   2.995000e-06   1.690000e-03   4.310000e-02   9.552000e-01
         6.8500   0.000000e+00   0.000000e+00   2.189000e-18   6.033000e-14   5.611000e-10   1.557000e-06   9.747000e-04   3.185000e-02   9.672000e-01
         6.9000   0.000000e+00   0.000000e+00   7.237000e-19   2.343000e-14   2.555000e-10   8.236000e-07   5.754000e-04   2.391000e-02   9.755000e-01
         6.9500   0.000000e+00   0.000000e+00   2.449000e-19   9.285000e-15   1.185000e-10   4.430000e-07   3.473000e-04   1.823000e-02   9.814000e-01
         7.0000   0.000000e+00   0.000000e+00   8.467000e-20   3.752000e-15   5.586000e-11   2.422000e-07   2.140000e-04   1.409000e-02   9.857000e-01
         7.0500   0.000000e+00   0.000000e+00   2.988000e-20   1.544000e-15   2.677000e-11   1.345000e-07   1.344000e-04   1.104000e-02   9.888000e-01
         7.1000   0.000000e+00   0.000000e+00   1.075000e-20   6.466000e-16   1.302000e-11   7.577000e-08   8.598000e-05   8.755000e-03   9.912000e-01
         7.1500   0.000000e+00   0.000000e+00   0.000000e+00   2.751000e-16   6.429000e-12   4.330000e-08   5.593000e-05   7.023000e-03   9.929000e-01
         7.2000   0.000000e+00   0.000000e+00   0.000000e+00   1.188000e-16   3.217000e-12   2.507000e-08   3.695000e-05   5.692000e-03   9.943000e-01
         7.2500   0.000000e+00   0.000000e+00   0.000000e+00   5.205000e-17   1.631000e-12   1.470000e-08   2.477000e-05   4.658000e-03   9.953000e-01
         7.3000   0.000000e+00   0.000000e+00   0.000000e+00   2.311000e-17   8.369000e-13   8.728000e-09   1.684000e-05   3.846000e-03   9.961000e-01
         7.3500   0.000000e+00   0.000000e+00   0.000000e+00   1.040000e-17   4.346000e-13   5.240000e-09   1.159000e-05   3.201000e-03   9.968000e-01
         7.4000   0.000000e+00   0.000000e+00   0.000000e+00   4.736000e-18   2.282000e-13   3.181000e-09   8.068000e-06   2.683000e-03   9.973000e-01
         7.4500   0.000000e+00   0.000000e+00   0.000000e+00   2.183000e-18   1.211000e-13   1.950000e-09   5.679000e-06   2.265000e-03   9.977000e-01
         7.5000   0.000000e+00   0.000000e+00   0.000000e+00   1.017000e-18   6.489000e-14   1.207000e-09   4.038000e-06   1.924000e-03   9.981000e-01
         7.5500   0.000000e+00   0.000000e+00   0.000000e+00   4.789000e-19   3.510000e-14   7.540000e-10   2.898000e-06   1.643000e-03   9.984000e-01
         7.6000   0.000000e+00   0.000000e+00   0.000000e+00   2.277000e-19   1.915000e-14   4.748000e-10   2.097000e-06   1.410000e-03   9.986000e-01
         7.6500   0.000000e+00   0.000000e+00   0.000000e+00   1.092000e-19   1.053000e-14   3.013000e-10   1.529000e-06   1.215000e-03   9.988000e-01
         7.7000   0.000000e+00   0.000000e+00   0.000000e+00   5.285000e-20   5.837000e-15   1.926000e-10   1.123000e-06   1.052000e-03   9.989000e-01
         7.7500   0.000000e+00   0.000000e+00   0.000000e+00   2.577000e-20   3.257000e-15   1.239000e-10   8.297000e-07   9.136000e-04   9.991000e-01
         7.8000   0.000000e+00   0.000000e+00   0.000000e+00   1.266000e-20   1.830000e-15   8.022000e-11   6.167000e-07   7.960000e-04   9.992000e-01
         7.8500   0.000000e+00   0.000000e+00   0.000000e+00   0.000000e+00   1.034000e-15   5.222000e-11   4.608000e-07   6.955000e-04   9.993000e-01
         7.9000   0.000000e+00   0.000000e+00   0.000000e+00   0.000000e+00   5.876000e-16   3.416000e-11   3.459000e-07   6.092000e-04   9.994000e-01
         7.9500   0.000000e+00   0.000000e+00   0.000000e+00   0.000000e+00   3.356000e-16   2.245000e-11   2.608000e-07   5.347000e-04   9.995000e-01
         8.0000   0.000000e+00   0.000000e+00   0.000000e+00   0.000000e+00   1.925000e-16   1.482000e-11   1.973000e-07   4.702000e-04   9.995000e-01
         8.0500   0.000000e+00   0.000000e+00   0.000000e+00   0.000000e+00   1.109000e-16   9.814000e-12   1.498000e-07   4.141000e-04   9.996000e-01
         8.1000   0.000000e+00   0.000000e+00   0.000000e+00   0.000000e+00   6.418000e-17   6.523000e-12   1.141000e-07   3.652000e-04   9.996000e-01
         8.1500   0.000000e+00   0.000000e+00   0.000000e+00   0.000000e+00   3.726000e-17   4.350000e-12   8.713000e-08   3.224000e-04   9.997000e-01
         8.2000   0.000000e+00   0.000000e+00   0.000000e+00   0.000000e+00   2.171000e-17   2.910000e-12   6.672000e-08   2.850000e-04   9.997000e-01
         8.2500   0.000000e+00   0.000000e+00   0.000000e+00   0.000000e+00   1.269000e-17   1.952000e-12   5.120000e-08   2.521000e-04   9.997000e-01
         8.3000   0.000000e+00   0.000000e+00   0.000000e+00   0.000000e+00   7.440000e-18   1.313000e-12   3.938000e-08   2.233000e-04   9.998000e-01
         8.3500   0.000000e+00   0.000000e+00   0.000000e+00   0.000000e+00   4.375000e-18   8.849000e-13   3.035000e-08   1.978000e-04   9.998000e-01
         8.4000   0.000000e+00   0.000000e+00   0.000000e+00   0.000000e+00   2.579000e-18   5.979000e-13   2.344000e-08   1.754000e-04   9.998000e-01
         8.4500   0.000000e+00   0.000000e+00   0.000000e+00   0.000000e+00   1.525000e-18   4.049000e-13   1.813000e-08   1.556000e-04   9.998000e-01
         8.5000   0.000000e+00   0.000000e+00   0.000000e+00   0.000000e+00   9.037000e-19   2.748000e-13   1.405000e-08   1.381000e-04   9.999000e-01
         8.5500   0.000000e+00   0.000000e+00   0.000000e+00   0.000000e+00   5.369000e-19   1.869000e-13   1.090000e-08   1.227000e-04   9.999000e-01
         8.6000   0.000000e+00   0.000000e+00   0.000000e+00   0.000000e+00   3.196000e-19   1.273000e-13   8.475000e-09   1.090000e-04   9.999000e-01
         8.6500   0.000000e+00   0.000000e+00   0.000000e+00   0.000000e+00   1.907000e-19   8.688000e-14   6.596000e-09   9.686000e-05   9.999000e-01
         8.7000   0.000000e+00   0.000000e+00   0.000000e+00   0.000000e+00   1.140000e-19   5.938000e-14   5.140000e-09   8.612000e-05   9.999000e-01
         8.7500   0.000000e+00   0.000000e+00   0.000000e+00   0.000000e+00   6.825000e-20   4.064000e-14   4.009000e-09   7.658000e-05   9.999000e-01
         8.8000   0.000000e+00   0.000000e+00   0.000000e+00   0.000000e+00   4.093000e-20   2.785000e-14   3.130000e-09   6.812000e-05   9.999000e-01
         8.8500   0.000000e+00   0.000000e+00   0.000000e+00   0.000000e+00   2.458000e-20   1.911000e-14   2.446000e-09   6.060000e-05   9.999000e-01
         8.9000   0.000000e+00   0.000000e+00   0.000000e+00   0.000000e+00   1.478000e-20   1.312000e-14   1.912000e-09   5.391000e-05   9.999000e-01
         8.9500   0.000000e+00   0.000000e+00   0.000000e+00   0.000000e+00   0.000000e+00   9.018000e-15   1.496000e-09   4.797000e-05   1.000000e+00
         9.0000   0.000000e+00   0.000000e+00   0.000000e+00   0.000000e+00   0.000000e+00   6.204000e-15   1.171000e-09   4.268000e-05   1.000000e+00
