# CIE ionization fractions for C (Z=6)
# Source: CHIANTI v11.0.2 chianti.ioneq (Dere et al. 2009)
# T grid: 101 log-spaced points, 10^4.00 K -> 10^9.00 K
# Generated by pyathena/photchem/data/build_ioneq_tables.py
#
# log_T_K        x_C0           x_C1           x_C2           x_C3           x_C4           x_C5           x_C6         
         4.0000   9.676000e-01   3.239000e-02   1.162000e-11   0.000000e+00   0.000000e+00   0.000000e+00   0.000000e+00
         4.0500   8.672000e-01   1.328000e-01   1.162000e-09   0.000000e+00   0.000000e+00   0.000000e+00   0.000000e+00
         4.1000   6.284000e-01   3.716000e-01   5.670000e-08   0.000000e+00   0.000000e+00   0.000000e+00   0.000000e+00
         4.1500   3.423000e-01   6.577000e-01   1.289000e-06   0.000000e+00   0.000000e+00   0.000000e+00   0.000000e+00
         4.2000   1.613000e-01   8.387000e-01   1.592000e-05   9.277000e-19   0.000000e+00   0.000000e+00   0.000000e+00
         4.2500   7.881000e-02   9.211000e-01   1.294000e-04   3.402000e-16   0.000000e+00   0.000000e+00   0.000000e+00
         4.3000   4.303000e-02   9.562000e-01   7.657000e-04   5.769000e-14   0.000000e+00   0.000000e+00   0.000000e+00
         4.3500   2.615000e-02   9.704000e-01   3.453000e-03   5.034000e-12   0.000000e+00   0.000000e+00   0.000000e+00
         4.4000   1.713000e-02   9.706000e-01   1.228000e-02   2.473000e-10   0.000000e+00   0.000000e+00   0.000000e+00
         4.4500   1.168000e-02   9.527000e-01   3.560000e-02   7.431000e-09   4.619000e-18   0.000000e+00   0.000000e+00
         4.5000   7.999000e-03   9.056000e-01   8.643000e-02   1.460000e-07   1.876000e-15   0.000000e+00   0.000000e+00
         4.5500   5.326000e-03   8.166000e-01   1.781000e-01   1.963000e-06   3.810000e-13   0.000000e+00   0.000000e+00
         4.6000   3.349000e-03   6.840000e-01   3.127000e-01   1.867000e-05   4.134000e-11   0.000000e+00   0.000000e+00
         4.6500   1.960000e-03   5.267000e-01   4.712000e-01   1.292000e-04   2.545000e-09   0.000000e+00   0.000000e+00
         4.7000   1.073000e-03   3.759000e-01   6.224000e-01   6.785000e-04   9.512000e-08   0.000000e+00   0.000000e+00
         4.7500   5.599000e-04   2.540000e-01   7.426000e-01   2.831000e-03   2.316000e-06   0.000000e+00   0.000000e+00
         4.8000   2.845000e-04   1.661000e-01   8.237000e-01   9.800000e-03   3.922000e-05   0.000000e+00   0.000000e+00
         4.8500   1.422000e-04   1.064000e-01   8.640000e-01   2.899000e-02   4.846000e-04   0.000000e+00   0.000000e+00
         4.9000   6.953000e-05   6.632000e-02   8.551000e-01   7.398000e-02   4.487000e-03   0.000000e+00   0.000000e+00
         4.9500   3.197000e-05   3.876000e-02   7.716000e-01   1.588000e-01   3.084000e-02   0.000000e+00   0.000000e+00
         5.0000   1.247000e-05   1.914000e-02   5.738000e-01   2.616000e-01   1.454000e-01   6.030000e-20   0.000000e+00
         5.0500   3.503000e-06   6.793000e-03   3.000000e-01   2.842000e-01   4.090000e-01   2.744000e-17   0.000000e+00
         5.1000   6.967000e-07   1.702000e-03   1.085000e-01   2.018000e-01   6.879000e-01   4.361000e-15   0.000000e+00
         5.1500   1.187000e-07   3.643000e-04   3.295000e-02   1.143000e-01   8.524000e-01   3.161000e-13   0.000000e+00
         5.2000   2.038000e-08   7.837000e-05   9.888000e-03   6.113000e-02   9.289000e-01   1.314000e-11   0.000000e+00
         5.2500   3.761000e-09   1.808000e-05   3.135000e-03   3.316000e-02   9.637000e-01   3.556000e-10   0.000000e+00
         5.3000   7.587000e-10   4.550000e-06   1.070000e-03   1.866000e-02   9.803000e-01   6.718000e-09   3.064000e-20
         5.3500   1.674000e-10   1.249000e-06   3.938000e-04   1.095000e-02   9.887000e-01   9.299000e-08   1.078000e-17
         5.4000   4.019000e-11   3.723000e-07   1.556000e-04   6.704000e-03   9.931000e-01   9.792000e-07   2.059000e-15
         5.4500   1.044000e-11   1.197000e-07   6.568000e-05   4.268000e-03   9.957000e-01   8.092000e-06   2.287000e-13
         5.5000   2.920000e-12   4.136000e-08   2.950000e-05   2.822000e-03   9.971000e-01   5.391000e-05   1.567000e-11
         5.5500   8.765000e-13   1.530000e-08   1.406000e-05   1.938000e-03   9.978000e-01   2.963000e-04   6.977000e-10
         5.6000   2.826000e-13   6.062000e-09   7.122000e-06   1.385000e-03   9.972000e-01   1.370000e-03   2.112000e-08
         5.6500   9.818000e-14   2.581000e-09   3.843000e-06   1.037000e-03   9.936000e-01   5.399000e-03   4.512000e-07
         5.7000   3.678000e-14   1.182000e-09   2.213000e-06   8.144000e-04   9.809000e-01   1.826000e-02   6.985000e-06
         5.7500   1.474000e-14   5.776000e-10   1.350000e-06   6.673000e-04   9.465000e-01   5.272000e-02   7.941000e-05
         5.8000   6.152000e-15   2.933000e-10   8.511000e-07   5.568000e-04   8.713000e-01   1.274000e-01   6.611000e-04
         5.8500   2.572000e-15   1.488000e-10   5.329000e-07   4.554000e-04   7.436000e-01   2.519000e-01   3.995000e-03
         5.9000   1.041000e-15   7.282000e-11   3.205000e-07   3.531000e-04   5.786000e-01   4.034000e-01   1.758000e-02
         5.9500   4.004000e-16   3.382000e-11   1.821000e-07   2.556000e-04   4.111000e-01   5.308000e-01   5.785000e-02
         6.0000   1.449000e-16   1.473000e-11   9.663000e-08   1.708000e-04   2.677000e-01   5.855000e-01   1.466000e-01
         6.0500   4.848000e-17   5.919000e-12   4.715000e-08   1.038000e-04   1.589000e-01   5.482000e-01   2.928000e-01
         6.1000   1.489000e-17   2.178000e-12   2.098000e-08   5.694000e-05   8.590000e-02   4.425000e-01   4.715000e-01
         6.1500   4.264000e-18   7.455000e-13   8.655000e-09   2.868000e-05   4.316000e-02   3.186000e-01   6.382000e-01
         6.2000   1.177000e-18   2.455000e-13   3.421000e-09   1.372000e-05   2.087000e-02   2.141000e-01   7.650000e-01
         6.2500   3.232000e-19   8.019000e-14   1.336000e-09   6.437000e-06   1.004000e-02   1.399000e-01   8.501000e-01
         6.3000   9.009000e-20   2.654000e-14   5.269000e-10   3.028000e-06   4.903000e-03   9.120000e-02   9.039000e-01
         6.3500   2.576000e-20   8.990000e-15   2.119000e-10   1.444000e-06   2.459000e-03   6.020000e-02   9.373000e-01
         6.4000   0.000000e+00   3.130000e-15   8.732000e-11   7.018000e-07   1.272000e-03   4.051000e-02   9.582000e-01
         6.4500   0.000000e+00   1.120000e-15   3.689000e-11   3.483000e-07   6.786000e-04   2.787000e-02   9.715000e-01
         6.5000   0.000000e+00   4.117000e-16   1.597000e-11   1.765000e-07   3.732000e-04   1.960000e-02   9.800000e-01
         6.5500   0.000000e+00   1.551000e-16   7.074000e-12   9.122000e-08   2.111000e-04   1.408000e-02   9.857000e-01
         6.6000   0.000000e+00   5.979000e-17   3.200000e-12   4.804000e-08   1.226000e-04   1.032000e-02   9.896000e-01
         6.6500   0.000000e+00   2.354000e-17   1.476000e-12   2.574000e-08   7.291000e-05   7.704000e-03   9.922000e-01
         6.7000   0.000000e+00   9.447000e-18   6.931000e-13   1.402000e-08   4.433000e-05   5.849000e-03   9.941000e-01
         6.7500   0.000000e+00   3.861000e-18   3.310000e-13   7.758000e-09   2.751000e-05   4.509000e-03   9.955000e-01
         6.8000   0.000000e+00   1.605000e-18   1.606000e-13   4.355000e-09   1.740000e-05   3.525000e-03   9.965000e-01
         6.8500   0.000000e+00   6.783000e-19   7.909000e-14   2.479000e-09   1.120000e-05   2.792000e-03   9.972000e-01
         6.9000   0.000000e+00   2.910000e-19   3.949000e-14   1.430000e-09   7.325000e-06   2.237000e-03   9.978000e-01
         6.9500   0.000000e+00   1.267000e-19   1.998000e-14   8.347000e-10   4.863000e-06   1.812000e-03   9.982000e-01
         7.0000   0.000000e+00   5.597000e-20   1.024000e-14   4.931000e-10   3.274000e-06   1.482000e-03   9.985000e-01
         7.0500   0.000000e+00   2.505000e-20   5.308000e-15   2.946000e-10   2.233000e-06   1.223000e-03   9.988000e-01
         7.1000   0.000000e+00   1.136000e-20   2.784000e-15   1.779000e-10   1.542000e-06   1.017000e-03   9.990000e-01
         7.1500   0.000000e+00   0.000000e+00   1.476000e-15   1.085000e-10   1.076000e-06   8.529000e-04   9.991000e-01
         7.2000   0.000000e+00   0.000000e+00   7.903000e-16   6.683000e-11   7.593000e-07   7.198000e-04   9.993000e-01
         7.2500   0.000000e+00   0.000000e+00   4.274000e-16   4.152000e-11   5.408000e-07   6.113000e-04   9.994000e-01
         7.3000   0.000000e+00   0.000000e+00   2.332000e-16   2.601000e-11   3.885000e-07   5.219000e-04   9.995000e-01
         7.3500   0.000000e+00   0.000000e+00   1.283000e-16   1.643000e-11   2.814000e-07   4.479000e-04   9.996000e-01
         7.4000   0.000000e+00   0.000000e+00   7.116000e-17   1.045000e-11   2.053000e-07   3.861000e-04   9.996000e-01
         7.4500   0.000000e+00   0.000000e+00   3.976000e-17   6.689000e-12   1.508000e-07   3.341000e-04   9.997000e-01
         7.5000   0.000000e+00   0.000000e+00   2.236000e-17   4.309000e-12   1.114000e-07   2.902000e-04   9.997000e-01
         7.5500   0.000000e+00   0.000000e+00   1.266000e-17   2.792000e-12   8.278000e-08   2.528000e-04   9.997000e-01
         7.6000   0.000000e+00   0.000000e+00   7.206000e-18   1.818000e-12   6.181000e-08   2.209000e-04   9.998000e-01
         7.6500   0.000000e+00   0.000000e+00   4.123000e-18   1.190000e-12   4.636000e-08   1.935000e-04   9.998000e-01
         7.7000   0.000000e+00   0.000000e+00   2.371000e-18   7.818000e-13   3.492000e-08   1.698000e-04   9.998000e-01
         7.7500   0.000000e+00   0.000000e+00   1.369000e-18   5.157000e-13   2.639000e-08   1.493000e-04   9.999000e-01
         7.8000   0.000000e+00   0.000000e+00   7.940000e-19   3.415000e-13   2.001000e-08   1.315000e-04   9.999000e-01
         7.8500   0.000000e+00   0.000000e+00   4.621000e-19   2.268000e-13   1.522000e-08   1.160000e-04   9.999000e-01
         7.9000   0.000000e+00   0.000000e+00   2.699000e-19   1.511000e-13   1.161000e-08   1.024000e-04   9.999000e-01
         7.9500   0.000000e+00   0.000000e+00   1.582000e-19   1.010000e-13   8.872000e-09   9.053000e-05   9.999000e-01
         8.0000   0.000000e+00   0.000000e+00   9.298000e-20   6.768000e-14   6.799000e-09   8.009000e-05   9.999000e-01
         8.0500   0.000000e+00   0.000000e+00   5.481000e-20   4.546000e-14   5.221000e-09   7.092000e-05   9.999000e-01
         8.1000   0.000000e+00   0.000000e+00   3.240000e-20   3.061000e-14   4.017000e-09   6.284000e-05   9.999000e-01
         8.1500   0.000000e+00   0.000000e+00   1.920000e-20   2.066000e-14   3.097000e-09   5.571000e-05   9.999000e-01
         8.2000   0.000000e+00   0.000000e+00   1.141000e-20   1.397000e-14   2.392000e-09   4.943000e-05   1.000000e+00
         8.2500   0.000000e+00   0.000000e+00   0.000000e+00   9.472000e-15   1.850000e-09   4.387000e-05   1.000000e+00
         8.3000   0.000000e+00   0.000000e+00   0.000000e+00   6.432000e-15   1.434000e-09   3.896000e-05   1.000000e+00
         8.3500   0.000000e+00   0.000000e+00   0.000000e+00   4.376000e-15   1.113000e-09   3.462000e-05   1.000000e+00
         8.4000   0.000000e+00   0.000000e+00   0.000000e+00   2.982000e-15   8.644000e-10   3.077000e-05   1.000000e+00
         8.4500   0.000000e+00   0.000000e+00   0.000000e+00   2.035000e-15   6.724000e-10   2.735000e-05   1.000000e+00
         8.5000   0.000000e+00   0.000000e+00   0.000000e+00   1.391000e-15   5.236000e-10   2.432000e-05   1.000000e+00
         8.5500   0.000000e+00   0.000000e+00   0.000000e+00   9.517000e-16   4.082000e-10   2.164000e-05   1.000000e+00
         8.6000   0.000000e+00   0.000000e+00   0.000000e+00   6.519000e-16   3.184000e-10   1.925000e-05   1.000000e+00
         8.6500   0.000000e+00   0.000000e+00   0.000000e+00   4.471000e-16   2.486000e-10   1.712000e-05   1.000000e+00
         8.7000   0.000000e+00   0.000000e+00   0.000000e+00   3.068000e-16   1.942000e-10   1.523000e-05   1.000000e+00
         8.7500   0.000000e+00   0.000000e+00   0.000000e+00   2.108000e-16   1.518000e-10   1.355000e-05   1.000000e+00
         8.8000   0.000000e+00   0.000000e+00   0.000000e+00   1.449000e-16   1.187000e-10   1.206000e-05   1.000000e+00
         8.8500   0.000000e+00   0.000000e+00   0.000000e+00   9.965000e-17   9.285000e-11   1.073000e-05   1.000000e+00
         8.9000   0.000000e+00   0.000000e+00   0.000000e+00   6.858000e-17   7.266000e-11   9.544000e-06   1.000000e+00
         8.9500   0.000000e+00   0.000000e+00   0.000000e+00   4.722000e-17   5.688000e-11   8.490000e-06   1.000000e+00
         9.0000   0.000000e+00   0.000000e+00   0.000000e+00   3.253000e-17   4.454000e-11   7.551000e-06   1.000000e+00
