# CIE ionization fractions for S (Z=16)
# Source: CHIANTI v11.0.2 chianti.ioneq (Dere et al. 2009)
# T grid: 101 log-spaced points, 10^4.00 K -> 10^9.00 K
# Generated by pyathena/photchem/data/build_ioneq_tables.py
#
# log_T_K        x_S0           x_S1           x_S2           x_S3           x_S4           x_S5           x_S6           x_S7           x_S8           x_S9           x_S10          x_S11          x_S12          x_S13          x_S14          x_S15          x_S16        
         4.0000   8.525000e-01   1.475000e-01   3.600000e-10   0.000000e+00   0.000000e+00   0.000000e+00   0.000000e+00   0.000000e+00   0.000000e+00   0.000000e+00   0.000000e+00   0.000000e+00   0.000000e+00   0.000000e+00   0.000000e+00   0.000000e+00   0.000000e+00
         4.0500   5.760000e-01   4.240000e-01   2.405000e-08   0.000000e+00   0.000000e+00   0.000000e+00   0.000000e+00   0.000000e+00   0.000000e+00   0.000000e+00   0.000000e+00   0.000000e+00   0.000000e+00   0.000000e+00   0.000000e+00   0.000000e+00   0.000000e+00
         4.1000   2.690000e-01   7.310000e-01   6.992000e-07   2.561000e-18   0.000000e+00   0.000000e+00   0.000000e+00   0.000000e+00   0.000000e+00   0.000000e+00   0.000000e+00   0.000000e+00   0.000000e+00   0.000000e+00   0.000000e+00   0.000000e+00   0.000000e+00
         4.1500   1.019000e-01   8.981000e-01   1.082000e-05   1.431000e-15   0.000000e+00   0.000000e+00   0.000000e+00   0.000000e+00   0.000000e+00   0.000000e+00   0.000000e+00   0.000000e+00   0.000000e+00   0.000000e+00   0.000000e+00   0.000000e+00   0.000000e+00
         4.2000   3.812000e-02   9.618000e-01   1.116000e-04   3.637000e-13   0.000000e+00   0.000000e+00   0.000000e+00   0.000000e+00   0.000000e+00   0.000000e+00   0.000000e+00   0.000000e+00   0.000000e+00   0.000000e+00   0.000000e+00   0.000000e+00   0.000000e+00
         4.2500   1.550000e-02   9.836000e-01   8.535000e-04   4.861000e-11   0.000000e+00   0.000000e+00   0.000000e+00   0.000000e+00   0.000000e+00   0.000000e+00   0.000000e+00   0.000000e+00   0.000000e+00   0.000000e+00   0.000000e+00   0.000000e+00   0.000000e+00
         4.3000   7.132000e-03   9.878000e-01   5.027000e-03   3.650000e-09   3.620000e-19   0.000000e+00   0.000000e+00   0.000000e+00   0.000000e+00   0.000000e+00   0.000000e+00   0.000000e+00   0.000000e+00   0.000000e+00   0.000000e+00   0.000000e+00   0.000000e+00
         4.3500   3.758000e-03   9.734000e-01   2.286000e-02   1.581000e-07   3.482000e-16   0.000000e+00   0.000000e+00   0.000000e+00   0.000000e+00   0.000000e+00   0.000000e+00   0.000000e+00   0.000000e+00   0.000000e+00   0.000000e+00   0.000000e+00   0.000000e+00
         4.4000   2.203000e-03   9.185000e-01   7.931000e-02   3.973000e-06   1.364000e-13   0.000000e+00   0.000000e+00   0.000000e+00   0.000000e+00   0.000000e+00   0.000000e+00   0.000000e+00   0.000000e+00   0.000000e+00   0.000000e+00   0.000000e+00   0.000000e+00
         4.4500   1.343000e-03   7.955000e-01   2.031000e-01   5.711000e-05   2.203000e-11   0.000000e+00   0.000000e+00   0.000000e+00   0.000000e+00   0.000000e+00   0.000000e+00   0.000000e+00   0.000000e+00   0.000000e+00   0.000000e+00   0.000000e+00   0.000000e+00
         4.5000   7.929000e-04   6.123000e-01   3.864000e-01   4.824000e-04   1.554000e-09   9.400000e-20   0.000000e+00   0.000000e+00   0.000000e+00   0.000000e+00   0.000000e+00   0.000000e+00   0.000000e+00   0.000000e+00   0.000000e+00   0.000000e+00   0.000000e+00
         4.5500   4.437000e-04   4.240000e-01   5.730000e-01   2.584000e-03   5.340000e-08   5.086000e-17   0.000000e+00   0.000000e+00   0.000000e+00   0.000000e+00   0.000000e+00   0.000000e+00   0.000000e+00   0.000000e+00   0.000000e+00   0.000000e+00   0.000000e+00
         4.6000   2.396000e-04   2.756000e-01   7.143000e-01   9.768000e-03   1.031000e-06   1.143000e-14   0.000000e+00   0.000000e+00   0.000000e+00   0.000000e+00   0.000000e+00   0.000000e+00   0.000000e+00   0.000000e+00   0.000000e+00   0.000000e+00   0.000000e+00
         4.6500   1.274000e-04   1.741000e-01   7.971000e-01   2.861000e-02   1.272000e-05   1.264000e-12   1.150000e-20   0.000000e+00   0.000000e+00   0.000000e+00   0.000000e+00   0.000000e+00   0.000000e+00   0.000000e+00   0.000000e+00   0.000000e+00   0.000000e+00
         4.7000   6.702000e-05   1.083000e-01   8.226000e-01   6.897000e-02   1.096000e-04   7.777000e-11   9.796000e-18   0.000000e+00   0.000000e+00   0.000000e+00   0.000000e+00   0.000000e+00   0.000000e+00   0.000000e+00   0.000000e+00   0.000000e+00   0.000000e+00
         4.7500   3.446000e-05   6.574000e-02   7.923000e-01   1.412000e-01   6.990000e-04   2.902000e-09   3.860000e-15   0.000000e+00   0.000000e+00   0.000000e+00   0.000000e+00   0.000000e+00   0.000000e+00   0.000000e+00   0.000000e+00   0.000000e+00   0.000000e+00
         4.8000   1.708000e-05   3.851000e-02   7.092000e-01   2.488000e-01   3.409000e-03   6.954000e-08   7.673000e-13   0.000000e+00   0.000000e+00   0.000000e+00   0.000000e+00   0.000000e+00   0.000000e+00   0.000000e+00   0.000000e+00   0.000000e+00   0.000000e+00
         4.8500   8.046000e-06   2.148000e-02   5.858000e-01   3.797000e-01   1.301000e-02   1.118000e-06   8.246000e-11   0.000000e+00   0.000000e+00   0.000000e+00   0.000000e+00   0.000000e+00   0.000000e+00   0.000000e+00   0.000000e+00   0.000000e+00   0.000000e+00
         4.9000   3.566000e-06   1.129000e-02   4.444000e-01   5.046000e-01   3.963000e-02   1.250000e-05   5.091000e-09   0.000000e+00   0.000000e+00   0.000000e+00   0.000000e+00   0.000000e+00   0.000000e+00   0.000000e+00   0.000000e+00   0.000000e+00   0.000000e+00
         4.9500   1.474000e-06   5.550000e-03   3.089000e-01   5.875000e-01   9.792000e-02   1.006000e-04   1.904000e-07   0.000000e+00   0.000000e+00   0.000000e+00   0.000000e+00   0.000000e+00   0.000000e+00   0.000000e+00   0.000000e+00   0.000000e+00   0.000000e+00
         5.0000   5.660000e-07   2.542000e-03   1.962000e-01   6.016000e-01   1.990000e-01   5.977000e-04   4.515000e-06   2.151000e-18   0.000000e+00   0.000000e+00   0.000000e+00   0.000000e+00   0.000000e+00   0.000000e+00   0.000000e+00   0.000000e+00   0.000000e+00
         5.0500   2.013000e-07   1.082000e-03   1.140000e-01   5.448000e-01   3.374000e-01   2.693000e-03   7.083000e-05   1.288000e-15   0.000000e+00   0.000000e+00   0.000000e+00   0.000000e+00   0.000000e+00   0.000000e+00   0.000000e+00   0.000000e+00   0.000000e+00
         5.1000   6.683000e-08   4.321000e-04   6.101000e-02   4.419000e-01   4.864000e-01   9.477000e-03   7.685000e-04   3.570000e-13   0.000000e+00   0.000000e+00   0.000000e+00   0.000000e+00   0.000000e+00   0.000000e+00   0.000000e+00   0.000000e+00   0.000000e+00
         5.1500   2.096000e-08   1.634000e-04   3.050000e-02   3.263000e-01   6.101000e-01   2.691000e-02   6.032000e-03   4.978000e-11   0.000000e+00   0.000000e+00   0.000000e+00   0.000000e+00   0.000000e+00   0.000000e+00   0.000000e+00   0.000000e+00   0.000000e+00
         5.2000   6.182000e-09   5.824000e-05   1.418000e-02   2.193000e-01   6.689000e-01   6.246000e-02   3.510000e-02   3.705000e-09   2.892000e-18   0.000000e+00   0.000000e+00   0.000000e+00   0.000000e+00   0.000000e+00   0.000000e+00   0.000000e+00   0.000000e+00
         5.2500   1.613000e-09   1.838000e-05   5.780000e-03   1.267000e-01   6.081000e-01   1.133000e-01   1.461000e-01   1.470000e-07   1.644000e-15   0.000000e+00   0.000000e+00   0.000000e+00   0.000000e+00   0.000000e+00   0.000000e+00   0.000000e+00   0.000000e+00
         5.3000   3.288000e-10   4.533000e-06   1.823000e-03   5.562000e-02   4.074000e-01   1.437000e-01   3.914000e-01   2.897000e-06   3.471000e-13   0.000000e+00   0.000000e+00   0.000000e+00   0.000000e+00   0.000000e+00   0.000000e+00   0.000000e+00   0.000000e+00
         5.3500   5.058000e-11   8.433000e-07   4.294000e-04   1.797000e-02   1.953000e-01   1.246000e-01   6.617000e-01   2.871000e-05   2.856000e-11   4.685000e-19   0.000000e+00   0.000000e+00   0.000000e+00   0.000000e+00   0.000000e+00   0.000000e+00   0.000000e+00
         5.4000   6.823000e-12   1.376000e-07   8.801000e-05   4.978000e-03   7.837000e-02   8.678000e-02   8.296000e-01   1.734000e-04   1.146000e-09   1.752000e-16   0.000000e+00   0.000000e+00   0.000000e+00   0.000000e+00   0.000000e+00   0.000000e+00   0.000000e+00
         5.4500   9.439000e-13   2.301000e-08   1.839000e-05   1.389000e-03   3.099000e-02   5.750000e-02   9.093000e-01   7.715000e-04   2.784000e-08   3.159000e-14   0.000000e+00   0.000000e+00   0.000000e+00   0.000000e+00   0.000000e+00   0.000000e+00   0.000000e+00
         5.5000   1.444000e-13   4.255000e-09   4.224000e-06   4.212000e-04   1.307000e-02   3.936000e-02   9.443000e-01   2.800000e-03   4.634000e-07   3.192000e-12   1.446000e-18   0.000000e+00   0.000000e+00   0.000000e+00   0.000000e+00   0.000000e+00   0.000000e+00
         5.5500   2.487000e-14   8.863000e-10   1.086000e-06   1.415000e-04   6.004000e-03   2.855000e-02   9.566000e-01   8.681000e-03   5.637000e-06   1.968000e-10   5.842000e-16   0.000000e+00   0.000000e+00   0.000000e+00   0.000000e+00   0.000000e+00   0.000000e+00
         5.6000   4.761000e-15   2.051000e-10   3.086000e-07   5.211000e-05   2.979000e-03   2.182000e-02   9.516000e-01   2.346000e-02   5.195000e-05   7.826000e-09   1.256000e-13   1.612000e-19   0.000000e+00   0.000000e+00   0.000000e+00   0.000000e+00   0.000000e+00
         5.6500   9.830000e-16   5.120000e-11   9.447000e-08   2.049000e-05   1.558000e-03   1.716000e-02   9.252000e-01   5.570000e-02   3.702000e-04   2.080000e-07   1.519000e-11   1.075000e-16   0.000000e+00   0.000000e+00   0.000000e+00   0.000000e+00   0.000000e+00
         5.7000   2.117000e-16   1.333000e-11   3.006000e-08   8.311000e-06   8.308000e-04   1.348000e-02   8.677000e-01   1.159000e-01   2.059000e-03   3.783000e-06   1.077000e-09   3.550000e-14   1.298000e-19   0.000000e+00   0.000000e+00   0.000000e+00   0.000000e+00
         5.7500   4.594000e-17   3.496000e-12   9.593000e-09   3.357000e-06   4.365000e-04   1.022000e-02   7.706000e-01   2.097000e-01   8.977000e-03   4.781000e-05   4.616000e-08   6.081000e-12   1.064000e-16   0.000000e+00   0.000000e+00   0.000000e+00   0.000000e+00
         5.8000   9.720000e-18   8.938000e-13   2.968000e-09   1.306000e-06   2.188000e-04   7.258000e-03   6.347000e-01   3.267000e-01   3.069000e-02   4.249000e-04   1.225000e-06   5.626000e-10   4.052000e-14   6.348000e-19   0.000000e+00   0.000000e+00   0.000000e+00
         5.8500   1.951000e-18   2.167000e-13   8.664000e-10   4.762000e-07   1.019000e-04   4.704000e-03   4.758000e-01   4.342000e-01   8.248000e-02   2.689000e-03   2.065000e-05   2.916000e-08   7.552000e-12   5.083000e-16   2.217000e-20   0.000000e+00   0.000000e+00
         5.9000   3.628000e-19   4.862000e-14   2.337000e-10   1.595000e-07   4.327000e-05   2.731000e-03   3.197000e-01   4.899000e-01   1.751000e-01   1.230000e-02   2.267000e-04   8.799000e-07   7.256000e-10   1.817000e-13   3.211000e-17   0.000000e+00   0.000000e+00
         5.9500   6.148000e-20   9.932000e-15   5.744000e-11   4.842000e-08   1.652000e-05   1.404000e-03   1.907000e-01   4.686000e-01   2.962000e-01   4.142000e-02   1.670000e-03   1.609000e-05   3.788000e-08   3.097000e-11   1.933000e-14   0.000000e+00   0.000000e+00
         6.0000   0.000000e+00   1.838000e-15   1.278000e-11   1.323000e-08   5.640000e-06   6.358000e-04   1.005000e-01   3.811000e-01   4.041000e-01   1.049000e-01   8.533000e-03   1.860000e-04   1.134000e-06   2.690000e-09   5.247000e-12   0.000000e+00   0.000000e+00
         6.0500   0.000000e+00   3.084000e-16   2.565000e-12   3.246000e-09   1.717000e-06   2.532000e-04   4.677000e-02   2.649000e-01   4.507000e-01   2.047000e-01   3.125000e-02   1.421000e-03   2.053000e-05   1.270000e-07   6.940000e-10   0.000000e+00   0.000000e+00
         6.1000   0.000000e+00   4.678000e-17   4.645000e-13   7.146000e-10   4.663000e-07   8.882000e-05   1.923000e-02   1.584000e-01   4.161000e-01   3.138000e-01   8.466000e-02   7.466000e-03   2.362000e-04   3.463000e-06   4.807000e-08   0.000000e+00   0.000000e+00
         6.1500   0.000000e+00   6.408000e-18   7.580000e-14   1.412000e-10   1.130000e-07   2.747000e-05   6.996000e-03   8.188000e-02   3.215000e-01   3.854000e-01   1.743000e-01   2.800000e-02   1.807000e-03   5.761000e-05   1.863000e-06   3.931000e-18   0.000000e+00
         6.2000   0.000000e+00   7.921000e-19   1.114000e-14   2.500000e-11   2.440000e-08   7.494000e-06   2.252000e-03   3.672000e-02   2.097000e-01   3.847000e-01   2.792000e-01   7.729000e-02   9.551000e-03   6.140000e-04   4.278000e-05   1.850000e-15   0.000000e+00
         6.2500   0.000000e+00   8.799000e-20   1.467000e-15   3.952000e-12   4.680000e-09   1.798000e-06   6.387000e-04   1.427000e-02   1.157000e-01   3.148000e-01   3.530000e-01   1.607000e-01   3.595000e-02   4.359000e-03   6.106000e-04   3.958000e-13   0.000000e+00
         6.3000   0.000000e+00   0.000000e+00   1.706000e-16   5.494000e-13   7.855000e-10   3.743000e-07   1.575000e-04   4.748000e-03   5.358000e-02   2.104000e-01   3.529000e-01   2.538000e-01   9.776000e-02   2.109000e-02   5.584000e-03   4.104000e-11   1.960000e-20
         6.3500   0.000000e+00   0.000000e+00   1.692000e-17   6.493000e-14   1.116000e-10   6.542000e-08   3.265000e-05   1.311000e-03   2.023000e-02   1.120000e-01   2.735000e-01   3.000000e-01   1.905000e-01   6.952000e-02   3.289000e-02   2.137000e-09   1.067000e-17
         6.4000   0.000000e+00   0.000000e+00   1.362000e-18   6.205000e-15   1.277000e-11   9.141000e-09   5.417000e-06   2.865000e-04   5.948000e-03   4.551000e-02   1.580000e-01   2.566000e-01   2.584000e-01   1.526000e-01   1.227000e-01   5.646000e-08   2.315000e-15
         6.4500   0.000000e+00   0.000000e+00   8.715000e-20   4.700000e-16   1.153000e-12   1.002000e-09   7.053000e-07   4.859000e-05   1.340000e-03   1.392000e-02   6.733000e-02   1.577000e-01   2.435000e-01   2.239000e-01   2.922000e-01   7.810000e-07   2.125000e-13
         6.5000   0.000000e+00   0.000000e+00   0.000000e+00   3.015000e-17   8.785000e-14   9.210000e-11   7.705000e-08   6.851000e-06   2.476000e-04   3.443000e-03   2.279000e-02   7.528000e-02   1.730000e-01   2.395000e-01   4.857000e-01   6.317000e-06   9.421000e-12
         6.5500   0.000000e+00   0.000000e+00   0.000000e+00   1.835000e-18   6.329000e-15   7.964000e-12   7.915000e-09   9.004000e-07   4.220000e-05   7.743000e-04   6.903000e-03   3.154000e-02   1.050000e-01   2.127000e-01   6.430000e-01   3.471000e-05   2.394000e-10
         6.6000   0.000000e+00   0.000000e+00   0.000000e+00   1.157000e-19   4.709000e-16   7.080000e-13   8.357000e-10   1.207000e-07   7.258000e-06   1.736000e-04   2.056000e-03   1.277000e-02   6.021000e-02   1.736000e-01   7.511000e-01   1.459000e-04   3.999000e-09
         6.6500   0.000000e+00   0.000000e+00   0.000000e+00   0.000000e+00   3.794000e-17   6.787000e-14   9.509000e-11   1.730000e-08   1.323000e-06   4.080000e-05   6.336000e-04   5.272000e-03   3.446000e-02   1.381000e-01   8.210000e-01   5.045000e-04   4.802000e-08
         6.7000   0.000000e+00   0.000000e+00   0.000000e+00   0.000000e+00   3.377000e-18   7.161000e-15   1.190000e-11   2.708000e-09   2.613000e-07   1.028000e-05   2.071000e-04   2.276000e-03   2.024000e-02   1.103000e-01   8.655000e-01   1.497000e-03   4.389000e-07
         6.7500   0.000000e+00   0.000000e+00   0.000000e+00   0.000000e+00   3.337000e-19   8.359000e-16   1.646000e-12   4.657000e-10   5.625000e-08   2.800000e-06   7.238000e-05   1.038000e-03   1.234000e-02   8.966000e-02   8.930000e-01   3.914000e-03   3.175000e-06
         6.8000   0.000000e+00   0.000000e+00   0.000000e+00   0.000000e+00   3.646000e-20   1.076000e-16   2.509000e-13   8.769000e-11   1.317000e-08   8.223000e-07   2.703000e-05   5.001000e-04   7.824000e-03   7.440000e-02   9.081000e-01   9.166000e-03   1.870000e-05
         6.8500   0.000000e+00   0.000000e+00   0.000000e+00   0.000000e+00   0.000000e+00   1.513000e-17   4.173000e-14   1.792000e-11   3.324000e-09   2.586000e-07   1.072000e-05   2.533000e-04   5.139000e-03   6.285000e-02   9.122000e-01   1.947000e-02   9.179000e-05
         6.9000   0.000000e+00   0.000000e+00   0.000000e+00   0.000000e+00   0.000000e+00   2.295000e-18   7.479000e-15   3.923000e-12   8.941000e-10   8.611000e-08   4.467000e-06   1.336000e-04   3.468000e-03   5.368000e-02   9.045000e-01   3.783000e-02   3.823000e-04
         6.9500   0.000000e+00   0.000000e+00   0.000000e+00   0.000000e+00   0.000000e+00   3.702000e-19   1.423000e-15   9.072000e-13   2.527000e-10   2.995000e-08   1.930000e-06   7.248000e-05   2.379000e-03   4.593000e-02   8.826000e-01   6.765000e-02   1.370000e-03
         7.0000   0.000000e+00   0.000000e+00   0.000000e+00   0.000000e+00   0.000000e+00   6.246000e-20   2.829000e-16   2.182000e-13   7.389000e-11   1.072000e-08   8.530000e-07   3.992000e-05   1.638000e-03   3.895000e-02   8.433000e-01   1.118000e-01   4.276000e-03
         7.0500   0.000000e+00   0.000000e+00   0.000000e+00   0.000000e+00   0.000000e+00   1.085000e-20   5.782000e-17   5.369000e-14   2.201000e-11   3.887000e-09   3.798000e-07   2.200000e-05   1.118000e-03   3.236000e-02   7.838000e-01   1.709000e-01   1.171000e-02
         7.1000   0.000000e+00   0.000000e+00   0.000000e+00   0.000000e+00   0.000000e+00   0.000000e+00   1.195000e-17   1.331000e-14   6.577000e-12   1.407000e-09   1.679000e-07   1.197000e-05   7.463000e-04   2.604000e-02   7.032000e-01   2.417000e-01   2.826000e-02
         7.1500   0.000000e+00   0.000000e+00   0.000000e+00   0.000000e+00   0.000000e+00   0.000000e+00   2.462000e-18   3.274000e-15   1.942000e-12   5.013000e-10   7.265000e-08   6.335000e-06   4.810000e-04   2.007000e-02   6.037000e-01   3.154000e-01   6.036000e-02
         7.2000   0.000000e+00   0.000000e+00   0.000000e+00   0.000000e+00   0.000000e+00   0.000000e+00   4.983000e-19   7.886000e-16   5.592000e-13   1.735000e-10   3.039000e-08   3.225000e-06   2.961000e-04   1.468000e-02   4.920000e-01   3.787000e-01   1.143000e-01
         7.2500   0.000000e+00   0.000000e+00   0.000000e+00   0.000000e+00   0.000000e+00   0.000000e+00   9.818000e-20   1.843000e-16   1.557000e-13   5.780000e-11   1.219000e-08   1.567000e-06   1.728000e-04   1.012000e-02   3.789000e-01   4.184000e-01   1.924000e-01
         7.3000   0.000000e+00   0.000000e+00   0.000000e+00   0.000000e+00   0.000000e+00   0.000000e+00   1.877000e-20   4.165000e-17   4.179000e-14   1.850000e-11   4.678000e-09   7.246000e-07   9.555000e-05   6.575000e-03   2.759000e-01   4.271000e-01   2.903000e-01
         7.3500   0.000000e+00   0.000000e+00   0.000000e+00   0.000000e+00   0.000000e+00   0.000000e+00   0.000000e+00   9.142000e-18   1.086000e-14   5.712000e-12   1.725000e-09   3.208000e-07   5.031000e-05   4.055000e-03   1.912000e-01   4.069000e-01   3.978000e-01
         7.4000   0.000000e+00   0.000000e+00   0.000000e+00   0.000000e+00   0.000000e+00   0.000000e+00   0.000000e+00   1.966000e-18   2.755000e-15   1.717000e-12   6.172000e-10   1.372000e-07   2.549000e-05   2.400000e-03   1.276000e-01   3.667000e-01   5.033000e-01
         7.4500   0.000000e+00   0.000000e+00   0.000000e+00   0.000000e+00   0.000000e+00   0.000000e+00   0.000000e+00   4.185000e-19   6.907000e-16   5.083000e-13   2.167000e-10   5.740000e-08   1.258000e-05   1.380000e-03   8.298000e-02   3.174000e-01   5.982000e-01
         7.5000   0.000000e+00   0.000000e+00   0.000000e+00   0.000000e+00   0.000000e+00   0.000000e+00   0.000000e+00   8.914000e-20   1.727000e-16   1.497000e-13   7.548000e-11   2.374000e-08   6.121000e-06   7.810000e-04   5.325000e-02   2.674000e-01   6.786000e-01
         7.5500   0.000000e+00   0.000000e+00   0.000000e+00   0.000000e+00   0.000000e+00   0.000000e+00   0.000000e+00   1.914000e-20   4.345000e-17   4.425000e-14   2.631000e-11   9.789000e-09   2.961000e-06   4.388000e-04   3.402000e-02   2.216000e-01   7.439000e-01
         7.6000   0.000000e+00   0.000000e+00   0.000000e+00   0.000000e+00   0.000000e+00   0.000000e+00   0.000000e+00   0.000000e+00   1.106000e-17   1.320000e-14   9.230000e-12   4.053000e-09   1.434000e-06   2.465000e-04   2.178000e-02   1.821000e-01   7.959000e-01
         7.6500   0.000000e+00   0.000000e+00   0.000000e+00   0.000000e+00   0.000000e+00   0.000000e+00   0.000000e+00   0.000000e+00   2.859000e-18   3.992000e-15   3.275000e-12   1.692000e-09   6.989000e-07   1.392000e-04   1.405000e-02   1.492000e-01   8.366000e-01
         7.7000   0.000000e+00   0.000000e+00   0.000000e+00   0.000000e+00   0.000000e+00   0.000000e+00   0.000000e+00   0.000000e+00   7.521000e-19   1.226000e-15   1.177000e-12   7.142000e-10   3.437000e-07   7.928000e-05   9.151000e-03   1.223000e-01   8.684000e-01
         7.7500   0.000000e+00   0.000000e+00   0.000000e+00   0.000000e+00   0.000000e+00   0.000000e+00   0.000000e+00   0.000000e+00   2.016000e-19   3.830000e-16   4.297000e-13   3.053000e-10   1.708000e-07   4.560000e-05   6.028000e-03   1.006000e-01   8.933000e-01
         7.8000   0.000000e+00   0.000000e+00   0.000000e+00   0.000000e+00   0.000000e+00   0.000000e+00   0.000000e+00   0.000000e+00   5.508000e-20   1.217000e-16   1.592000e-13   1.322000e-10   8.591000e-08   2.652000e-05   4.020000e-03   8.308000e-02   9.129000e-01
         7.8500   0.000000e+00   0.000000e+00   0.000000e+00   0.000000e+00   0.000000e+00   0.000000e+00   0.000000e+00   0.000000e+00   1.534000e-20   3.936000e-17   5.994000e-14   5.806000e-11   4.374000e-08   1.560000e-05   2.715000e-03   6.897000e-02   9.283000e-01
         7.9000   0.000000e+00   0.000000e+00   0.000000e+00   0.000000e+00   0.000000e+00   0.000000e+00   0.000000e+00   0.000000e+00   0.000000e+00   1.295000e-17   2.292000e-14   2.584000e-11   2.254000e-08   9.290000e-06   1.856000e-03   5.756000e-02   9.406000e-01
         7.9500   0.000000e+00   0.000000e+00   0.000000e+00   0.000000e+00   0.000000e+00   0.000000e+00   0.000000e+00   0.000000e+00   0.000000e+00   4.333000e-18   8.895000e-15   1.166000e-11   1.176000e-08   5.596000e-06   1.284000e-03   4.832000e-02   9.504000e-01
         8.0000   0.000000e+00   0.000000e+00   0.000000e+00   0.000000e+00   0.000000e+00   0.000000e+00   0.000000e+00   0.000000e+00   0.000000e+00   1.474000e-18   3.504000e-15   5.329000e-12   6.211000e-09   3.410000e-06   8.990000e-04   4.078000e-02   9.583000e-01
         8.0500   0.000000e+00   0.000000e+00   0.000000e+00   0.000000e+00   0.000000e+00   0.000000e+00   0.000000e+00   0.000000e+00   0.000000e+00   5.093000e-19   1.400000e-15   2.467000e-12   3.317000e-09   2.101000e-06   6.363000e-04   3.460000e-02   9.648000e-01
         8.1000   0.000000e+00   0.000000e+00   0.000000e+00   0.000000e+00   0.000000e+00   0.000000e+00   0.000000e+00   0.000000e+00   0.000000e+00   1.786000e-19   5.672000e-16   1.156000e-12   1.791000e-09   1.308000e-06   4.551000e-04   2.951000e-02   9.700000e-01
         8.1500   0.000000e+00   0.000000e+00   0.000000e+00   0.000000e+00   0.000000e+00   0.000000e+00   0.000000e+00   0.000000e+00   0.000000e+00   6.353000e-20   2.327000e-16   5.476000e-13   9.773000e-10   8.224000e-07   3.285000e-04   2.529000e-02   9.744000e-01
         8.2000   0.000000e+00   0.000000e+00   0.000000e+00   0.000000e+00   0.000000e+00   0.000000e+00   0.000000e+00   0.000000e+00   0.000000e+00   2.290000e-20   9.663000e-17   2.623000e-13   5.384000e-10   5.218000e-07   2.393000e-04   2.176000e-02   9.780000e-01
         8.2500   0.000000e+00   0.000000e+00   0.000000e+00   0.000000e+00   0.000000e+00   0.000000e+00   0.000000e+00   0.000000e+00   0.000000e+00   0.000000e+00   4.058000e-17   1.269000e-13   2.993000e-10   3.339000e-07   1.757000e-04   1.880000e-02   9.810000e-01
         8.3000   0.000000e+00   0.000000e+00   0.000000e+00   0.000000e+00   0.000000e+00   0.000000e+00   0.000000e+00   0.000000e+00   0.000000e+00   0.000000e+00   1.722000e-17   6.195000e-14   1.677000e-10   2.154000e-07   1.300000e-04   1.630000e-02   9.836000e-01
         8.3500   0.000000e+00   0.000000e+00   0.000000e+00   0.000000e+00   0.000000e+00   0.000000e+00   0.000000e+00   0.000000e+00   0.000000e+00   0.000000e+00   7.383000e-18   3.051000e-14   9.476000e-11   1.399000e-07   9.680000e-05   1.418000e-02   9.857000e-01
         8.4000   0.000000e+00   0.000000e+00   0.000000e+00   0.000000e+00   0.000000e+00   0.000000e+00   0.000000e+00   0.000000e+00   0.000000e+00   0.000000e+00   3.194000e-18   1.515000e-14   5.392000e-11   9.152000e-08   7.253000e-05   1.237000e-02   9.876000e-01
         8.4500   0.000000e+00   0.000000e+00   0.000000e+00   0.000000e+00   0.000000e+00   0.000000e+00   0.000000e+00   0.000000e+00   0.000000e+00   0.000000e+00   1.393000e-18   7.580000e-15   3.089000e-11   6.023000e-08   5.465000e-05   1.082000e-02   9.891000e-01
         8.5000   0.000000e+00   0.000000e+00   0.000000e+00   0.000000e+00   0.000000e+00   0.000000e+00   0.000000e+00   0.000000e+00   0.000000e+00   0.000000e+00   6.127000e-19   3.818000e-15   1.780000e-11   3.985000e-08   4.138000e-05   9.485000e-03   9.905000e-01
         8.5500   0.000000e+00   0.000000e+00   0.000000e+00   0.000000e+00   0.000000e+00   0.000000e+00   0.000000e+00   0.000000e+00   0.000000e+00   0.000000e+00   2.713000e-19   1.935000e-15   1.031000e-11   2.650000e-08   3.146000e-05   8.332000e-03   9.916000e-01
         8.6000   0.000000e+00   0.000000e+00   0.000000e+00   0.000000e+00   0.000000e+00   0.000000e+00   0.000000e+00   0.000000e+00   0.000000e+00   0.000000e+00   1.209000e-19   9.861000e-16   6.004000e-12   1.770000e-08   2.402000e-05   7.331000e-03   9.926000e-01
         8.6500   0.000000e+00   0.000000e+00   0.000000e+00   0.000000e+00   0.000000e+00   0.000000e+00   0.000000e+00   0.000000e+00   0.000000e+00   0.000000e+00   5.418000e-20   5.051000e-16   3.511000e-12   1.187000e-08   1.840000e-05   6.460000e-03   9.935000e-01
         8.7000   0.000000e+00   0.000000e+00   0.000000e+00   0.000000e+00   0.000000e+00   0.000000e+00   0.000000e+00   0.000000e+00   0.000000e+00   0.000000e+00   2.442000e-20   2.599000e-16   2.062000e-12   7.986000e-09   1.413000e-05   5.700000e-03   9.943000e-01
         8.7500   0.000000e+00   0.000000e+00   0.000000e+00   0.000000e+00   0.000000e+00   0.000000e+00   0.000000e+00   0.000000e+00   0.000000e+00   0.000000e+00   1.106000e-20   1.343000e-16   1.215000e-12   5.391000e-09   1.089000e-05   5.036000e-03   9.950000e-01
         8.8000   0.000000e+00   0.000000e+00   0.000000e+00   0.000000e+00   0.000000e+00   0.000000e+00   0.000000e+00   0.000000e+00   0.000000e+00   0.000000e+00   0.000000e+00   6.970000e-17   7.187000e-13   3.651000e-09   8.409000e-06   4.453000e-03   9.955000e-01
         8.8500   0.000000e+00   0.000000e+00   0.000000e+00   0.000000e+00   0.000000e+00   0.000000e+00   0.000000e+00   0.000000e+00   0.000000e+00   0.000000e+00   0.000000e+00   3.629000e-17   4.264000e-13   2.479000e-09   6.509000e-06   3.941000e-03   9.961000e-01
         8.9000   0.000000e+00   0.000000e+00   0.000000e+00   0.000000e+00   0.000000e+00   0.000000e+00   0.000000e+00   0.000000e+00   0.000000e+00   0.000000e+00   0.000000e+00   1.896000e-17   2.537000e-13   1.687000e-09   5.049000e-06   3.491000e-03   9.965000e-01
         8.9500   0.000000e+00   0.000000e+00   0.000000e+00   0.000000e+00   0.000000e+00   0.000000e+00   0.000000e+00   0.000000e+00   0.000000e+00   0.000000e+00   0.000000e+00   9.937000e-18   1.513000e-13   1.151000e-09   3.923000e-06   3.094000e-03   9.969000e-01
         9.0000   0.000000e+00   0.000000e+00   0.000000e+00   0.000000e+00   0.000000e+00   0.000000e+00   0.000000e+00   0.000000e+00   0.000000e+00   0.000000e+00   0.000000e+00   5.223000e-18   9.050000e-14   7.868000e-10   3.054000e-06   2.744000e-03   9.973000e-01
