# CIE ionization fractions for Ca (Z=20)
# Source: CHIANTI v11.0.2 chianti.ioneq (Dere et al. 2009)
# T grid: 101 log-spaced points, 10^4.00 K -> 10^9.00 K
# Generated by pyathena/photchem/data/build_ioneq_tables.py
#
# log_T_K        x_Ca0          x_Ca1          x_Ca2          x_Ca3          x_Ca4          x_Ca5          x_Ca6          x_Ca7          x_Ca8          x_Ca9          x_Ca10         x_Ca11         x_Ca12         x_Ca13         x_Ca14         x_Ca15         x_Ca16         x_Ca17         x_Ca18         x_Ca19         x_Ca20       
         4.0000   1.354000e-01   8.590000e-01   5.523000e-03   0.000000e+00   0.000000e+00   0.000000e+00   0.000000e+00   0.000000e+00   0.000000e+00   0.000000e+00   0.000000e+00   0.000000e+00   0.000000e+00   0.000000e+00   0.000000e+00   0.000000e+00   0.000000e+00   0.000000e+00   0.000000e+00   0.000000e+00   0.000000e+00
         4.0500   7.557000e-02   8.952000e-01   2.925000e-02   0.000000e+00   0.000000e+00   0.000000e+00   0.000000e+00   0.000000e+00   0.000000e+00   0.000000e+00   0.000000e+00   0.000000e+00   0.000000e+00   0.000000e+00   0.000000e+00   0.000000e+00   0.000000e+00   0.000000e+00   0.000000e+00   0.000000e+00   0.000000e+00
         4.1000   3.981000e-02   8.416000e-01   1.186000e-01   9.181000e-19   0.000000e+00   0.000000e+00   0.000000e+00   0.000000e+00   0.000000e+00   0.000000e+00   0.000000e+00   0.000000e+00   0.000000e+00   0.000000e+00   0.000000e+00   0.000000e+00   0.000000e+00   0.000000e+00   0.000000e+00   0.000000e+00   0.000000e+00
         4.1500   1.778000e-02   6.440000e-01   3.382000e-01   4.962000e-16   0.000000e+00   0.000000e+00   0.000000e+00   0.000000e+00   0.000000e+00   0.000000e+00   0.000000e+00   0.000000e+00   0.000000e+00   0.000000e+00   0.000000e+00   0.000000e+00   0.000000e+00   0.000000e+00   0.000000e+00   0.000000e+00   0.000000e+00
         4.2000   6.108000e-03   3.656000e-01   6.283000e-01   1.004000e-13   0.000000e+00   0.000000e+00   0.000000e+00   0.000000e+00   0.000000e+00   0.000000e+00   0.000000e+00   0.000000e+00   0.000000e+00   0.000000e+00   0.000000e+00   0.000000e+00   0.000000e+00   0.000000e+00   0.000000e+00   0.000000e+00   0.000000e+00
         4.2500   1.735000e-03   1.662000e-01   8.321000e-01   8.850000e-12   0.000000e+00   0.000000e+00   0.000000e+00   0.000000e+00   0.000000e+00   0.000000e+00   0.000000e+00   0.000000e+00   0.000000e+00   0.000000e+00   0.000000e+00   0.000000e+00   0.000000e+00   0.000000e+00   0.000000e+00   0.000000e+00   0.000000e+00
         4.3000   4.745000e-04   7.058000e-02   9.289000e-01   4.238000e-10   0.000000e+00   0.000000e+00   0.000000e+00   0.000000e+00   0.000000e+00   0.000000e+00   0.000000e+00   0.000000e+00   0.000000e+00   0.000000e+00   0.000000e+00   0.000000e+00   0.000000e+00   0.000000e+00   0.000000e+00   0.000000e+00   0.000000e+00
         4.3500   1.364000e-04   3.071000e-02   9.692000e-01   1.282000e-08   0.000000e+00   0.000000e+00   0.000000e+00   0.000000e+00   0.000000e+00   0.000000e+00   0.000000e+00   0.000000e+00   0.000000e+00   0.000000e+00   0.000000e+00   0.000000e+00   0.000000e+00   0.000000e+00   0.000000e+00   0.000000e+00   0.000000e+00
         4.4000   4.255000e-05   1.417000e-02   9.858000e-01   2.664000e-07   9.575000e-18   0.000000e+00   0.000000e+00   0.000000e+00   0.000000e+00   0.000000e+00   0.000000e+00   0.000000e+00   0.000000e+00   0.000000e+00   0.000000e+00   0.000000e+00   0.000000e+00   0.000000e+00   0.000000e+00   0.000000e+00   0.000000e+00
         4.4500   1.455000e-05   7.016000e-03   9.930000e-01   3.999000e-06   4.980000e-15   0.000000e+00   0.000000e+00   0.000000e+00   0.000000e+00   0.000000e+00   0.000000e+00   0.000000e+00   0.000000e+00   0.000000e+00   0.000000e+00   0.000000e+00   0.000000e+00   0.000000e+00   0.000000e+00   0.000000e+00   0.000000e+00
         4.5000   5.503000e-06   3.774000e-03   9.962000e-01   4.453000e-05   1.296000e-12   0.000000e+00   0.000000e+00   0.000000e+00   0.000000e+00   0.000000e+00   0.000000e+00   0.000000e+00   0.000000e+00   0.000000e+00   0.000000e+00   0.000000e+00   0.000000e+00   0.000000e+00   0.000000e+00   0.000000e+00   0.000000e+00
         4.5500   2.344000e-06   2.247000e-03   9.974000e-01   3.671000e-04   1.678000e-10   0.000000e+00   0.000000e+00   0.000000e+00   0.000000e+00   0.000000e+00   0.000000e+00   0.000000e+00   0.000000e+00   0.000000e+00   0.000000e+00   0.000000e+00   0.000000e+00   0.000000e+00   0.000000e+00   0.000000e+00   0.000000e+00
         4.6000   1.150000e-06   1.517000e-03   9.963000e-01   2.152000e-03   1.004000e-08   7.094000e-18   0.000000e+00   0.000000e+00   0.000000e+00   0.000000e+00   0.000000e+00   0.000000e+00   0.000000e+00   0.000000e+00   0.000000e+00   0.000000e+00   0.000000e+00   0.000000e+00   0.000000e+00   0.000000e+00   0.000000e+00
         4.6500   6.556000e-07   1.176000e-03   9.902000e-01   8.600000e-03   2.635000e-07   3.059000e-15   0.000000e+00   0.000000e+00   0.000000e+00   0.000000e+00   0.000000e+00   0.000000e+00   0.000000e+00   0.000000e+00   0.000000e+00   0.000000e+00   0.000000e+00   0.000000e+00   0.000000e+00   0.000000e+00   0.000000e+00
         4.7000   4.263000e-07   1.028000e-03   9.748000e-01   2.417000e-02   3.357000e-06   4.746000e-13   0.000000e+00   0.000000e+00   0.000000e+00   0.000000e+00   0.000000e+00   0.000000e+00   0.000000e+00   0.000000e+00   0.000000e+00   0.000000e+00   0.000000e+00   0.000000e+00   0.000000e+00   0.000000e+00   0.000000e+00
         4.7500   3.023000e-07   9.708000e-04   9.462000e-01   5.282000e-02   2.566000e-05   3.351000e-11   6.905000e-20   0.000000e+00   0.000000e+00   0.000000e+00   0.000000e+00   0.000000e+00   0.000000e+00   0.000000e+00   0.000000e+00   0.000000e+00   0.000000e+00   0.000000e+00   0.000000e+00   0.000000e+00   0.000000e+00
         4.8000   2.228000e-07   9.432000e-04   9.007000e-01   9.822000e-02   1.404000e-04   1.307000e-09   3.433000e-17   0.000000e+00   0.000000e+00   0.000000e+00   0.000000e+00   0.000000e+00   0.000000e+00   0.000000e+00   0.000000e+00   0.000000e+00   0.000000e+00   0.000000e+00   0.000000e+00   0.000000e+00   0.000000e+00
         4.8500   1.639000e-07   9.075000e-04   8.352000e-01   1.632000e-01   6.072000e-04   3.166000e-08   7.867000e-15   0.000000e+00   0.000000e+00   0.000000e+00   0.000000e+00   0.000000e+00   0.000000e+00   0.000000e+00   0.000000e+00   0.000000e+00   0.000000e+00   0.000000e+00   0.000000e+00   0.000000e+00   0.000000e+00
         4.9000   1.173000e-07   8.423000e-04   7.492000e-01   2.477000e-01   2.181000e-03   5.101000e-07   9.191000e-13   3.152000e-20   0.000000e+00   0.000000e+00   0.000000e+00   0.000000e+00   0.000000e+00   0.000000e+00   0.000000e+00   0.000000e+00   0.000000e+00   0.000000e+00   0.000000e+00   0.000000e+00   0.000000e+00
         4.9500   8.016000e-08   7.424000e-04   6.463000e-01   3.463000e-01   6.672000e-03   5.753000e-06   5.952000e-11   1.593000e-17   0.000000e+00   0.000000e+00   0.000000e+00   0.000000e+00   0.000000e+00   0.000000e+00   0.000000e+00   0.000000e+00   0.000000e+00   0.000000e+00   0.000000e+00   0.000000e+00   0.000000e+00
         5.0000   5.192000e-08   6.160000e-04   5.340000e-01   4.477000e-01   1.767000e-02   4.750000e-05   2.309000e-09   3.851000e-15   0.000000e+00   0.000000e+00   0.000000e+00   0.000000e+00   0.000000e+00   0.000000e+00   0.000000e+00   0.000000e+00   0.000000e+00   0.000000e+00   0.000000e+00   0.000000e+00   0.000000e+00
         5.0500   3.172000e-08   4.792000e-04   4.213000e-01   5.370000e-01   4.098000e-02   2.988000e-04   5.750000e-08   4.919000e-13   3.800000e-19   0.000000e+00   0.000000e+00   0.000000e+00   0.000000e+00   0.000000e+00   0.000000e+00   0.000000e+00   0.000000e+00   0.000000e+00   0.000000e+00   0.000000e+00   0.000000e+00
         5.1000   1.823000e-08   3.485000e-04   3.164000e-01   5.979000e-01   8.386000e-02   1.481000e-03   9.755000e-07   3.612000e-11   1.544000e-16   0.000000e+00   0.000000e+00   0.000000e+00   0.000000e+00   0.000000e+00   0.000000e+00   0.000000e+00   0.000000e+00   0.000000e+00   0.000000e+00   0.000000e+00   0.000000e+00
         5.1500   9.800000e-09   2.359000e-04   2.251000e-01   6.168000e-01   1.520000e-01   5.926000e-03   1.180000e-05   1.632000e-09   3.248000e-14   1.157000e-20   0.000000e+00   0.000000e+00   0.000000e+00   0.000000e+00   0.000000e+00   0.000000e+00   0.000000e+00   0.000000e+00   0.000000e+00   0.000000e+00   0.000000e+00
         5.2000   4.896000e-09   1.476000e-04   1.503000e-01   5.860000e-01   2.439000e-01   1.944000e-02   1.052000e-04   4.786000e-08   3.805000e-12   7.766000e-18   0.000000e+00   0.000000e+00   0.000000e+00   0.000000e+00   0.000000e+00   0.000000e+00   0.000000e+00   0.000000e+00   0.000000e+00   0.000000e+00   0.000000e+00
         5.2500   2.250000e-09   8.460000e-05   9.326000e-02   5.083000e-01   3.449000e-01   5.272000e-02   7.063000e-04   9.458000e-07   2.627000e-10   2.593000e-15   5.497000e-20   0.000000e+00   0.000000e+00   0.000000e+00   0.000000e+00   0.000000e+00   0.000000e+00   0.000000e+00   0.000000e+00   0.000000e+00   0.000000e+00
         5.3000   9.396000e-10   4.389000e-05   5.304000e-02   3.981000e-01   4.266000e-01   1.185000e-01   3.627000e-03   1.296000e-05   1.117000e-08   4.587000e-13   4.988000e-17   0.000000e+00   0.000000e+00   0.000000e+00   0.000000e+00   0.000000e+00   0.000000e+00   0.000000e+00   0.000000e+00   0.000000e+00   0.000000e+00
         5.3500   3.524000e-10   2.040000e-05   2.732000e-02   2.787000e-01   4.585000e-01   2.210000e-01   1.440000e-02   1.260000e-04   3.034000e-07   4.533000e-11   2.148000e-14   0.000000e+00   0.000000e+00   0.000000e+00   0.000000e+00   0.000000e+00   0.000000e+00   0.000000e+00   0.000000e+00   0.000000e+00   0.000000e+00
         5.4000   1.177000e-10   8.436000e-06   1.264000e-02   1.730000e-01   4.263000e-01   3.425000e-01   4.467000e-02   8.869000e-04   5.439000e-06   2.626000e-09   4.690000e-12   0.000000e+00   0.000000e+00   0.000000e+00   0.000000e+00   0.000000e+00   0.000000e+00   0.000000e+00   0.000000e+00   0.000000e+00   0.000000e+00
         5.4500   3.491000e-11   3.093000e-06   5.228000e-03   9.498000e-02   3.426000e-01   4.430000e-01   1.095000e-01   4.613000e-03   6.637000e-05   9.322000e-08   5.520000e-10   2.149000e-19   0.000000e+00   0.000000e+00   0.000000e+00   0.000000e+00   0.000000e+00   0.000000e+00   0.000000e+00   0.000000e+00   0.000000e+00
         5.5000   9.179000e-12   1.004000e-06   1.927000e-03   4.602000e-02   2.381000e-01   4.806000e-01   2.146000e-01   1.807000e-02   5.673000e-04   2.113000e-06   3.703000e-08   2.186000e-16   0.000000e+00   0.000000e+00   0.000000e+00   0.000000e+00   0.000000e+00   0.000000e+00   0.000000e+00   0.000000e+00   0.000000e+00
         5.5500   2.138000e-12   2.878000e-07   6.321000e-04   1.965000e-02   1.433000e-01   4.393000e-01   3.395000e-01   5.419000e-02   3.481000e-03   3.170000e-05   1.484000e-06   9.888000e-14   0.000000e+00   0.000000e+00   0.000000e+00   0.000000e+00   0.000000e+00   0.000000e+00   0.000000e+00   0.000000e+00   0.000000e+00
         5.6000   4.406000e-13   7.283000e-08   1.838000e-04   7.381000e-03   7.456000e-02   3.391000e-01   4.367000e-01   1.261000e-01   1.566000e-02   3.251000e-04   3.689000e-05   2.129000e-11   6.993000e-19   0.000000e+00   0.000000e+00   0.000000e+00   0.000000e+00   0.000000e+00   0.000000e+00   0.000000e+00   0.000000e+00
         5.6500   7.993000e-14   1.617000e-08   4.713000e-05   2.426000e-03   3.345000e-02   2.209000e-01   4.583000e-01   2.296000e-01   5.244000e-02   2.335000e-03   5.841000e-04   2.304000e-09   6.596000e-16   0.000000e+00   0.000000e+00   0.000000e+00   0.000000e+00   0.000000e+00   0.000000e+00   0.000000e+00   0.000000e+00
         5.7000   1.261000e-14   3.110000e-09   1.051000e-05   6.884000e-04   1.279000e-02   1.202000e-01   3.902000e-01   3.268000e-01   1.314000e-01   1.191000e-02   5.952000e-03   1.298000e-07   2.575000e-13   3.432000e-20   0.000000e+00   0.000000e+00   0.000000e+00   0.000000e+00   0.000000e+00   0.000000e+00   0.000000e+00
         5.7500   1.675000e-15   5.019000e-10   1.971000e-06   1.634000e-04   4.040000e-03   5.315000e-02   2.627000e-01   3.560000e-01   2.425000e-01   4.273000e-02   3.863000e-02   3.853000e-06   4.309000e-11   4.022000e-17   0.000000e+00   0.000000e+00   0.000000e+00   0.000000e+00   0.000000e+00   0.000000e+00   0.000000e+00
         5.8000   1.753000e-16   6.361000e-11   2.912000e-07   3.035000e-05   9.878000e-04   1.791000e-02   1.317000e-01   2.805000e-01   3.128000e-01   1.029000e-01   1.532000e-01   5.891000e-05   3.084000e-09   1.651000e-14   1.315000e-20   0.000000e+00   0.000000e+00   0.000000e+00   0.000000e+00   0.000000e+00   0.000000e+00
         5.8500   1.374000e-17   6.019000e-12   3.217000e-08   4.194000e-06   1.779000e-04   4.381000e-03   4.692000e-02   1.531000e-01   2.714000e-01   1.603000e-01   3.633000e-01   4.618000e-04   9.573000e-08   2.457000e-12   1.127000e-17   0.000000e+00   0.000000e+00   0.000000e+00   0.000000e+00   0.000000e+00   0.000000e+00
         5.9000   8.677000e-19   4.584000e-13   2.865000e-09   4.646000e-07   2.545000e-05   8.408000e-04   1.287000e-02   6.287000e-02   1.724000e-01   1.767000e-01   5.722000e-01   2.094000e-03   1.477000e-06   1.545000e-10   3.403000e-15   1.120000e-20   0.000000e+00   0.000000e+00   0.000000e+00   0.000000e+00   0.000000e+00
         5.9500   5.122000e-20   3.258000e-14   2.383000e-10   4.782000e-08   3.354000e-06   1.470000e-04   3.162000e-03   2.265000e-02   9.381000e-02   1.611000e-01   7.125000e-01   6.631000e-03   1.388000e-05   5.113000e-09   4.584000e-13   7.104000e-18   0.000000e+00   0.000000e+00   0.000000e+00   0.000000e+00   0.000000e+00
         6.0000   0.000000e+00   2.386000e-15   2.042000e-11   5.048000e-09   4.500000e-07   2.588000e-05   7.705000e-04   7.943000e-03   4.861000e-02   1.353000e-01   7.904000e-01   1.678000e-02   9.230000e-05   1.047000e-07   3.289000e-11   2.050000e-15   2.697000e-20   0.000000e+00   0.000000e+00   0.000000e+00   0.000000e+00
         6.0500   0.000000e+00   1.872000e-16   1.875000e-12   5.682000e-10   6.391000e-08   4.775000e-06   1.941000e-04   2.832000e-03   2.509000e-02   1.096000e-01   8.254000e-01   3.641000e-02   4.719000e-04   1.459000e-06   1.403000e-09   3.048000e-13   1.605000e-17   0.000000e+00   0.000000e+00   0.000000e+00   0.000000e+00
         6.1000   0.000000e+00   1.584000e-17   1.857000e-13   6.866000e-11   9.678000e-09   9.314000e-07   5.105000e-05   1.037000e-03   1.306000e-02   8.678000e-02   8.271000e-01   6.999000e-02   1.945000e-03   1.470000e-05   3.829000e-08   2.547000e-11   4.689000e-15   2.726000e-19   0.000000e+00   0.000000e+00   0.000000e+00
         6.1500   0.000000e+00   1.435000e-18   1.968000e-14   8.840000e-12   1.552000e-09   1.908000e-07   1.393000e-05   3.888000e-04   6.830000e-03   6.705000e-02   7.978000e-01   1.212000e-01   6.650000e-03   1.115000e-04   7.054000e-07   1.279000e-09   7.288000e-13   1.467000e-16   2.397000e-20   0.000000e+00   0.000000e+00
         6.2000   0.000000e+00   1.372000e-19   2.199000e-15   1.195000e-12   2.598000e-10   4.048000e-08   3.895000e-06   1.473000e-04   3.552000e-03   5.011000e-02   7.364000e-01   1.899000e-01   1.921000e-02   6.557000e-04   9.152000e-06   4.074000e-08   6.437000e-11   3.957000e-14   2.089000e-17   0.000000e+00   0.000000e+00
         6.2500   0.000000e+00   1.357000e-20   2.542000e-16   1.665000e-13   4.454000e-11   8.732000e-09   1.096000e-06   5.548000e-05   1.807000e-03   3.572000e-02   6.431000e-01   2.689000e-01   4.728000e-02   3.051000e-03   8.642000e-05   8.608000e-07   3.415000e-09   5.726000e-12   8.725000e-15   0.000000e+00   0.000000e+00
         6.3000   0.000000e+00   0.000000e+00   2.966000e-17   2.332000e-14   7.641000e-12   1.872000e-09   3.037000e-07   2.033000e-05   8.817000e-04   2.386000e-02   5.229000e-01   3.411000e-01   9.924000e-02   1.136000e-02   6.080000e-04   1.249000e-05   1.139000e-07   4.704000e-10   1.870000e-12   0.000000e+00   0.000000e+00
         6.3500   0.000000e+00   0.000000e+00   3.404000e-18   3.201000e-15   1.278000e-12   3.888000e-10   8.076000e-08   7.071000e-06   4.028000e-04   1.462000e-02   3.882000e-01   3.827000e-01   1.767000e-01   3.404000e-02   3.234000e-03   1.275000e-04   2.469000e-06   2.297000e-08   2.178000e-10   0.000000e+00   0.000000e+00
         6.4000   0.000000e+00   0.000000e+00   3.739000e-19   4.191000e-16   2.030000e-13   7.620000e-11   2.010000e-08   2.278000e-06   1.683000e-04   8.044000e-03   2.577000e-01   3.735000e-01   2.645000e-01   8.191000e-02   1.312000e-02   9.336000e-04   3.578000e-05   6.924000e-07   1.445000e-08   2.247000e-19   0.000000e+00
         6.4500   0.000000e+00   0.000000e+00   3.831000e-20   5.104000e-17   2.984000e-14   1.375000e-11   4.568000e-09   6.637000e-07   6.285000e-05   3.893000e-03   1.501000e-01   3.125000e-01   3.295000e-01   1.579000e-01   4.076000e-02   4.966000e-03   3.541000e-04   1.330000e-05   5.688000e-07   1.339000e-16   0.000000e+00
         6.5000   0.000000e+00   0.000000e+00   0.000000e+00   5.661000e-18   3.981000e-15   2.239000e-12   9.298000e-10   1.716000e-07   2.061000e-05   1.631000e-03   7.550000e-02   2.213000e-01   3.389000e-01   2.431000e-01   9.746000e-02   1.942000e-02   2.441000e-03   1.674000e-04   1.376000e-05   3.705000e-14   0.000000e+00
         6.5500   0.000000e+00   0.000000e+00   0.000000e+00   5.627000e-19   4.740000e-16   3.237000e-13   1.669000e-10   3.881000e-08   5.852000e-06   5.844000e-04   3.243000e-02   1.315000e-01   2.862000e-01   2.991000e-01   1.802000e-01   5.646000e-02   1.193000e-02   1.418000e-03   2.116000e-04   5.076000e-12   1.315000e-20
         6.6000   0.000000e+00   0.000000e+00   0.000000e+00   4.930000e-20   4.958000e-17   4.094000e-14   2.603000e-11   7.561000e-09   1.419000e-06   1.769000e-04   1.176000e-02   6.491000e-02   1.970000e-01   2.930000e-01   2.580000e-01   1.229000e-01   4.190000e-02   8.238000e-03   2.120000e-03   3.626000e-10   7.536000e-18
         6.6500   0.000000e+00   0.000000e+00   0.000000e+00   0.000000e+00   4.449000e-18   4.421000e-15   3.446000e-12   1.242000e-09   2.876000e-07   4.433000e-05   3.525000e-03   2.614000e-02   1.089000e-01   2.257000e-01   2.835000e-01   1.994000e-01   1.058000e-01   3.307000e-02   1.400000e-02   1.400000e-08   1.889000e-15
         6.7000   0.000000e+00   0.000000e+00   0.000000e+00   0.000000e+00   3.305000e-19   3.936000e-16   3.739000e-13   1.660000e-10   4.712000e-08   8.905000e-06   8.463000e-04   8.326000e-03   4.690000e-02   1.331000e-01   2.336000e-01   2.366000e-01   1.892000e-01   9.082000e-02   6.055000e-02   2.965000e-07   2.151000e-13
         6.7500   0.000000e+00   0.000000e+00   0.000000e+00   0.000000e+00   1.979000e-20   2.815000e-17   3.241000e-14   1.761000e-11   6.087000e-09   1.400000e-06   1.590000e-04   2.051000e-03   1.543000e-02   5.903000e-02   1.421000e-01   2.027000e-01   2.376000e-01   1.697000e-01   1.712000e-01   3.501000e-06   1.155000e-11
         6.8000   0.000000e+00   0.000000e+00   0.000000e+00   0.000000e+00   0.000000e+00   1.666000e-18   2.314000e-15   1.530000e-12   6.401000e-10   1.781000e-07   2.413000e-05   4.044000e-04   4.015000e-03   2.042000e-02   6.630000e-02   1.307000e-01   2.190000e-01   2.265000e-01   3.326000e-01   2.464000e-05   3.181000e-10
         6.8500   0.000000e+00   0.000000e+00   0.000000e+00   0.000000e+00   0.000000e+00   8.927000e-20   1.489000e-16   1.191000e-13   5.999000e-11   2.008000e-08   3.245000e-06   6.994000e-05   9.069000e-04   6.053000e-03   2.615000e-02   7.003000e-02   1.640000e-01   2.395000e-01   4.932000e-01   1.165000e-04   5.151000e-09
         6.9000   0.000000e+00   0.000000e+00   0.000000e+00   0.000000e+00   0.000000e+00   0.000000e+00   9.458000e-18   9.118000e-15   5.500000e-12   2.204000e-09   4.244000e-07   1.166000e-05   1.957000e-04   1.694000e-03   9.608000e-03   3.443000e-02   1.105000e-01   2.227000e-01   6.204000e-01   4.164000e-04   5.604000e-08
         6.9500   0.000000e+00   0.000000e+00   0.000000e+00   0.000000e+00   0.000000e+00   0.000000e+00   6.296000e-19   7.277000e-16   5.237000e-13   2.502000e-10   5.735000e-08   1.994000e-06   4.289000e-05   4.769000e-04   3.509000e-03   1.660000e-02   7.163000e-02   1.953000e-01   7.113000e-01   1.223000e-03   4.508000e-07
         7.0000   0.000000e+00   0.000000e+00   0.000000e+00   0.000000e+00   0.000000e+00   0.000000e+00   4.516000e-20   6.233000e-17   5.331000e-14   3.025000e-11   8.249000e-09   3.601000e-07   9.852000e-06   1.393000e-04   1.316000e-03   8.116000e-03   4.635000e-02   1.675000e-01   7.734000e-01   3.107000e-03   2.853000e-06
         7.0500   0.000000e+00   0.000000e+00   0.000000e+00   0.000000e+00   0.000000e+00   0.000000e+00   0.000000e+00   5.783000e-18   5.859000e-15   3.936000e-12   1.276000e-09   6.943000e-08   2.398000e-06   4.278000e-05   5.135000e-04   4.084000e-03   3.040000e-02   1.431000e-01   8.148000e-01   7.035000e-03   1.481000e-05
         7.1000   0.000000e+00   0.000000e+00   0.000000e+00   0.000000e+00   0.000000e+00   0.000000e+00   0.000000e+00   5.804000e-19   6.945000e-16   5.508000e-13   2.120000e-10   1.429000e-08   6.188000e-07   1.382000e-05   2.090000e-04   2.122000e-03   2.030000e-02   1.225000e-01   8.403000e-01   1.449000e-02   6.489000e-05
         7.1500   0.000000e+00   0.000000e+00   0.000000e+00   0.000000e+00   0.000000e+00   0.000000e+00   0.000000e+00   6.259000e-20   8.821000e-17   8.238000e-14   3.760000e-11   3.121000e-09   1.684000e-07   4.672000e-06   8.836000e-05   1.135000e-03   1.378000e-02   1.051000e-01   8.522000e-01   2.749000e-02   2.452000e-04
         7.2000   0.000000e+00   0.000000e+00   0.000000e+00   0.000000e+00   0.000000e+00   0.000000e+00   0.000000e+00   0.000000e+00   1.189000e-17   1.305000e-14   7.056000e-12   7.167000e-10   4.788000e-08   1.641000e-06   3.852000e-05   6.211000e-04   9.464000e-03   9.001000e-02   8.506000e-01   4.848000e-02   8.121000e-04
         7.2500   0.000000e+00   0.000000e+00   0.000000e+00   0.000000e+00   0.000000e+00   0.000000e+00   0.000000e+00   0.000000e+00   1.682000e-18   2.165000e-15   1.385000e-12   1.712000e-10   1.408000e-08   5.926000e-07   1.716000e-05   3.447000e-04   6.525000e-03   7.653000e-02   8.343000e-01   7.992000e-02   2.386000e-03
         7.3000   0.000000e+00   0.000000e+00   0.000000e+00   0.000000e+00   0.000000e+00   0.000000e+00   0.000000e+00   0.000000e+00   2.469000e-19   3.719000e-16   2.811000e-13   4.209000e-11   4.239000e-09   2.178000e-07   7.732000e-06   1.922000e-04   4.481000e-03   6.415000e-02   8.013000e-01   1.235000e-01   6.271000e-03
         7.3500   0.000000e+00   0.000000e+00   0.000000e+00   0.000000e+00   0.000000e+00   0.000000e+00   0.000000e+00   0.000000e+00   3.713000e-20   6.536000e-17   5.829000e-14   1.052000e-11   1.291000e-09   8.059000e-08   3.488000e-06   1.066000e-04   3.037000e-03   5.263000e-02   7.501000e-01   1.793000e-01   1.484000e-02
         7.4000   0.000000e+00   0.000000e+00   0.000000e+00   0.000000e+00   0.000000e+00   0.000000e+00   0.000000e+00   0.000000e+00   0.000000e+00   1.162000e-17   1.220000e-14   2.642000e-12   3.931000e-10   2.969000e-08   1.559000e-06   5.823000e-05   2.013000e-03   4.193000e-02   6.803000e-01   2.439000e-01   3.173000e-02
         7.4500   0.000000e+00   0.000000e+00   0.000000e+00   0.000000e+00   0.000000e+00   0.000000e+00   0.000000e+00   0.000000e+00   0.000000e+00   2.065000e-18   2.552000e-15   6.602000e-13   1.186000e-10   1.078000e-08   6.833000e-07   3.105000e-05   1.294000e-03   3.220000e-02   5.943000e-01   3.108000e-01   6.144000e-02
         7.5000   0.000000e+00   0.000000e+00   0.000000e+00   0.000000e+00   0.000000e+00   0.000000e+00   0.000000e+00   0.000000e+00   0.000000e+00   3.639000e-19   5.282000e-16   1.626000e-13   3.510000e-11   3.828000e-09   2.916000e-07   1.603000e-05   8.014000e-04   2.369000e-02   4.975000e-01   3.701000e-01   1.079000e-01
         7.5500   0.000000e+00   0.000000e+00   0.000000e+00   0.000000e+00   0.000000e+00   0.000000e+00   0.000000e+00   0.000000e+00   0.000000e+00   6.319000e-20   1.076000e-16   3.925000e-14   1.014000e-11   1.321000e-09   1.205000e-07   7.980000e-06   4.760000e-04   1.665000e-02   3.981000e-01   4.122000e-01   1.726000e-01
         7.6000   0.000000e+00   0.000000e+00   0.000000e+00   0.000000e+00   0.000000e+00   0.000000e+00   0.000000e+00   0.000000e+00   0.000000e+00   1.079000e-20   2.150000e-17   9.270000e-15   2.857000e-12   4.430000e-10   4.817000e-08   3.827000e-06   2.712000e-04   1.118000e-02   3.048000e-01   4.309000e-01   2.528000e-01
         7.6500   0.000000e+00   0.000000e+00   0.000000e+00   0.000000e+00   0.000000e+00   0.000000e+00   0.000000e+00   0.000000e+00   0.000000e+00   0.000000e+00   4.228000e-18   2.147000e-15   7.862000e-13   1.446000e-10   1.869000e-08   1.774000e-06   1.488000e-04   7.211000e-03   2.243000e-01   4.258000e-01   3.426000e-01
         7.7000   0.000000e+00   0.000000e+00   0.000000e+00   0.000000e+00   0.000000e+00   0.000000e+00   0.000000e+00   0.000000e+00   0.000000e+00   0.000000e+00   8.222000e-19   4.901000e-16   2.126000e-13   4.626000e-11   7.080000e-09   7.998000e-07   7.913000e-05   4.496000e-03   1.599000e-01   4.013000e-01   4.342000e-01
         7.7500   0.000000e+00   0.000000e+00   0.000000e+00   0.000000e+00   0.000000e+00   0.000000e+00   0.000000e+00   0.000000e+00   0.000000e+00   0.000000e+00   1.592000e-19   1.111000e-16   5.694000e-14   1.461000e-11   2.640000e-09   3.538000e-07   4.116000e-05   2.735000e-03   1.113000e-01   3.646000e-01   5.213000e-01
         7.8000   0.000000e+00   0.000000e+00   0.000000e+00   0.000000e+00   0.000000e+00   0.000000e+00   0.000000e+00   0.000000e+00   0.000000e+00   0.000000e+00   3.092000e-20   2.520000e-17   1.521000e-14   4.588000e-12   9.762000e-10   1.547000e-07   2.111000e-05   1.638000e-03   7.635000e-02   3.224000e-01   5.996000e-01
         7.8500   0.000000e+00   0.000000e+00   0.000000e+00   0.000000e+00   0.000000e+00   0.000000e+00   0.000000e+00   0.000000e+00   0.000000e+00   0.000000e+00   0.000000e+00   5.749000e-18   4.077000e-15   1.443000e-12   3.606000e-10   6.737000e-08   1.075000e-05   9.724000e-04   5.199000e-02   2.798000e-01   6.672000e-01
         7.9000   0.000000e+00   0.000000e+00   0.000000e+00   0.000000e+00   0.000000e+00   0.000000e+00   0.000000e+00   0.000000e+00   0.000000e+00   0.000000e+00   0.000000e+00   1.326000e-18   1.102000e-15   4.566000e-13   1.337000e-10   2.938000e-08   5.472000e-06   5.759000e-04   3.534000e-02   2.400000e-01   7.241000e-01
         7.9500   0.000000e+00   0.000000e+00   0.000000e+00   0.000000e+00   0.000000e+00   0.000000e+00   0.000000e+00   0.000000e+00   0.000000e+00   0.000000e+00   0.000000e+00   3.102000e-19   3.016000e-16   1.460000e-13   4.997000e-11   1.288000e-08   2.794000e-06   3.418000e-04   2.409000e-02   2.044000e-01   7.711000e-01
         8.0000   0.000000e+00   0.000000e+00   0.000000e+00   0.000000e+00   0.000000e+00   0.000000e+00   0.000000e+00   0.000000e+00   0.000000e+00   0.000000e+00   0.000000e+00   7.377000e-20   8.371000e-17   4.724000e-14   1.887000e-11   5.690000e-09   1.436000e-06   2.038000e-04   1.650000e-02   1.736000e-01   8.097000e-01
         8.0500   0.000000e+00   0.000000e+00   0.000000e+00   0.000000e+00   0.000000e+00   0.000000e+00   0.000000e+00   0.000000e+00   0.000000e+00   0.000000e+00   0.000000e+00   1.785000e-20   2.360000e-17   1.550000e-14   7.210000e-12   2.539000e-09   7.438000e-07   1.224000e-04   1.139000e-02   1.472000e-01   8.412000e-01
         8.1000   0.000000e+00   0.000000e+00   0.000000e+00   0.000000e+00   0.000000e+00   0.000000e+00   0.000000e+00   0.000000e+00   0.000000e+00   0.000000e+00   0.000000e+00   0.000000e+00   6.766000e-18   5.163000e-15   2.791000e-12   1.146000e-09   3.891000e-07   7.418000e-05   7.932000e-03   1.250000e-01   8.669000e-01
         8.1500   0.000000e+00   0.000000e+00   0.000000e+00   0.000000e+00   0.000000e+00   0.000000e+00   0.000000e+00   0.000000e+00   0.000000e+00   0.000000e+00   0.000000e+00   0.000000e+00   1.973000e-18   1.746000e-15   1.095000e-12   5.231000e-10   2.056000e-07   4.536000e-05   5.573000e-03   1.064000e-01   8.880000e-01
         8.2000   0.000000e+00   0.000000e+00   0.000000e+00   0.000000e+00   0.000000e+00   0.000000e+00   0.000000e+00   0.000000e+00   0.000000e+00   0.000000e+00   0.000000e+00   0.000000e+00   5.849000e-19   5.995000e-16   4.359000e-13   2.417000e-10   1.098000e-07   2.800000e-05   3.953000e-03   9.083000e-02   9.052000e-01
         8.2500   0.000000e+00   0.000000e+00   0.000000e+00   0.000000e+00   0.000000e+00   0.000000e+00   0.000000e+00   0.000000e+00   0.000000e+00   0.000000e+00   0.000000e+00   0.000000e+00   1.763000e-19   2.090000e-16   1.758000e-13   1.130000e-10   5.930000e-08   1.745000e-05   2.830000e-03   7.778000e-02   9.194000e-01
         8.3000   0.000000e+00   0.000000e+00   0.000000e+00   0.000000e+00   0.000000e+00   0.000000e+00   0.000000e+00   0.000000e+00   0.000000e+00   0.000000e+00   0.000000e+00   0.000000e+00   5.401000e-20   7.393000e-17   7.184000e-14   5.345000e-11   3.235000e-08   1.098000e-05   2.044000e-03   6.683000e-02   9.311000e-01
         8.3500   0.000000e+00   0.000000e+00   0.000000e+00   0.000000e+00   0.000000e+00   0.000000e+00   0.000000e+00   0.000000e+00   0.000000e+00   0.000000e+00   0.000000e+00   0.000000e+00   1.680000e-20   2.652000e-17   2.973000e-14   2.557000e-11   1.782000e-08   6.974000e-06   1.489000e-03   5.762000e-02   9.409000e-01
         8.4000   0.000000e+00   0.000000e+00   0.000000e+00   0.000000e+00   0.000000e+00   0.000000e+00   0.000000e+00   0.000000e+00   0.000000e+00   0.000000e+00   0.000000e+00   0.000000e+00   0.000000e+00   9.642000e-18   1.245000e-14   1.236000e-11   9.913000e-09   4.466000e-06   1.093000e-03   4.983000e-02   9.491000e-01
         8.4500   0.000000e+00   0.000000e+00   0.000000e+00   0.000000e+00   0.000000e+00   0.000000e+00   0.000000e+00   0.000000e+00   0.000000e+00   0.000000e+00   0.000000e+00   0.000000e+00   0.000000e+00   3.550000e-18   5.276000e-15   6.034000e-12   5.564000e-09   2.883000e-06   8.088000e-04   4.324000e-02   9.560000e-01
         8.5000   0.000000e+00   0.000000e+00   0.000000e+00   0.000000e+00   0.000000e+00   0.000000e+00   0.000000e+00   0.000000e+00   0.000000e+00   0.000000e+00   0.000000e+00   0.000000e+00   0.000000e+00   1.323000e-18   2.260000e-15   2.974000e-12   3.149000e-09   1.875000e-06   6.024000e-04   3.762000e-02   9.618000e-01
         8.5500   0.000000e+00   0.000000e+00   0.000000e+00   0.000000e+00   0.000000e+00   0.000000e+00   0.000000e+00   0.000000e+00   0.000000e+00   0.000000e+00   0.000000e+00   0.000000e+00   0.000000e+00   4.983000e-19   9.774000e-16   1.479000e-12   1.796000e-09   1.228000e-06   4.515000e-04   3.283000e-02   9.667000e-01
         8.6000   0.000000e+00   0.000000e+00   0.000000e+00   0.000000e+00   0.000000e+00   0.000000e+00   0.000000e+00   0.000000e+00   0.000000e+00   0.000000e+00   0.000000e+00   0.000000e+00   0.000000e+00   1.897000e-19   4.268000e-16   7.414000e-13   1.032000e-09   8.096000e-07   3.403000e-04   2.871000e-02   9.709000e-01
         8.6500   0.000000e+00   0.000000e+00   0.000000e+00   0.000000e+00   0.000000e+00   0.000000e+00   0.000000e+00   0.000000e+00   0.000000e+00   0.000000e+00   0.000000e+00   0.000000e+00   0.000000e+00   7.291000e-20   1.880000e-16   3.745000e-13   5.969000e-10   5.368000e-07   2.579000e-04   2.517000e-02   9.746000e-01
         8.7000   0.000000e+00   0.000000e+00   0.000000e+00   0.000000e+00   0.000000e+00   0.000000e+00   0.000000e+00   0.000000e+00   0.000000e+00   0.000000e+00   0.000000e+00   0.000000e+00   0.000000e+00   2.827000e-20   8.344000e-17   1.905000e-13   3.473000e-10   3.577000e-07   1.963000e-04   2.211000e-02   9.777000e-01
         8.7500   0.000000e+00   0.000000e+00   0.000000e+00   0.000000e+00   0.000000e+00   0.000000e+00   0.000000e+00   0.000000e+00   0.000000e+00   0.000000e+00   0.000000e+00   0.000000e+00   0.000000e+00   1.105000e-20   3.731000e-17   9.749000e-14   2.032000e-10   2.395000e-07   1.500000e-04   1.945000e-02   9.804000e-01
         8.8000   0.000000e+00   0.000000e+00   0.000000e+00   0.000000e+00   0.000000e+00   0.000000e+00   0.000000e+00   0.000000e+00   0.000000e+00   0.000000e+00   0.000000e+00   0.000000e+00   0.000000e+00   0.000000e+00   1.679000e-17   5.017000e-14   1.195000e-10   1.611000e-07   1.150000e-04   1.714000e-02   9.827000e-01
         8.8500   0.000000e+00   0.000000e+00   0.000000e+00   0.000000e+00   0.000000e+00   0.000000e+00   0.000000e+00   0.000000e+00   0.000000e+00   0.000000e+00   0.000000e+00   0.000000e+00   0.000000e+00   0.000000e+00   7.598000e-18   2.595000e-14   7.054000e-11   1.087000e-07   8.849000e-05   1.512000e-02   9.848000e-01
         8.9000   0.000000e+00   0.000000e+00   0.000000e+00   0.000000e+00   0.000000e+00   0.000000e+00   0.000000e+00   0.000000e+00   0.000000e+00   0.000000e+00   0.000000e+00   0.000000e+00   0.000000e+00   0.000000e+00   3.458000e-18   1.348000e-14   4.182000e-11   7.361000e-08   6.828000e-05   1.336000e-02   9.866000e-01
         8.9500   0.000000e+00   0.000000e+00   0.000000e+00   0.000000e+00   0.000000e+00   0.000000e+00   0.000000e+00   0.000000e+00   0.000000e+00   0.000000e+00   0.000000e+00   0.000000e+00   0.000000e+00   0.000000e+00   1.581000e-18   7.037000e-15   2.488000e-11   5.000000e-08   5.281000e-05   1.181000e-02   9.881000e-01
         9.0000   0.000000e+00   0.000000e+00   0.000000e+00   0.000000e+00   0.000000e+00   0.000000e+00   0.000000e+00   0.000000e+00   0.000000e+00   0.000000e+00   0.000000e+00   0.000000e+00   0.000000e+00   0.000000e+00   7.263000e-19   3.686000e-15   1.485000e-11   3.405000e-08   4.094000e-05   1.045000e-02   9.895000e-01
