# CIE ionization fractions for Fe (Z=26)
# Source: CHIANTI v11.0.2 chianti.ioneq (Dere et al. 2009)
# T grid: 101 log-spaced points, 10^4.00 K -> 10^9.00 K
# Generated by pyathena/photchem/data/build_ioneq_tables.py
#
# log_T_K        x_Fe0          x_Fe1          x_Fe2          x_Fe3          x_Fe4          x_Fe5          x_Fe6          x_Fe7          x_Fe8          x_Fe9          x_Fe10         x_Fe11         x_Fe12         x_Fe13         x_Fe14         x_Fe15         x_Fe16         x_Fe17         x_Fe18         x_Fe19         x_Fe20         x_Fe21         x_Fe22         x_Fe23         x_Fe24         x_Fe25         x_Fe26       
         4.0000   4.247713e-18   9.998490e-01   1.510151e-04   6.415657e-22   2.725598e-39   1.157931e-56   4.919300e-74   2.089893e-91  8.878605e-109  3.771946e-126  1.602456e-143  6.807802e-161  2.892195e-178  1.228707e-195  5.219983e-213  2.217634e-230  9.421293e-248  4.002499e-265  1.700403e-282  7.223916e-300  3.068976e-317   0.000000e+00   0.000000e+00   0.000000e+00   0.000000e+00   0.000000e+00   0.000000e+00
         4.0500   4.242642e-18   9.986554e-01   1.344612e-03   5.712388e-21   2.426825e-38   1.031001e-55   4.380058e-73   1.860804e-90  7.905354e-108  3.358475e-125  1.426799e-142  6.061548e-160  2.575160e-177  1.094019e-194  4.647781e-212  1.974542e-229  8.388555e-247  3.563755e-264  1.514009e-281  6.432048e-299  2.732562e-316   0.000000e+00   0.000000e+00   0.000000e+00   0.000000e+00   0.000000e+00   0.000000e+00
         4.1000   4.207878e-18   9.904724e-01   9.527608e-03   4.047665e-20   1.719592e-37   7.305435e-55   3.103607e-72   1.318522e-89  5.601550e-107  2.379737e-124  1.010997e-141  4.295072e-159  1.824699e-176  7.751966e-194  3.293310e-211  1.399115e-228  5.943935e-246  2.525194e-263  1.072792e-280  4.557600e-298  1.936230e-315   0.000000e+00   0.000000e+00   0.000000e+00   0.000000e+00   0.000000e+00   0.000000e+00
         4.1500   4.021451e-18   9.465903e-01   5.340967e-02   2.269032e-19   9.639652e-37   4.095266e-54   1.739814e-71   7.391346e-89  3.140106e-106  1.334028e-123  5.667424e-141  2.407722e-158  1.022886e-175  4.345581e-193  1.846157e-210  7.843128e-228  3.332039e-245  1.415568e-262  6.013835e-280  2.554890e-297  1.085408e-314   0.000000e+00   0.000000e+00   0.000000e+00   0.000000e+00   0.000000e+00   0.000000e+00
         4.2000   3.325166e-18   7.826950e-01   2.173050e-01   9.231885e-19   3.922032e-36   1.666218e-53   7.078684e-71   3.007276e-88  1.277597e-105  5.427686e-123  2.305873e-140  9.796167e-158  4.161759e-175  1.768062e-192  7.511356e-210  3.191090e-227  1.355688e-244  5.759443e-262  2.446816e-279  1.039494e-296  4.416138e-314   0.000000e+00   0.000000e+00   0.000000e+00   0.000000e+00   0.000000e+00   0.000000e+00
         4.2500   1.959374e-18   4.612078e-01   5.387922e-01   2.288980e-18   9.724399e-36   4.131269e-53   1.755109e-70   7.456327e-88  3.167712e-105  1.345756e-122  5.717249e-140  2.428890e-157  1.031878e-174  4.383785e-192  1.862387e-209  7.912081e-227  3.361332e-244  1.428013e-261  6.066705e-279  2.577351e-296  1.094950e-313   0.000000e+00   0.000000e+00   0.000000e+00   0.000000e+00   0.000000e+00   0.000000e+00
         4.3000   8.052555e-19   1.895453e-01   8.104547e-01   3.443099e-18   1.462750e-35   6.214282e-53   2.640047e-70   1.121585e-87  4.764892e-105  2.024295e-122  8.599923e-140  3.653552e-157  1.552158e-174  6.594118e-192  2.801415e-209  1.190140e-226  5.056138e-244  2.148026e-261  9.125577e-279  3.876868e-296  1.647031e-313   0.000000e+00   0.000000e+00   0.000000e+00   0.000000e+00   0.000000e+00   0.000000e+00
         4.3500   2.866356e-19   6.746980e-02   9.325302e-01   3.961719e-18   1.683078e-35   7.150313e-53   3.037706e-70   1.290525e-87  5.482609e-105  2.329206e-122  9.895294e-140  4.203871e-157  1.785953e-174  7.587363e-192  3.223381e-209  1.369406e-226  5.817723e-244  2.471575e-261  1.050013e-278  4.460825e-296  1.895117e-313   0.000000e+00   0.000000e+00   0.000000e+00   0.000000e+00   0.000000e+00   0.000000e+00
         4.4000   1.036286e-19   2.439265e-02   9.756074e-01   4.144726e-18   1.760826e-35   7.480614e-53   3.178030e-70   1.350140e-87  5.735871e-105  2.436801e-122  1.035240e-139  4.398064e-157  1.868454e-174  7.937853e-192  3.372281e-209  1.432664e-226  6.086466e-244  2.585746e-261  1.098517e-278  4.666888e-296  1.982659e-313   0.000000e+00   0.000000e+00   0.000000e+00   0.000000e+00   0.000000e+00   0.000000e+00
         4.4500   4.012941e-20   9.445872e-03   9.905541e-01   4.208225e-18   1.787803e-35   7.595220e-53   3.226719e-70   1.370824e-87  5.823748e-105  2.474134e-122  1.051100e-139  4.465445e-157  1.897079e-174  8.059464e-192  3.423946e-209  1.454614e-226  6.179714e-244  2.625361e-261  1.115346e-278  4.738387e-296  2.013035e-313   0.000000e+00   0.000000e+00   0.000000e+00   0.000000e+00   0.000000e+00   0.000000e+00
         4.5000   1.680467e-20   3.955572e-03   9.960444e-01   4.231550e-18   1.797712e-35   7.637318e-53   3.244603e-70   1.378422e-87  5.856027e-105  2.487848e-122  1.056926e-139  4.490195e-157  1.907594e-174  8.104135e-192  3.442924e-209  1.462676e-226  6.213966e-244  2.639913e-261  1.121528e-278  4.764650e-296  2.024192e-313   0.000000e+00   0.000000e+00   0.000000e+00   0.000000e+00   0.000000e+00   0.000000e+00
         4.5500   7.585546e-21   1.785526e-03   9.982145e-01   4.240769e-18   1.801629e-35   7.653957e-53   3.251672e-70   1.381426e-87  5.868785e-105  2.493268e-122  1.059228e-139  4.499978e-157  1.911750e-174  8.121791e-192  3.450425e-209  1.465863e-226  6.227504e-244  2.645664e-261  1.123972e-278  4.775031e-296  2.028602e-313   0.000000e+00   0.000000e+00   0.000000e+00   0.000000e+00   0.000000e+00   0.000000e+00
         4.6000   3.667417e-21   8.632559e-04   9.991367e-01   4.244687e-18   1.803293e-35   7.661029e-53   3.254676e-70   1.382702e-87  5.874207e-105  2.495571e-122  1.060207e-139  4.504135e-157  1.913516e-174  8.129295e-192  3.453613e-209  1.467217e-226  6.233257e-244  2.648109e-261  1.125010e-278  4.779442e-296  2.030476e-313   0.000000e+00   0.000000e+00   0.000000e+00   0.000000e+00   0.000000e+00   0.000000e+00
         4.6500   1.886252e-21   4.439960e-04   9.995560e-01   4.246468e-18   1.804050e-35   7.664244e-53   3.256042e-70   1.383282e-87  5.876672e-105  2.496619e-122  1.060652e-139  4.506026e-157  1.914319e-174  8.132706e-192  3.455062e-209  1.467833e-226  6.235873e-244  2.649220e-261  1.125482e-278  4.781448e-296  2.031329e-313   0.000000e+00   0.000000e+00   0.000000e+00   0.000000e+00   0.000000e+00   0.000000e+00
         4.7000   1.025457e-21   2.413775e-04   9.997586e-01   4.247329e-18   1.804416e-35   7.665797e-53   3.256702e-70   1.383562e-87  5.877864e-105  2.497125e-122  1.060867e-139  4.506939e-157  1.914707e-174  8.134355e-192  3.455762e-209  1.468130e-226  6.237137e-244  2.649757e-261  1.125711e-278  4.782417e-296  2.031740e-313   0.000000e+00   0.000000e+00   0.000000e+00   0.000000e+00   0.000000e+00   0.000000e+00
         4.7500   5.858351e-22   1.378969e-04   9.998621e-01   4.247768e-18   1.804603e-35   7.666591e-53   3.257039e-70   1.383706e-87  5.878472e-105  2.497383e-122  1.060977e-139  4.507405e-157  1.914906e-174  8.135197e-192  3.456120e-209  1.468282e-226  6.237783e-244  2.650031e-261  1.125827e-278  4.782912e-296  2.031951e-313   0.000000e+00   0.000000e+00   0.000000e+00   0.000000e+00   0.000000e+00   0.000000e+00
         4.8000   3.498600e-22   8.235188e-05   9.999176e-01   4.248004e-18   1.804703e-35   7.667017e-53   3.257220e-70   1.383783e-87  5.878799e-105  2.497522e-122  1.061036e-139  4.507656e-157  1.915012e-174  8.135649e-192  3.456312e-209  1.468364e-226  6.238129e-244  2.650178e-261  1.125890e-278  4.783178e-296  2.032063e-313   0.000000e+00   0.000000e+00   0.000000e+00   0.000000e+00   0.000000e+00   0.000000e+00
         4.8500   2.173897e-22   5.117034e-05   9.999488e-01   4.248137e-18   1.804759e-35   7.667256e-53   3.257322e-70   1.383826e-87  5.878982e-105  2.497600e-122  1.061069e-139  4.507796e-157  1.915072e-174  8.135903e-192  3.456420e-209  1.468410e-226  6.238324e-244  2.650261e-261  1.125925e-278  4.783327e-296  2.032127e-313   0.000000e+00   0.000000e+00   0.000000e+00   0.000000e+00   0.000000e+00   0.000000e+00
         4.9000   1.399573e-22   3.294388e-05   9.999671e-01   4.248214e-18   1.804792e-35   7.667395e-53   3.257381e-70   1.383851e-87  5.879089e-105  2.497645e-122  1.061088e-139  4.507879e-157  1.915107e-174  8.136051e-192  3.456483e-209  1.468436e-226  6.238437e-244  2.650309e-261  1.125945e-278  4.783414e-296  2.032164e-313   0.000000e+00   0.000000e+00   0.000000e+00   0.000000e+00   0.000000e+00   0.000000e+00
         4.9500   9.301419e-23   2.189417e-05   9.999781e-01   4.248261e-18   1.804812e-35   7.667480e-53   3.257417e-70   1.383866e-87  5.879154e-105  2.497673e-122  1.061100e-139  4.507928e-157  1.915128e-174  8.136141e-192  3.456521e-209  1.468452e-226  6.238506e-244  2.650339e-261  1.125958e-278  4.783467e-296  2.032186e-313   0.000000e+00   0.000000e+00   0.000000e+00   0.000000e+00   0.000000e+00   0.000000e+00
         5.0000   6.360079e-23   1.497069e-05   9.999850e-01   4.248291e-18   1.804824e-35   7.667533e-53   3.257440e-70   1.383876e-87  5.879195e-105  2.497690e-122  1.061107e-139  4.507960e-157  1.915141e-174  8.136197e-192  3.456545e-209  1.468463e-226  6.238550e-244  2.650357e-261  1.125965e-278  4.783500e-296  2.032200e-313   0.000000e+00   0.000000e+00   0.000000e+00   0.000000e+00   0.000000e+00   0.000000e+00
         5.0500   4.461247e-23   1.050112e-05   9.999895e-01   4.248310e-18   1.804832e-35   7.667568e-53   3.257454e-70   1.383882e-87  5.879221e-105  2.497701e-122  1.061112e-139  4.507980e-157  1.915149e-174  8.136233e-192  3.456560e-209  1.468469e-226  6.238577e-244  2.650369e-261  1.125971e-278  4.783522e-296  2.032209e-313   0.000000e+00   0.000000e+00   0.000000e+00   0.000000e+00   0.000000e+00   0.000000e+00
         5.1000   3.201769e-23   7.536493e-06   9.999925e-01   4.248322e-18   1.804838e-35   7.667590e-53   3.257464e-70   1.383886e-87  5.879238e-105  2.497709e-122  1.061115e-139  4.507993e-157  1.915155e-174  8.136258e-192  3.456570e-209  1.468474e-226  6.238596e-244  2.650377e-261  1.125974e-278  4.783536e-296  2.032215e-313   0.000000e+00   0.000000e+00   0.000000e+00   0.000000e+00   0.000000e+00   0.000000e+00
         5.1500   2.345572e-23   5.521131e-06   9.999945e-01   4.248331e-18   1.804841e-35   7.667606e-53   3.257471e-70   1.383889e-87  5.879250e-105  2.497714e-122  1.061117e-139  4.508002e-157  1.915159e-174  8.136274e-192  3.456577e-209  1.468477e-226  6.238609e-244  2.650382e-261  1.125976e-278  4.783545e-296  2.032220e-313   0.000000e+00   0.000000e+00   0.000000e+00   0.000000e+00   0.000000e+00   0.000000e+00
         5.2000   1.750358e-23   4.120084e-06   9.999959e-01   4.248337e-18   1.804844e-35   7.667616e-53   3.257475e-70   1.383891e-87  5.879258e-105  2.497717e-122  1.061119e-139  4.508008e-157  1.915162e-174  8.136285e-192  3.456582e-209  1.468479e-226  6.238617e-244  2.650386e-261  1.125978e-278  4.783552e-296  2.032222e-313   0.000000e+00   0.000000e+00   0.000000e+00   0.000000e+00   0.000000e+00   0.000000e+00
         5.2500   1.328056e-23   3.126048e-06   9.999969e-01   4.248341e-18   1.804846e-35   7.667624e-53   3.257478e-70   1.383892e-87  5.879264e-105  2.497720e-122  1.061120e-139  4.508013e-157  1.915164e-174  8.136293e-192  3.456586e-209  1.468480e-226  6.238623e-244  2.650388e-261  1.125979e-278  4.783557e-296  2.032224e-313   0.000000e+00   0.000000e+00   0.000000e+00   0.000000e+00   0.000000e+00   0.000000e+00
         5.3000   1.022816e-23   2.407559e-06   9.999976e-01   4.248344e-18   1.804847e-35   7.667630e-53   3.257481e-70   1.383893e-87  5.879269e-105  2.497722e-122  1.061121e-139  4.508016e-157  1.915165e-174  8.136299e-192  3.456588e-209  1.468481e-226  6.238628e-244  2.650390e-261  1.125980e-278  4.783560e-296  2.032226e-313   0.000000e+00   0.000000e+00   0.000000e+00   0.000000e+00   0.000000e+00   0.000000e+00
         5.3500   7.984098e-24   1.879339e-06   9.999981e-01   4.248346e-18   1.804848e-35   7.667634e-53   3.257482e-70   1.383894e-87  5.879272e-105  2.497723e-122  1.061121e-139  4.508019e-157  1.915166e-174  8.136304e-192  3.456590e-209  1.468482e-226  6.238631e-244  2.650392e-261  1.125980e-278  4.783563e-296  2.032227e-313   0.000000e+00   0.000000e+00   0.000000e+00   0.000000e+00   0.000000e+00   0.000000e+00
         5.4000   6.308527e-24   1.484934e-06   9.999985e-01   4.248348e-18   1.804849e-35   7.667637e-53   3.257484e-70   1.383894e-87  5.879274e-105  2.497724e-122  1.061122e-139  4.508020e-157  1.915167e-174  8.136307e-192  3.456591e-209  1.468482e-226  6.238634e-244  2.650393e-261  1.125981e-278  4.783565e-296  2.032228e-313   0.000000e+00   0.000000e+00   0.000000e+00   0.000000e+00   0.000000e+00   0.000000e+00
         5.4500   5.039588e-24   1.186245e-06   9.999988e-01   4.248349e-18   1.804849e-35   7.667639e-53   3.257485e-70   1.383895e-87  5.879276e-105  2.497725e-122  1.061122e-139  4.508022e-157  1.915167e-174  8.136309e-192  3.456592e-209  1.468483e-226  6.238636e-244  2.650393e-261  1.125981e-278  4.783566e-296  2.032228e-313   0.000000e+00   0.000000e+00   0.000000e+00   0.000000e+00   0.000000e+00   0.000000e+00
         5.5000   4.065984e-24   9.570728e-07   9.999990e-01   4.248350e-18   1.804850e-35   7.667641e-53   3.257485e-70   1.383895e-87  5.879277e-105  2.497725e-122  1.061122e-139  4.508023e-157  1.915168e-174  8.136311e-192  3.456593e-209  1.468483e-226  6.238637e-244  2.650394e-261  1.125981e-278  4.783567e-296  2.032229e-313   0.000000e+00   0.000000e+00   0.000000e+00   0.000000e+00   0.000000e+00   0.000000e+00
         5.5500   3.310016e-24   7.791290e-07   9.999992e-01   4.248351e-18   1.804850e-35   7.667642e-53   3.257486e-70   1.383895e-87  5.879278e-105  2.497726e-122  1.061122e-139  4.508024e-157  1.915168e-174  8.136313e-192  3.456594e-209  1.468484e-226  6.238638e-244  2.650394e-261  1.125981e-278  4.783568e-296  2.032229e-313   0.000000e+00   0.000000e+00   0.000000e+00   0.000000e+00   0.000000e+00   0.000000e+00
         5.6000   2.716652e-24   6.394598e-07   9.999994e-01   4.248352e-18   1.804850e-35   7.667643e-53   3.257486e-70   1.383896e-87  5.879279e-105  2.497726e-122  1.061122e-139  4.508024e-157  1.915168e-174  8.136314e-192  3.456594e-209  1.468484e-226  6.238639e-244  2.650395e-261  1.125982e-278  4.783569e-296  2.032230e-313   0.000000e+00   0.000000e+00   0.000000e+00   0.000000e+00   0.000000e+00   0.000000e+00
         5.6500   2.246236e-24   5.287309e-07   9.999995e-01   4.248352e-18   1.804850e-35   7.667644e-53   3.257487e-70   1.383896e-87  5.879280e-105  2.497726e-122  1.061123e-139  4.508025e-157  1.915169e-174  8.136315e-192  3.456595e-209  1.468484e-226  6.238640e-244  2.650395e-261  1.125982e-278  4.783569e-296  2.032230e-313   0.000000e+00   0.000000e+00   0.000000e+00   0.000000e+00   0.000000e+00   0.000000e+00
         5.7000   1.869803e-24   4.401241e-07   9.999996e-01   4.248352e-18   1.804851e-35   7.667645e-53   3.257487e-70   1.383896e-87  5.879280e-105  2.497726e-122  1.061123e-139  4.508025e-157  1.915169e-174  8.136315e-192  3.456595e-209  1.468484e-226  6.238640e-244  2.650395e-261  1.125982e-278  4.783570e-296  2.032230e-313   0.000000e+00   0.000000e+00   0.000000e+00   0.000000e+00   0.000000e+00   0.000000e+00
         5.7500   1.565983e-24   3.686094e-07   9.999996e-01   4.248353e-18   1.804851e-35   7.667645e-53   3.257487e-70   1.383896e-87  5.879281e-105  2.497727e-122  1.061123e-139  4.508025e-157  1.915169e-174  8.136316e-192  3.456595e-209  1.468484e-226  6.238641e-244  2.650396e-261  1.125982e-278  4.783570e-296  2.032230e-313   0.000000e+00   0.000000e+00   0.000000e+00   0.000000e+00   0.000000e+00   0.000000e+00
         5.8000   1.318906e-24   3.104510e-07   9.999997e-01   4.248353e-18   1.804851e-35   7.667646e-53   3.257488e-70   1.383896e-87  5.879281e-105  2.497727e-122  1.061123e-139  4.508026e-157  1.915169e-174  8.136316e-192  3.456595e-209  1.468484e-226  6.238641e-244  2.650396e-261  1.125982e-278  4.783570e-296  2.032230e-313   0.000000e+00   0.000000e+00   0.000000e+00   0.000000e+00   0.000000e+00   0.000000e+00
         5.8500   1.116551e-24   2.628197e-07   9.999997e-01   4.248353e-18   1.804851e-35   7.667646e-53   3.257488e-70   1.383896e-87  5.879281e-105  2.497727e-122  1.061123e-139  4.508026e-157  1.915169e-174  8.136317e-192  3.456596e-209  1.468484e-226  6.238641e-244  2.650396e-261  1.125982e-278  4.783571e-296  2.032230e-313   0.000000e+00   0.000000e+00   0.000000e+00   0.000000e+00   0.000000e+00   0.000000e+00
         5.9000   9.497123e-25   2.235483e-07   9.999998e-01   4.248353e-18   1.804851e-35   7.667646e-53   3.257488e-70   1.383896e-87  5.879281e-105  2.497727e-122  1.061123e-139  4.508026e-157  1.915169e-174  8.136317e-192  3.456596e-209  1.468484e-226  6.238642e-244  2.650396e-261  1.125982e-278  4.783571e-296  2.032230e-313   0.000000e+00   0.000000e+00   0.000000e+00   0.000000e+00   0.000000e+00   0.000000e+00
         5.9500   8.112812e-25   1.909636e-07   9.999998e-01   4.248353e-18   1.804851e-35   7.667647e-53   3.257488e-70   1.383896e-87  5.879282e-105  2.497727e-122  1.061123e-139  4.508026e-157  1.915169e-174  8.136317e-192  3.456596e-209  1.468484e-226  6.238642e-244  2.650396e-261  1.125982e-278  4.783571e-296  2.032230e-313   0.000000e+00   0.000000e+00   0.000000e+00   0.000000e+00   0.000000e+00   0.000000e+00
         6.0000   6.957364e-25   1.637661e-07   9.999998e-01   4.248354e-18   1.804851e-35   7.667647e-53   3.257488e-70   1.383896e-87  5.879282e-105  2.497727e-122  1.061123e-139  4.508026e-157  1.915169e-174  8.136318e-192  3.456596e-209  1.468484e-226  6.238642e-244  2.650396e-261  1.125982e-278  4.783571e-296  2.032230e-313   0.000000e+00   0.000000e+00   0.000000e+00   0.000000e+00   0.000000e+00   0.000000e+00
         6.0500   5.987930e-25   1.409470e-07   9.999999e-01   4.248354e-18   1.804851e-35   7.667647e-53   3.257488e-70   1.383896e-87  5.879282e-105  2.497727e-122  1.061123e-139  4.508026e-157  1.915169e-174  8.136318e-192  3.456596e-209  1.468484e-226  6.238642e-244  2.650396e-261  1.125982e-278  4.783571e-296  2.032231e-313   0.000000e+00   0.000000e+00   0.000000e+00   0.000000e+00   0.000000e+00   0.000000e+00
         6.1000   5.170821e-25   1.217135e-07   9.999999e-01   4.248354e-18   1.804851e-35   7.667647e-53   3.257488e-70   1.383896e-87  5.879282e-105  2.497727e-122  1.061123e-139  4.508027e-157  1.915169e-174  8.136318e-192  3.456596e-209  1.468484e-226  6.238642e-244  2.650396e-261  1.125982e-278  4.783571e-296  2.032231e-313   0.000000e+00   0.000000e+00   0.000000e+00   0.000000e+00   0.000000e+00   0.000000e+00
         6.1500   4.479043e-25   1.054301e-07   9.999999e-01   4.248354e-18   1.804851e-35   7.667647e-53   3.257488e-70   1.383896e-87  5.879282e-105  2.497727e-122  1.061123e-139  4.508027e-157  1.915169e-174  8.136318e-192  3.456596e-209  1.468484e-226  6.238642e-244  2.650396e-261  1.125982e-278  4.783571e-296  2.032231e-313   0.000000e+00   0.000000e+00   0.000000e+00   0.000000e+00   0.000000e+00   0.000000e+00
         6.2000   3.890847e-25   9.158481e-08   9.999999e-01   4.248354e-18   1.804851e-35   7.667647e-53   3.257488e-70   1.383896e-87  5.879282e-105  2.497727e-122  1.061123e-139  4.508027e-157  1.915169e-174  8.136318e-192  3.456596e-209  1.468485e-226  6.238642e-244  2.650396e-261  1.125982e-278  4.783571e-296  2.032231e-313   0.000000e+00   0.000000e+00   0.000000e+00   0.000000e+00   0.000000e+00   0.000000e+00
         6.2500   3.388623e-25   7.976320e-08   9.999999e-01   4.248354e-18   1.804851e-35   7.667647e-53   3.257488e-70   1.383896e-87  5.879282e-105  2.497727e-122  1.061123e-139  4.508027e-157  1.915169e-174  8.136318e-192  3.456596e-209  1.468485e-226  6.238643e-244  2.650396e-261  1.125982e-278  4.783572e-296  2.032231e-313   0.000000e+00   0.000000e+00   0.000000e+00   0.000000e+00   0.000000e+00   0.000000e+00
         6.3000   2.958098e-25   6.962927e-08   9.999999e-01   4.248354e-18   1.804851e-35   7.667648e-53   3.257488e-70   1.383896e-87  5.879282e-105  2.497727e-122  1.061123e-139  4.508027e-157  1.915169e-174  8.136318e-192  3.456596e-209  1.468485e-226  6.238643e-244  2.650396e-261  1.125982e-278  4.783572e-296  2.032231e-313   0.000000e+00   0.000000e+00   0.000000e+00   0.000000e+00   0.000000e+00   0.000000e+00
         6.3500   2.587667e-25   6.090986e-08   9.999999e-01   4.248354e-18   1.804851e-35   7.667648e-53   3.257488e-70   1.383896e-87  5.879282e-105  2.497727e-122  1.061123e-139  4.508027e-157  1.915169e-174  8.136318e-192  3.456596e-209  1.468485e-226  6.238643e-244  2.650396e-261  1.125982e-278  4.783572e-296  2.032231e-313   0.000000e+00   0.000000e+00   0.000000e+00   0.000000e+00   0.000000e+00   0.000000e+00
         6.4000   2.267835e-25   5.338148e-08   9.999999e-01   4.248354e-18   1.804851e-35   7.667648e-53   3.257488e-70   1.383896e-87  5.879282e-105  2.497727e-122  1.061123e-139  4.508027e-157  1.915169e-174  8.136318e-192  3.456596e-209  1.468485e-226  6.238643e-244  2.650396e-261  1.125982e-278  4.783572e-296  2.032231e-313   0.000000e+00   0.000000e+00   0.000000e+00   0.000000e+00   0.000000e+00   0.000000e+00
         6.4500   1.990884e-25   4.686246e-08   1.000000e+00   4.248354e-18   1.804851e-35   7.667648e-53   3.257488e-70   1.383896e-87  5.879282e-105  2.497727e-122  1.061123e-139  4.508027e-157  1.915170e-174  8.136319e-192  3.456596e-209  1.468485e-226  6.238643e-244  2.650396e-261  1.125982e-278  4.783572e-296  2.032231e-313   0.000000e+00   0.000000e+00   0.000000e+00   0.000000e+00   0.000000e+00   0.000000e+00
         6.5000   1.750462e-25   4.120330e-08   1.000000e+00   4.248354e-18   1.804851e-35   7.667648e-53   3.257488e-70   1.383896e-87  5.879282e-105  2.497727e-122  1.061123e-139  4.508027e-157  1.915170e-174  8.136319e-192  3.456596e-209  1.468485e-226  6.238643e-244  2.650396e-261  1.125982e-278  4.783572e-296  2.032231e-313   0.000000e+00   0.000000e+00   0.000000e+00   0.000000e+00   0.000000e+00   0.000000e+00
         6.5500   1.541265e-25   3.627910e-08   1.000000e+00   4.248354e-18   1.804851e-35   7.667648e-53   3.257488e-70   1.383896e-87  5.879282e-105  2.497727e-122  1.061123e-139  4.508027e-157  1.915170e-174  8.136319e-192  3.456596e-209  1.468485e-226  6.238643e-244  2.650396e-261  1.125982e-278  4.783572e-296  2.032231e-313   0.000000e+00   0.000000e+00   0.000000e+00   0.000000e+00   0.000000e+00   0.000000e+00
         6.6000   1.358837e-25   3.198503e-08   1.000000e+00   4.248354e-18   1.804851e-35   7.667648e-53   3.257488e-70   1.383896e-87  5.879283e-105  2.497727e-122  1.061123e-139  4.508027e-157  1.915170e-174  8.136319e-192  3.456596e-209  1.468485e-226  6.238643e-244  2.650396e-261  1.125982e-278  4.783572e-296  2.032231e-313   0.000000e+00   0.000000e+00   0.000000e+00   0.000000e+00   0.000000e+00   0.000000e+00
         6.6500   1.199426e-25   2.823273e-08   1.000000e+00   4.248354e-18   1.804851e-35   7.667648e-53   3.257488e-70   1.383896e-87  5.879283e-105  2.497727e-122  1.061123e-139  4.508027e-157  1.915170e-174  8.136319e-192  3.456596e-209  1.468485e-226  6.238643e-244  2.650396e-261  1.125982e-278  4.783572e-296  2.032231e-313   0.000000e+00   0.000000e+00   0.000000e+00   0.000000e+00   0.000000e+00   0.000000e+00
         6.7000   1.059833e-25   2.494691e-08   1.000000e+00   4.248354e-18   1.804851e-35   7.667648e-53   3.257488e-70   1.383896e-87  5.879283e-105  2.497728e-122  1.061123e-139  4.508027e-157  1.915170e-174  8.136319e-192  3.456596e-209  1.468485e-226  6.238643e-244  2.650396e-261  1.125982e-278  4.783572e-296  2.032231e-313   0.000000e+00   0.000000e+00   0.000000e+00   0.000000e+00   0.000000e+00   0.000000e+00
         6.7500   9.373404e-26   2.206361e-08   1.000000e+00   4.248354e-18   1.804851e-35   7.667648e-53   3.257488e-70   1.383896e-87  5.879283e-105  2.497728e-122  1.061123e-139  4.508027e-157  1.915170e-174  8.136319e-192  3.456596e-209  1.468485e-226  6.238643e-244  2.650396e-261  1.125982e-278  4.783572e-296  2.032231e-313   0.000000e+00   0.000000e+00   0.000000e+00   0.000000e+00   0.000000e+00   0.000000e+00
         6.8000   8.296571e-26   1.952890e-08   1.000000e+00   4.248354e-18   1.804851e-35   7.667648e-53   3.257488e-70   1.383896e-87  5.879283e-105  2.497728e-122  1.061123e-139  4.508027e-157  1.915170e-174  8.136319e-192  3.456596e-209  1.468485e-226  6.238643e-244  2.650397e-261  1.125982e-278  4.783572e-296  2.032231e-313   0.000000e+00   0.000000e+00   0.000000e+00   0.000000e+00   0.000000e+00   0.000000e+00
         6.8500   7.348387e-26   1.729702e-08   1.000000e+00   4.248354e-18   1.804851e-35   7.667648e-53   3.257488e-70   1.383897e-87  5.879283e-105  2.497728e-122  1.061123e-139  4.508027e-157  1.915170e-174  8.136319e-192  3.456596e-209  1.468485e-226  6.238643e-244  2.650397e-261  1.125982e-278  4.783572e-296  2.032231e-313   0.000000e+00   0.000000e+00   0.000000e+00   0.000000e+00   0.000000e+00   0.000000e+00
         6.9000   6.512293e-26   1.532898e-08   1.000000e+00   4.248354e-18   1.804851e-35   7.667648e-53   3.257488e-70   1.383897e-87  5.879283e-105  2.497728e-122  1.061123e-139  4.508027e-157  1.915170e-174  8.136319e-192  3.456596e-209  1.468485e-226  6.238643e-244  2.650397e-261  1.125982e-278  4.783572e-296  2.032231e-313   0.000000e+00   0.000000e+00   0.000000e+00   0.000000e+00   0.000000e+00   0.000000e+00
         6.9500   5.774117e-26   1.359142e-08   1.000000e+00   4.248354e-18   1.804851e-35   7.667648e-53   3.257488e-70   1.383897e-87  5.879283e-105  2.497728e-122  1.061123e-139  4.508027e-157  1.915170e-174  8.136319e-192  3.456596e-209  1.468485e-226  6.238643e-244  2.650397e-261  1.125982e-278  4.783572e-296  2.032231e-313   0.000000e+00   0.000000e+00   0.000000e+00   0.000000e+00   0.000000e+00   0.000000e+00
         7.0000   5.121669e-26   1.205565e-08   1.000000e+00   4.248354e-18   1.804851e-35   7.667648e-53   3.257488e-70   1.383897e-87  5.879283e-105  2.497728e-122  1.061123e-139  4.508027e-157  1.915170e-174  8.136319e-192  3.456596e-209  1.468485e-226  6.238643e-244  2.650397e-261  1.125982e-278  4.783572e-296  2.032231e-313   0.000000e+00   0.000000e+00   0.000000e+00   0.000000e+00   0.000000e+00   0.000000e+00
         7.0500   4.544431e-26   1.069692e-08   1.000000e+00   4.248354e-18   1.804851e-35   7.667648e-53   3.257488e-70   1.383897e-87  5.879283e-105  2.497728e-122  1.061123e-139  4.508027e-157  1.915170e-174  8.136319e-192  3.456596e-209  1.468485e-226  6.238643e-244  2.650397e-261  1.125982e-278  4.783572e-296  2.032231e-313   0.000000e+00   0.000000e+00   0.000000e+00   0.000000e+00   0.000000e+00   0.000000e+00
         7.1000   4.033206e-26   9.493574e-09   1.000000e+00   4.248354e-18   1.804851e-35   7.667648e-53   3.257489e-70   1.383897e-87  5.879283e-105  2.497728e-122  1.061123e-139  4.508027e-157  1.915170e-174  8.136319e-192  3.456596e-209  1.468485e-226  6.238643e-244  2.650397e-261  1.125982e-278  4.783572e-296  2.032231e-313   0.000000e+00   0.000000e+00   0.000000e+00   0.000000e+00   0.000000e+00   0.000000e+00
         7.1500   3.580054e-26   8.426920e-09   1.000000e+00   4.248354e-18   1.804851e-35   7.667648e-53   3.257489e-70   1.383897e-87  5.879283e-105  2.497728e-122  1.061123e-139  4.508027e-157  1.915170e-174  8.136319e-192  3.456596e-209  1.468485e-226  6.238643e-244  2.650397e-261  1.125982e-278  4.783572e-296  2.032231e-313   0.000000e+00   0.000000e+00   0.000000e+00   0.000000e+00   0.000000e+00   0.000000e+00
         7.2000   3.178190e-26   7.480991e-09   1.000000e+00   4.248354e-18   1.804851e-35   7.667648e-53   3.257489e-70   1.383897e-87  5.879283e-105  2.497728e-122  1.061123e-139  4.508027e-157  1.915170e-174  8.136319e-192  3.456596e-209  1.468485e-226  6.238643e-244  2.650397e-261  1.125982e-278  4.783572e-296  2.032231e-313   0.000000e+00   0.000000e+00   0.000000e+00   0.000000e+00   0.000000e+00   0.000000e+00
         7.2500   2.821688e-26   6.641838e-09   1.000000e+00   4.248354e-18   1.804851e-35   7.667648e-53   3.257489e-70   1.383897e-87  5.879283e-105  2.497728e-122  1.061123e-139  4.508027e-157  1.915170e-174  8.136319e-192  3.456596e-209  1.468485e-226  6.238643e-244  2.650397e-261  1.125982e-278  4.783572e-296  2.032231e-313   0.000000e+00   0.000000e+00   0.000000e+00   0.000000e+00   0.000000e+00   0.000000e+00
         7.3000   2.505346e-26   5.897215e-09   1.000000e+00   4.248354e-18   1.804851e-35   7.667648e-53   3.257489e-70   1.383897e-87  5.879283e-105  2.497728e-122  1.061123e-139  4.508027e-157  1.915170e-174  8.136319e-192  3.456596e-209  1.468485e-226  6.238643e-244  2.650397e-261  1.125982e-278  4.783572e-296  2.032231e-313   0.000000e+00   0.000000e+00   0.000000e+00   0.000000e+00   0.000000e+00   0.000000e+00
         7.3500   2.224588e-26   5.236352e-09   1.000000e+00   4.248354e-18   1.804851e-35   7.667648e-53   3.257489e-70   1.383897e-87  5.879283e-105  2.497728e-122  1.061123e-139  4.508027e-157  1.915170e-174  8.136319e-192  3.456596e-209  1.468485e-226  6.238643e-244  2.650397e-261  1.125982e-278  4.783572e-296  2.032231e-313   0.000000e+00   0.000000e+00   0.000000e+00   0.000000e+00   0.000000e+00   0.000000e+00
         7.4000   1.975373e-26   4.649737e-09   1.000000e+00   4.248354e-18   1.804851e-35   7.667648e-53   3.257489e-70   1.383897e-87  5.879283e-105  2.497728e-122  1.061123e-139  4.508027e-157  1.915170e-174  8.136319e-192  3.456596e-209  1.468485e-226  6.238643e-244  2.650397e-261  1.125982e-278  4.783572e-296  2.032231e-313   0.000000e+00   0.000000e+00   0.000000e+00   0.000000e+00   0.000000e+00   0.000000e+00
         7.4500   1.754132e-26   4.128968e-09   1.000000e+00   4.248354e-18   1.804851e-35   7.667648e-53   3.257489e-70   1.383897e-87  5.879283e-105  2.497728e-122  1.061123e-139  4.508027e-157  1.915170e-174  8.136319e-192  3.456596e-209  1.468485e-226  6.238643e-244  2.650397e-261  1.125982e-278  4.783572e-296  2.032231e-313   0.000000e+00   0.000000e+00   0.000000e+00   0.000000e+00   0.000000e+00   0.000000e+00
         7.5000   1.557704e-26   3.666606e-09   1.000000e+00   4.248354e-18   1.804851e-35   7.667648e-53   3.257489e-70   1.383897e-87  5.879283e-105  2.497728e-122  1.061123e-139  4.508027e-157  1.915170e-174  8.136319e-192  3.456596e-209  1.468485e-226  6.238643e-244  2.650397e-261  1.125982e-278  4.783572e-296  2.032231e-313   0.000000e+00   0.000000e+00   0.000000e+00   0.000000e+00   0.000000e+00   0.000000e+00
         7.5500   1.383292e-26   3.256066e-09   1.000000e+00   4.248354e-18   1.804851e-35   7.667648e-53   3.257489e-70   1.383897e-87  5.879283e-105  2.497728e-122  1.061123e-139  4.508027e-157  1.915170e-174  8.136319e-192  3.456596e-209  1.468485e-226  6.238643e-244  2.650397e-261  1.125982e-278  4.783572e-296  2.032231e-313   0.000000e+00   0.000000e+00   0.000000e+00   0.000000e+00   0.000000e+00   0.000000e+00
         7.6000   1.228416e-26   2.891511e-09   1.000000e+00   4.248354e-18   1.804851e-35   7.667648e-53   3.257489e-70   1.383897e-87  5.879283e-105  2.497728e-122  1.061123e-139  4.508027e-157  1.915170e-174  8.136319e-192  3.456596e-209  1.468485e-226  6.238643e-244  2.650397e-261  1.125982e-278  4.783572e-296  2.032231e-313   0.000000e+00   0.000000e+00   0.000000e+00   0.000000e+00   0.000000e+00   0.000000e+00
         7.6500   1.090879e-26   2.567769e-09   1.000000e+00   4.248354e-18   1.804851e-35   7.667648e-53   3.257489e-70   1.383897e-87  5.879283e-105  2.497728e-122  1.061123e-139  4.508027e-157  1.915170e-174  8.136319e-192  3.456596e-209  1.468485e-226  6.238643e-244  2.650397e-261  1.125982e-278  4.783572e-296  2.032231e-313   0.000000e+00   0.000000e+00   0.000000e+00   0.000000e+00   0.000000e+00   0.000000e+00
         7.7000   9.687321e-27   2.280253e-09   1.000000e+00   4.248354e-18   1.804851e-35   7.667648e-53   3.257489e-70   1.383897e-87  5.879283e-105  2.497728e-122  1.061123e-139  4.508027e-157  1.915170e-174  8.136319e-192  3.456596e-209  1.468485e-226  6.238643e-244  2.650397e-261  1.125982e-278  4.783572e-296  2.032231e-313   0.000000e+00   0.000000e+00   0.000000e+00   0.000000e+00   0.000000e+00   0.000000e+00
         7.7500   8.602479e-27   2.024897e-09   1.000000e+00   4.248354e-18   1.804851e-35   7.667648e-53   3.257489e-70   1.383897e-87  5.879283e-105  2.497728e-122  1.061123e-139  4.508027e-157  1.915170e-174  8.136319e-192  3.456596e-209  1.468485e-226  6.238643e-244  2.650397e-261  1.125982e-278  4.783572e-296  2.032231e-313   0.000000e+00   0.000000e+00   0.000000e+00   0.000000e+00   0.000000e+00   0.000000e+00
         7.8000   7.638888e-27   1.798082e-09   1.000000e+00   4.248354e-18   1.804851e-35   7.667648e-53   3.257489e-70   1.383897e-87  5.879283e-105  2.497728e-122  1.061123e-139  4.508027e-157  1.915170e-174  8.136319e-192  3.456596e-209  1.468485e-226  6.238643e-244  2.650397e-261  1.125982e-278  4.783572e-296  2.032231e-313   0.000000e+00   0.000000e+00   0.000000e+00   0.000000e+00   0.000000e+00   0.000000e+00
         7.8500   6.782870e-27   1.596588e-09   1.000000e+00   4.248354e-18   1.804851e-35   7.667648e-53   3.257489e-70   1.383897e-87  5.879283e-105  2.497728e-122  1.061123e-139  4.508027e-157  1.915170e-174  8.136319e-192  3.456596e-209  1.468485e-226  6.238643e-244  2.650397e-261  1.125982e-278  4.783572e-296  2.032231e-313   0.000000e+00   0.000000e+00   0.000000e+00   0.000000e+00   0.000000e+00   0.000000e+00
         7.9000   6.022332e-27   1.417568e-09   1.000000e+00   4.248354e-18   1.804851e-35   7.667648e-53   3.257489e-70   1.383897e-87  5.879283e-105  2.497728e-122  1.061123e-139  4.508027e-157  1.915170e-174  8.136319e-192  3.456596e-209  1.468485e-226  6.238643e-244  2.650397e-261  1.125982e-278  4.783572e-296  2.032231e-313   0.000000e+00   0.000000e+00   0.000000e+00   0.000000e+00   0.000000e+00   0.000000e+00
         7.9500   5.346587e-27   1.258508e-09   1.000000e+00   4.248354e-18   1.804851e-35   7.667648e-53   3.257489e-70   1.383897e-87  5.879283e-105  2.497728e-122  1.061123e-139  4.508027e-157  1.915170e-174  8.136319e-192  3.456597e-209  1.468485e-226  6.238643e-244  2.650397e-261  1.125982e-278  4.783572e-296  2.032231e-313   0.000000e+00   0.000000e+00   0.000000e+00   0.000000e+00   0.000000e+00   0.000000e+00
         8.0000   4.746173e-27   1.117179e-09   1.000000e+00   4.248354e-18   1.804851e-35   7.667648e-53   3.257489e-70   1.383897e-87  5.879283e-105  2.497728e-122  1.061123e-139  4.508027e-157  1.915170e-174  8.136319e-192  3.456597e-209  1.468485e-226  6.238643e-244  2.650397e-261  1.125982e-278  4.783572e-296  2.032231e-313   0.000000e+00   0.000000e+00   0.000000e+00   0.000000e+00   0.000000e+00   0.000000e+00
         8.0500   4.212706e-27   9.916089e-10   1.000000e+00   4.248354e-18   1.804851e-35   7.667648e-53   3.257489e-70   1.383897e-87  5.879283e-105  2.497728e-122  1.061123e-139  4.508027e-157  1.915170e-174  8.136319e-192  3.456597e-209  1.468485e-226  6.238643e-244  2.650397e-261  1.125982e-278  4.783572e-296  2.032231e-313   0.000000e+00   0.000000e+00   0.000000e+00   0.000000e+00   0.000000e+00   0.000000e+00
         8.1000   3.738749e-27   8.800464e-10   1.000000e+00   4.248354e-18   1.804851e-35   7.667648e-53   3.257489e-70   1.383897e-87  5.879283e-105  2.497728e-122  1.061123e-139  4.508027e-157  1.915170e-174  8.136319e-192  3.456597e-209  1.468485e-226  6.238643e-244  2.650397e-261  1.125982e-278  4.783572e-296  2.032231e-313   0.000000e+00   0.000000e+00   0.000000e+00   0.000000e+00   0.000000e+00   0.000000e+00
         8.1500   3.317700e-27   7.809377e-10   1.000000e+00   4.248354e-18   1.804851e-35   7.667648e-53   3.257489e-70   1.383897e-87  5.879283e-105  2.497728e-122  1.061123e-139  4.508027e-157  1.915170e-174  8.136319e-192  3.456597e-209  1.468485e-226  6.238643e-244  2.650397e-261  1.125982e-278  4.783572e-296  2.032231e-313   0.000000e+00   0.000000e+00   0.000000e+00   0.000000e+00   0.000000e+00   0.000000e+00
         8.2000   2.943686e-27   6.929004e-10   1.000000e+00   4.248354e-18   1.804851e-35   7.667648e-53   3.257489e-70   1.383897e-87  5.879283e-105  2.497728e-122  1.061123e-139  4.508027e-157  1.915170e-174  8.136319e-192  3.456597e-209  1.468485e-226  6.238643e-244  2.650397e-261  1.125982e-278  4.783572e-296  2.032231e-313   0.000000e+00   0.000000e+00   0.000000e+00   0.000000e+00   0.000000e+00   0.000000e+00
         8.2500   2.611497e-27   6.147079e-10   1.000000e+00   4.248354e-18   1.804851e-35   7.667648e-53   3.257489e-70   1.383897e-87  5.879283e-105  2.497728e-122  1.061123e-139  4.508027e-157  1.915170e-174  8.136319e-192  3.456597e-209  1.468485e-226  6.238643e-244  2.650397e-261  1.125982e-278  4.783572e-296  2.032231e-313   0.000000e+00   0.000000e+00   0.000000e+00   0.000000e+00   0.000000e+00   0.000000e+00
         8.3000   2.316494e-27   5.452686e-10   1.000000e+00   4.248354e-18   1.804851e-35   7.667648e-53   3.257489e-70   1.383897e-87  5.879283e-105  2.497728e-122  1.061123e-139  4.508027e-157  1.915170e-174  8.136319e-192  3.456597e-209  1.468485e-226  6.238643e-244  2.650397e-261  1.125982e-278  4.783572e-296  2.032231e-313   0.000000e+00   0.000000e+00   0.000000e+00   0.000000e+00   0.000000e+00   0.000000e+00
         8.3500   2.054550e-27   4.836108e-10   1.000000e+00   4.248354e-18   1.804851e-35   7.667648e-53   3.257489e-70   1.383897e-87  5.879283e-105  2.497728e-122  1.061123e-139  4.508027e-157  1.915170e-174  8.136319e-192  3.456597e-209  1.468485e-226  6.238643e-244  2.650397e-261  1.125982e-278  4.783572e-296  2.032231e-313   0.000000e+00   0.000000e+00   0.000000e+00   0.000000e+00   0.000000e+00   0.000000e+00
         8.4000   1.821995e-27   4.288708e-10   1.000000e+00   4.248354e-18   1.804851e-35   7.667648e-53   3.257489e-70   1.383897e-87  5.879283e-105  2.497728e-122  1.061123e-139  4.508027e-157  1.915170e-174  8.136319e-192  3.456597e-209  1.468485e-226  6.238643e-244  2.650397e-261  1.125982e-278  4.783572e-296  2.032231e-313   0.000000e+00   0.000000e+00   0.000000e+00   0.000000e+00   0.000000e+00   0.000000e+00
         8.4500   1.615563e-27   3.802797e-10   1.000000e+00   4.248354e-18   1.804851e-35   7.667648e-53   3.257489e-70   1.383897e-87  5.879283e-105  2.497728e-122  1.061123e-139  4.508027e-157  1.915170e-174  8.136319e-192  3.456597e-209  1.468485e-226  6.238643e-244  2.650397e-261  1.125982e-278  4.783572e-296  2.032231e-313   0.000000e+00   0.000000e+00   0.000000e+00   0.000000e+00   0.000000e+00   0.000000e+00
         8.5000   1.432348e-27   3.371536e-10   1.000000e+00   4.248354e-18   1.804851e-35   7.667648e-53   3.257489e-70   1.383897e-87  5.879283e-105  2.497728e-122  1.061123e-139  4.508027e-157  1.915170e-174  8.136319e-192  3.456597e-209  1.468485e-226  6.238643e-244  2.650397e-261  1.125982e-278  4.783572e-296  2.032231e-313   0.000000e+00   0.000000e+00   0.000000e+00   0.000000e+00   0.000000e+00   0.000000e+00
         8.5500   1.269763e-27   2.988836e-10   1.000000e+00   4.248354e-18   1.804851e-35   7.667648e-53   3.257489e-70   1.383897e-87  5.879283e-105  2.497728e-122  1.061123e-139  4.508027e-157  1.915170e-174  8.136319e-192  3.456597e-209  1.468485e-226  6.238643e-244  2.650397e-261  1.125982e-278  4.783572e-296  2.032231e-313   0.000000e+00   0.000000e+00   0.000000e+00   0.000000e+00   0.000000e+00   0.000000e+00
         8.6000   1.125509e-27   2.649282e-10   1.000000e+00   4.248354e-18   1.804851e-35   7.667648e-53   3.257489e-70   1.383897e-87  5.879283e-105  2.497728e-122  1.061123e-139  4.508027e-157  1.915170e-174  8.136319e-192  3.456597e-209  1.468485e-226  6.238643e-244  2.650397e-261  1.125982e-278  4.783572e-296  2.032231e-313   0.000000e+00   0.000000e+00   0.000000e+00   0.000000e+00   0.000000e+00   0.000000e+00
         8.6500   9.975362e-28   2.348053e-10   1.000000e+00   4.248354e-18   1.804851e-35   7.667648e-53   3.257489e-70   1.383897e-87  5.879283e-105  2.497728e-122  1.061123e-139  4.508027e-157  1.915170e-174  8.136319e-192  3.456597e-209  1.468485e-226  6.238643e-244  2.650397e-261  1.125982e-278  4.783572e-296  2.032231e-313   0.000000e+00   0.000000e+00   0.000000e+00   0.000000e+00   0.000000e+00   0.000000e+00
         8.7000   8.840251e-28   2.080865e-10   1.000000e+00   4.248354e-18   1.804851e-35   7.667648e-53   3.257489e-70   1.383897e-87  5.879283e-105  2.497728e-122  1.061123e-139  4.508027e-157  1.915170e-174  8.136319e-192  3.456597e-209  1.468485e-226  6.238643e-244  2.650397e-261  1.125982e-278  4.783572e-296  2.032231e-313   0.000000e+00   0.000000e+00   0.000000e+00   0.000000e+00   0.000000e+00   0.000000e+00
         8.7500   7.833552e-28   1.843903e-10   1.000000e+00   4.248354e-18   1.804851e-35   7.667648e-53   3.257489e-70   1.383897e-87  5.879283e-105  2.497728e-122  1.061123e-139  4.508027e-157  1.915170e-174  8.136319e-192  3.456597e-209  1.468485e-226  6.238643e-244  2.650397e-261  1.125982e-278  4.783572e-296  2.032231e-313   0.000000e+00   0.000000e+00   0.000000e+00   0.000000e+00   0.000000e+00   0.000000e+00
         8.8000   6.940866e-28   1.633778e-10   1.000000e+00   4.248354e-18   1.804851e-35   7.667648e-53   3.257489e-70   1.383897e-87  5.879283e-105  2.497728e-122  1.061123e-139  4.508027e-157  1.915170e-174  8.136319e-192  3.456597e-209  1.468485e-226  6.238643e-244  2.650397e-261  1.125982e-278  4.783572e-296  2.032231e-313   0.000000e+00   0.000000e+00   0.000000e+00   0.000000e+00   0.000000e+00   0.000000e+00
         8.8500   6.149382e-28   1.447474e-10   1.000000e+00   4.248354e-18   1.804851e-35   7.667648e-53   3.257489e-70   1.383897e-87  5.879283e-105  2.497728e-122  1.061123e-139  4.508027e-157  1.915170e-174  8.136319e-192  3.456597e-209  1.468485e-226  6.238643e-244  2.650397e-261  1.125982e-278  4.783572e-296  2.032231e-313   0.000000e+00   0.000000e+00   0.000000e+00   0.000000e+00   0.000000e+00   0.000000e+00
         8.9000   5.447716e-28   1.282312e-10   1.000000e+00   4.248354e-18   1.804851e-35   7.667648e-53   3.257489e-70   1.383897e-87  5.879283e-105  2.497728e-122  1.061123e-139  4.508027e-157  1.915170e-174  8.136319e-192  3.456597e-209  1.468485e-226  6.238643e-244  2.650397e-261  1.125982e-278  4.783572e-296  2.032231e-313   0.000000e+00   0.000000e+00   0.000000e+00   0.000000e+00   0.000000e+00   0.000000e+00
         8.9500   4.825752e-28   1.135911e-10   1.000000e+00   4.248354e-18   1.804851e-35   7.667648e-53   3.257489e-70   1.383897e-87  5.879283e-105  2.497728e-122  1.061123e-139  4.508027e-157  1.915170e-174  8.136319e-192  3.456597e-209  1.468485e-226  6.238643e-244  2.650397e-261  1.125982e-278  4.783572e-296  2.032231e-313   0.000000e+00   0.000000e+00   0.000000e+00   0.000000e+00   0.000000e+00   0.000000e+00
         9.0000   4.274499e-28   1.006154e-10   1.000000e+00   4.248354e-18   1.804851e-35   7.667648e-53   3.257489e-70   1.383897e-87  5.879283e-105  2.497728e-122  1.061123e-139  4.508027e-157  1.915170e-174  8.136319e-192  3.456597e-209  1.468485e-226  6.238643e-244  2.650397e-261  1.125982e-278  4.783572e-296  2.032231e-313   0.000000e+00   0.000000e+00   0.000000e+00   0.000000e+00   0.000000e+00   0.000000e+00
