# CIE ionization fractions for Ca (Z=20)
# Source: CHIANTI v11.0.2 chianti.ioneq (Dere et al. 2009)
# T grid: 101 log-spaced points, 10^4.00 K -> 10^9.00 K
# Generated by pyathena/photchem/data/build_ioneq_tables.py
#
# log_T_K        x_Ca0          x_Ca1          x_Ca2          x_Ca3          x_Ca4          x_Ca5          x_Ca6          x_Ca7          x_Ca8          x_Ca9          x_Ca10         x_Ca11         x_Ca12         x_Ca13         x_Ca14         x_Ca15         x_Ca16         x_Ca17         x_Ca18         x_Ca19         x_Ca20       
         4.0000   1.234501e-50   2.905834e-33   1.804851e-35   4.248354e-18   1.000000e+00   4.248354e-18   1.804851e-35   7.667648e-53   3.257489e-70   1.383897e-87  5.879283e-105  2.497728e-122  1.061123e-139  4.508027e-157  1.915170e-174  8.136319e-192  3.456597e-209  1.468485e-226  6.238643e-244  2.650397e-261  1.125982e-278
         4.0500   2.354521e-51   5.542196e-34   1.804851e-35   4.248354e-18   1.000000e+00   4.248354e-18   1.804851e-35   7.667648e-53   3.257489e-70   1.383897e-87  5.879283e-105  2.497728e-122  1.061123e-139  4.508027e-157  1.915170e-174  8.136319e-192  3.456597e-209  1.468485e-226  6.238643e-244  2.650397e-261  1.125982e-278
         4.1000   5.286943e-52   1.244468e-34   1.804851e-35   4.248354e-18   1.000000e+00   3.250768e-33   1.381041e-50   5.867152e-68   2.492574e-85  1.058934e-102  4.498726e-120  1.911218e-137  8.119532e-155  3.449465e-172  1.465455e-189  6.225771e-207  2.644928e-224  1.123659e-241  4.773702e-259  2.028038e-276  8.615823e-294
         4.1500   1.373071e-52   3.232007e-35   1.804851e-35   4.248354e-18   1.000000e+00   1.697757e-29   7.212674e-47   3.064200e-64   1.301781e-81   5.530425e-99  2.349520e-116  9.981595e-134  4.240535e-151  1.801530e-168  7.653536e-186  3.251493e-203  1.381349e-220  5.868462e-238  2.493131e-255  1.059170e-272  4.499730e-290
         4.2000   4.059952e-53   9.556529e-36   1.804851e-35   4.248354e-18   1.000000e+00   3.541124e-26   2.489827e-60   1.057767e-77   4.493768e-95  1.909112e-112  8.110584e-130  3.445663e-147  1.463840e-164  6.218910e-182  2.642013e-199  1.122421e-216  4.768442e-234  2.025803e-251  8.606328e-269  3.656273e-286  1.553314e-303
         4.2500   1.347884e-53   3.172721e-36   1.804851e-35   4.248354e-18   1.000000e+00   3.254390e-23   1.575784e-53   6.694490e-71   2.844056e-88  1.208256e-105  5.133099e-123  2.180722e-140  9.264481e-158  3.935880e-175  1.672101e-192  7.103678e-210  3.017894e-227  1.282108e-244  5.446850e-262  2.314015e-279  9.830755e-297
         4.3000   4.964791e-54   1.168639e-36   1.804851e-35   4.248354e-18   1.000000e+00   1.438703e-20   1.867794e-47   3.675307e-79   1.561401e-96  6.633383e-114  2.818096e-131  1.197227e-148  5.086244e-166  2.160817e-183  9.179915e-201  3.899953e-218  1.656838e-235  7.038836e-253  2.990347e-270  1.270405e-287  5.397132e-305
         4.3500   2.009642e-54   4.730401e-37   1.804851e-35   4.248354e-18   1.000000e+00   3.309861e-18   4.972714e-42   3.381619e-70  2.120588e-103  9.009009e-121  3.827346e-138  1.625992e-155  6.907791e-173  2.934674e-190  1.246754e-207  5.296651e-225  2.250205e-242  9.559668e-260  4.061286e-277  1.725378e-294  7.330017e-312
         4.4000   8.884803e-55   2.091352e-37   1.804851e-35   4.248354e-18   1.000000e+00   4.253115e-16   3.498683e-37   3.423969e-62   9.433437e-92  4.007658e-109  1.702595e-126  7.233227e-144  3.072931e-161  1.305490e-178  5.546184e-196  2.356216e-213  1.001004e-230  4.252619e-248  1.806663e-265  7.675345e-283  3.260758e-300
         4.4500   4.287140e-55   1.009130e-37   1.804851e-35   4.248354e-18   1.000000e+00   3.253109e-14   7.522791e-33   4.843348e-55   2.386886e-81  1.874289e-114  7.962644e-132  3.382813e-149  1.437139e-166  6.105475e-184  2.593822e-201  1.101948e-218  4.681464e-236  1.988852e-253  8.449346e-271  3.589581e-288  1.524981e-305
         4.5000   2.274948e-55   5.354893e-38   1.804851e-35   4.248354e-18   1.000000e+00   1.568007e-12   5.626035e-29   1.183726e-48   4.680022e-72  1.693368e-101  1.184343e-134  5.031509e-152  2.137563e-169  9.081126e-187  3.857984e-204  1.639008e-221  6.963088e-239  2.958166e-256  1.256734e-273  5.339050e-291  2.268218e-308
         4.5500   1.351934e-55   3.182254e-38   1.804851e-35   4.248354e-18   1.000000e+00   5.009898e-11   1.640376e-25   6.034766e-43   9.348060e-64   6.167889e-90  2.252170e-119  9.568015e-137  4.064832e-154  1.726884e-171  7.336417e-189  3.116770e-206  1.324114e-223  5.625306e-241  2.389829e-258  1.015284e-275  4.313287e-293
         4.6000   9.220957e-56   2.170477e-38   1.804851e-35   4.248354e-18   1.000000e+00   1.108908e-09   2.058965e-22   7.572447e-38   2.419401e-56   1.273056e-79  9.707185e-106  4.123956e-123  1.752003e-140  7.443128e-158  3.162104e-175  1.343374e-192  5.707128e-210  2.424590e-227  1.030052e-244  4.376025e-262  1.859091e-279
         4.6500   7.320507e-56   1.723140e-38   1.804851e-35   4.248354e-18   1.000000e+00   1.765167e-08   1.210187e-19   2.698842e-33   1.000612e-49   2.008452e-70   1.413329e-93  6.004324e-111  2.550850e-128  1.083691e-145  4.603904e-163  1.955902e-180  8.309363e-198  3.530112e-215  1.499717e-232  6.371327e-250  2.706766e-267
         4.7000   6.664179e-56   1.568649e-38   1.804851e-35   4.248353e-18   9.999998e-01   2.083391e-07   3.570980e-17   3.086552e-29   7.928175e-44   3.148611e-62   9.876291e-83  4.195798e-100  1.782524e-117  7.572792e-135  3.217191e-152  1.366776e-169  5.806551e-187  2.466828e-204  1.047996e-221  4.452259e-239  1.891477e-256
         4.7500   6.679397e-56   1.572232e-38   1.804848e-35   4.248346e-18   9.999981e-01   1.867998e-06   5.601257e-15   1.256365e-25   1.408450e-38   6.178429e-55   4.516550e-73   1.918790e-90  8.151702e-108  3.463132e-125  1.471261e-142  6.250438e-160  2.655407e-177  1.128111e-194  4.792616e-212  2.036073e-229  8.649959e-247
         4.8000   7.048174e-56   1.659036e-38   1.804828e-35   4.248299e-18   9.999870e-01   1.297673e-05   4.906250e-13   1.993044e-22   6.452286e-34   1.865965e-48   1.783652e-64   7.577584e-82   3.219226e-99  1.367641e-116  5.810225e-134  2.468389e-151  1.048659e-168  4.455076e-186  1.892674e-203  8.040750e-221  3.415995e-238
         4.8500   7.570684e-56   1.782027e-38   1.804723e-35   4.248052e-18   9.999289e-01   7.114559e-05   2.517486e-11   1.342293e-19   8.687598e-30   1.050045e-42   7.842329e-57   3.331699e-74   1.415424e-91  6.013222e-109  2.554630e-126  1.085297e-143  4.610727e-161  1.958800e-178  8.321677e-196  3.535343e-213  1.501939e-230
         4.9000   8.108834e-56   1.908700e-38   1.804284e-35   4.247019e-18   9.996857e-01   3.142670e-04   7.971095e-10   4.186900e-17   3.909853e-26   1.321557e-37   4.873739e-50   2.070537e-67   8.796374e-85  3.737011e-102  1.587615e-119  6.744750e-137  2.865409e-154  1.217327e-171  5.171637e-189  2.197095e-206  9.334036e-224
         4.9500   8.563060e-56   2.015618e-38   1.802783e-35   4.243485e-18   9.988539e-01   1.146052e-03   1.649256e-08   6.619187e-15   6.685971e-23   4.435699e-33   5.366543e-44   4.909493e-77   2.085727e-94  8.860905e-112  3.764427e-129  1.599262e-146  6.794230e-164  2.886430e-181  1.226258e-198  5.209577e-216  2.213213e-233
         5.0000   8.861255e-56   2.085809e-38   1.798457e-35   4.233302e-18   9.964570e-01   3.542797e-03   2.364994e-07   5.800419e-13   4.917190e-20   4.686986e-29   1.292249e-38   5.946134e-68  1.061891e-100  4.511291e-118  1.916556e-135  8.142209e-153  3.459099e-170  1.469548e-187  6.243159e-205  2.652315e-222  1.126797e-239
         5.0500   8.950753e-56   2.106875e-38   1.787668e-35   4.207906e-18   9.904791e-01   9.518449e-03   2.482257e-06   3.060485e-11   1.742160e-17   1.811890e-25   8.228322e-34   7.598748e-60   6.159638e-89  3.314011e-122  1.407909e-139  5.981298e-157  2.541067e-174  1.079535e-191  4.586249e-209  1.948401e-226  8.277498e-244
         5.1000   8.791224e-56   2.069325e-38   1.763880e-35   4.151915e-18   9.772996e-01   2.268048e-02   1.996315e-05   1.043931e-09   3.280548e-15   2.919552e-22   1.635295e-29   1.334070e-52   1.972033e-78  4.310821e-108  5.559949e-141  2.362063e-158  1.003488e-175  4.263174e-193  1.811147e-210  7.694395e-228  3.268851e-245
         5.1500   8.351060e-56   1.965716e-38   1.716927e-35   4.041392e-18   9.512842e-01   4.858838e-02   1.274033e-04   2.437645e-08   3.560495e-13   2.187161e-19   1.167693e-25   4.045634e-46   4.823327e-69   1.749735e-95  8.991979e-125  3.877935e-157  1.647484e-174  6.999096e-192  2.973464e-209  1.263233e-226  5.366660e-244
         5.2000   7.612666e-56   1.791909e-38   1.633627e-35   3.845318e-18   9.051311e-01   9.420745e-02   6.610464e-04   4.069961e-07   2.375356e-11   8.326675e-17   3.367866e-22   2.579482e-40   1.196354e-60   3.241763e-84  2.709425e-110  3.746081e-139  3.067940e-171  9.016213e-207  3.830407e-224  1.627292e-241  6.913315e-259
         5.2500   6.590146e-56   1.551223e-38   1.501254e-35   3.533732e-18   8.317883e-01   1.653761e-01   2.830526e-03   5.014263e-06   1.023671e-09   1.729944e-14   4.319944e-19   4.089466e-35   3.850059e-53   3.828318e-74   2.339907e-97  4.336680e-123  9.401951e-152  1.766193e-183  6.171898e-217  2.622041e-234  1.113936e-251
         5.3000   5.351921e-56   1.259763e-38   1.314128e-35   3.093264e-18   7.281087e-01   2.617622e-01   1.008244e-02   4.660723e-05   2.960096e-08   2.076398e-12   2.667466e-16   1.860090e-30   1.992452e-46   3.864034e-65   8.473424e-86  9.680257e-109  2.390013e-134  1.122521e-162  1.635552e-192  6.948403e-210  2.951928e-227
         5.3500   4.026270e-56   9.477246e-39   1.080233e-35   2.542709e-18   5.985162e-01   3.711636e-01   2.998751e-02   3.320525e-04   5.916005e-07   1.508116e-10   8.470031e-14   2.743937e-26   1.999868e-40   4.313707e-57   1.800966e-75   6.352543e-96  8.424341e-119  4.288475e-144  1.067430e-170  4.534821e-188  1.926553e-205
         5.4000   2.771830e-56   6.524479e-39   8.224358e-36   1.935893e-18   4.556806e-01   4.679198e-01   7.455692e-02   1.834335e-03   8.366889e-06   6.887244e-09   1.462012e-11   1.458400e-22   4.584077e-35   6.677557e-50   3.022196e-66   1.780137e-84  6.492839e-105  1.702115e-127  3.267702e-151  1.388236e-168  5.897717e-186
         5.4500   1.725488e-56   4.061545e-39   5.722092e-36   1.346896e-18   3.170395e-01   5.201322e-01   1.548219e-01   7.920976e-03   8.530754e-05   2.041132e-07   1.436745e-09   3.054904e-19   2.763782e-30   1.745157e-43   5.192394e-58   2.958583e-74   1.635608e-92  1.138470e-112  8.299041e-134  3.525727e-151  1.497854e-168
         5.5000   9.603077e-57   2.260423e-39   3.592035e-36   8.455122e-19   1.990211e-01   5.054837e-01   2.679659e-01   2.688868e-02   6.364403e-04   4.030518e-06   8.349175e-08   2.721413e-16   4.948744e-26   9.131333e-38   1.145549e-50   3.888599e-65   1.917513e-81   1.965099e-99  2.892524e-118  1.228847e-135  5.220576e-153
         5.5500   4.735123e-57   1.114578e-39   2.013568e-36   4.739641e-19   1.115642e-01   4.265947e-01   3.861108e-01   7.215118e-02   3.521832e-03   5.430106e-05   2.960377e-06   1.100608e-13   2.922522e-22   1.109214e-32   3.954533e-44   5.200147e-57   1.427291e-71   1.274186e-87  2.157247e-104  9.164750e-122  3.893511e-139
         5.6000   2.057171e-57   4.842277e-40   1.001173e-36   2.356615e-19   5.547124e-02   3.114870e-01   4.636944e-01   1.541113e-01   1.465967e-02   5.107239e-04   6.571662e-05   2.138067e-11   6.233746e-19   3.558653e-28   2.538567e-38   8.822736e-50   8.862875e-63   4.320177e-77   5.094928e-92  2.164506e-109  9.195587e-127
         5.6500   7.841258e-58   1.845717e-40   4.391919e-37   1.033793e-19   2.433396e-02   1.962455e-01   4.648221e-01   2.637533e-01   4.649127e-02   3.423171e-03   9.306269e-04   2.090267e-09   5.185134e-16   3.367185e-24   3.516180e-33   2.299014e-43   5.823047e-55   1.022619e-67   5.373132e-81   2.282697e-98  9.697705e-116
         5.7000   2.592567e-58   6.102521e-41   1.678891e-37   3.951863e-20   9.302103e-03   1.056080e-01   3.864303e-01   3.609600e-01   1.127175e-01   1.651833e-02   8.463586e-03   1.061578e-07   1.782463e-13   1.026007e-20   1.186675e-28   1.078483e-37   4.945652e-48   2.161133e-59   3.397130e-71   1.443221e-88  6.131314e-106
         5.7500   7.163074e-59   1.686082e-41   5.382959e-38   1.267069e-20   2.982494e-03   4.681554e-02   2.577699e-01   3.836677e-01   2.038829e-01   5.633133e-02   4.854721e-02   2.811963e-06   2.602291e-11   1.062259e-17   1.060360e-24   1.022644e-32   6.325265e-42   4.946546e-52   1.631260e-62   6.930171e-80   2.944182e-97
         5.8000   1.542944e-59   3.631864e-42   1.349449e-38   3.176403e-21   7.476785e-04   1.596362e-02   1.291909e-01   2.975986e-01   2.595845e-01   1.287430e-01   1.681339e-01   3.790982e-05   1.607100e-09   3.809583e-15   2.624222e-21   2.110178e-28   1.354907e-36   1.413812e-45   7.129516e-55   3.028871e-72   1.286772e-89
         5.8500   2.537633e-60   5.973213e-43   2.588588e-39   6.093154e-22   1.434239e-04   4.104032e-03   4.779861e-02   1.660091e-01   2.300872e-01   1.958842e-01   3.557057e-01   2.676376e-04   4.398715e-08   5.059754e-13   1.966981e-18   1.062594e-24   5.610149e-32   6.012107e-40   3.497477e-48   1.485852e-65   6.312426e-83
         5.9000   3.533628e-61   8.317639e-44   4.210671e-40   9.911299e-23   2.332974e-05   8.827118e-04   1.451757e-02   7.425281e-02   1.587940e-01   2.227662e-01   5.276095e-01   1.153270e-03   6.321128e-07   3.000331e-11   5.490209e-16   1.641350e-21   5.788737e-28   5.042979e-35   2.632786e-42   2.372293e-76  1.604546e-112
         5.9500   4.749433e-62   1.117947e-44   6.617529e-41   1.557669e-23   3.666523e-06   1.811951e-04   4.136770e-03   3.050508e-02   9.801356e-02   2.182361e-01   6.452968e-01   3.621062e-03   5.779282e-06   9.772042e-10   7.142796e-14   9.925139e-19   1.942068e-24   1.115749e-30   4.179371e-37   1.528761e-67  6.913900e-100
         6.0000   6.630323e-63   1.560680e-45   1.080764e-41   2.543959e-24   5.988105e-07   3.821994e-05   1.192660e-03   1.243919e-02   5.860976e-02   2.001182e-01   7.182813e-01   9.281896e-03   3.820546e-05   2.013463e-08   5.066529e-12   2.795489e-16   2.569719e-21   8.069412e-27   1.776638e-32   1.087854e-59   1.279247e-88
         6.0500   9.857835e-64   2.320389e-46   1.880009e-42   4.425265e-25   1.041642e-07   8.499048e-06   3.574330e-04   5.181857e-03   3.502024e-02   1.776666e-01   7.609503e-01   2.061804e-02   1.965678e-04   2.860071e-07   2.165808e-10   4.115915e-14   1.530617e-18   2.218436e-23   2.403479e-28   1.118596e-52   1.474007e-78
         6.1000   1.564019e-64   3.681470e-47   3.488936e-43   8.212442e-26   1.933088e-08   1.997446e-06   1.117690e-04   2.216995e-03   2.106067e-02   1.542436e-01   7.805809e-01   4.095766e-02   8.234385e-04   2.965554e-06   5.988309e-09   3.447119e-12   4.532363e-16   2.602649e-20   1.184316e-24   2.072911e-46   1.445702e-69
         6.1500   2.627011e-65   6.183596e-48   6.850965e-44   1.612616e-26   3.795861e-09   4.924602e-07   3.623577e-05   9.693403e-04   1.270650e-02   1.308677e-01   7.784883e-01   7.401337e-02   2.894588e-03   2.341369e-05   1.132042e-07   1.758301e-10   7.238318e-14   1.434378e-17   2.380543e-21   8.370105e-41   1.583405e-61
         6.2000   4.611523e-66   1.085485e-48   1.404881e-44   3.306883e-27   7.783916e-10   1.257993e-07   1.204151e-05   4.287406e-04   7.625087e-03   1.078590e-01   7.525423e-01   1.226715e-01   8.714356e-03   1.453956e-04   1.531196e-06   5.786339e-09   6.683522e-12   4.034275e-15   2.153294e-18   8.697399e-36   2.459856e-54
         6.2500   8.324404e-67   1.959442e-49   2.959660e-45   6.966603e-28   1.639836e-10   3.277731e-08   4.041099e-06   1.892101e-04   4.495643e-03   8.550917e-02   6.995427e-01   1.867669e-01   2.274936e-02   7.274590e-04   1.537151e-05   1.289360e-07   3.786095e-10   6.221228e-13   9.546337e-16   2.691835e-31   6.694116e-48
         6.3000   1.516202e-67   3.568917e-50   6.284464e-46   1.479270e-28   3.481984e-11   8.551367e-09   1.345563e-06   8.193344e-05   2.564462e-03   6.436516e-02   6.179760e-01   2.601378e-01   5.177309e-02   2.980386e-03   1.177715e-04   2.022910e-06   1.382430e-08   5.591907e-11   2.232147e-13   2.818949e-27   3.840852e-42
         6.3500   2.728422e-68   6.422304e-51   1.316838e-46   3.099643e-29   7.296103e-12   2.188408e-09   4.357687e-07   3.415765e-05   1.390436e-03   4.529179e-02   5.111760e-01   3.286417e-01   1.026503e-01   1.008962e-02   7.023066e-04   2.302992e-05   3.385733e-07   3.083076e-09   2.928390e-11   1.115182e-23   5.461709e-37
         6.4000   4.745374e-69   1.116991e-51   2.663552e-47   6.269608e-30   1.475773e-12   5.376636e-10   1.344263e-07   1.343684e-05   7.031355e-04   2.929415e-02   3.894513e-01   3.722733e-01   1.764415e-01   2.832133e-02   3.301356e-03   1.945427e-04   5.739267e-06   1.087389e-07   2.269715e-09   1.832016e-20   2.215359e-32
         6.4500   7.806111e-70   1.837443e-52   5.089099e-48   1.197899e-30   2.819678e-13   1.241608e-10   3.869347e-08   4.889327e-06   3.254547e-04   1.712229e-02   2.687380e-01   3.733011e-01   2.609811e-01   6.589084e-02   1.232542e-02   1.239208e-03   6.900791e-05   2.539044e-06   1.084842e-07   1.355523e-17   2.896121e-28
         6.5000   1.188963e-70   2.798644e-53   8.991502e-49   2.116467e-31   4.981852e-14   2.639437e-11   1.018366e-08   1.613678e-06   1.353347e-04   8.891522e-03   1.651292e-01   3.268337e-01   3.290857e-01   1.266061e-01   3.665849e-02   6.015408e-03   5.993451e-04   4.032749e-05   3.310156e-06   4.838876e-15   1.355665e-24
         6.5500   1.638490e-71   3.856765e-54   1.435531e-49   3.379029e-32   7.953736e-15   5.049567e-12   2.396944e-09   4.727557e-07   4.952491e-05   4.024177e-03   8.862394e-02   2.456951e-01   3.491327e-01   1.992290e-01   8.660500e-02   2.233120e-02   3.799102e-03   4.437024e-04   6.609796e-05   8.806668e-13   2.480494e-21
         6.6000   1.984495e-72   4.671209e-55   2.011792e-50   4.735462e-33   1.114658e-15   8.448642e-13   4.905342e-10   1.195973e-07   1.552757e-05   1.547315e-03   4.048989e-02   1.548856e-01   3.052590e-01   2.524689e-01   1.605311e-01   6.296659e-02   1.756008e-02   3.401938e-03   8.737948e-04   8.492990e-11   1.898048e-18
         6.6500   2.027914e-73   4.773410e-56   2.375879e-51   5.592469e-34   1.316385e-16   1.187271e-13   8.386171e-11   2.511432e-08   4.012569e-06   4.867729e-04   1.516175e-02   7.896781e-02   2.126492e-01   2.498629e-01   2.272578e-01   1.318696e-01   5.817459e-02   1.796991e-02   7.595605e-03   4.415072e-09   6.340413e-16
         6.7000   1.648753e-74   3.880921e-57   2.229829e-52   5.248690e-35   1.235464e-17   1.321984e-14   1.130312e-11   4.133377e-09   8.074964e-07   1.184911e-04   4.399477e-03   3.082922e-02   1.119647e-01   1.836730e-01   2.344019e-01   1.964336e-01   1.328617e-01   6.320452e-02   4.211240e-02   1.225727e-07   9.373683e-14
         6.7500   1.005296e-75   2.366319e-58   1.567747e-53   3.690246e-36   8.686296e-19   1.099772e-15   1.132986e-12   5.031784e-10   1.195010e-07   2.109211e-05   9.346043e-04   8.717178e-03   4.221378e-02   9.520848e-02   1.676558e-01   1.987179e-01   2.004627e-01   1.424149e-01   1.436516e-01   1.785989e-06   6.152309e-12
         6.8000   4.647239e-77   1.093892e-59   8.348236e-55   1.965052e-37   4.625442e-20   6.912912e-17   8.544388e-14   4.585610e-11   1.316978e-08   2.782227e-06   1.472486e-04   1.810204e-03   1.157189e-02   3.539598e-02   8.475359e-02   1.395161e-01   2.048228e-01   2.113939e-01   3.105712e-01   1.430221e-05   1.911805e-10
         6.8500   1.816859e-78   4.276619e-61   3.755944e-56   8.840939e-39   2.081027e-21   3.663594e-18   5.411545e-15   3.493493e-12   1.207558e-09   3.040246e-07   1.922800e-05   3.087632e-04   2.582404e-03   1.058236e-02   3.401210e-02   7.652214e-02   1.599360e-01   2.338707e-01   4.820937e-01   7.234314e-05   3.285667e-09
         6.9000   6.801862e-80   1.601058e-62   1.616713e-57   3.805504e-40   8.957596e-23   1.854085e-19   3.261173e-16   2.521764e-13   1.044601e-10   3.122361e-08   2.360223e-06   4.909478e-05   5.329431e-04   2.893562e-03   1.234073e-02   3.741268e-02   1.091316e-01   2.209610e-01   6.164074e-01   2.685674e-04   3.681842e-08
         6.9500   2.637181e-81   6.207536e-64   7.200965e-59   1.695001e-41   3.989783e-24   9.693438e-21   2.023583e-17   1.867108e-14   9.232573e-12   3.265335e-09   2.949778e-07   7.886439e-06   1.103143e-04   7.855655e-04   4.400269e-03   1.774940e-02   7.096342e-02   1.947644e-01   7.104082e-01   8.099969e-04   3.016389e-07
         7.0000   1.098211e-82   2.585028e-65   3.442303e-60   8.102674e-43   1.907250e-25   5.431190e-22   1.341625e-18   1.471872e-15   8.657727e-13   3.612364e-10   3.898270e-08   1.329829e-06   2.381153e-05   2.203394e-04   1.605996e-03   8.521897e-03   4.593298e-02   1.675564e-01   7.740318e-01   2.103445e-03   1.936988e-06
         7.0500   4.974637e-84   1.170956e-66   1.788675e-61   4.210278e-44   9.910375e-27   3.303564e-23   9.629935e-20   1.252172e-16   8.733745e-14   4.287760e-11   5.523952e-09   2.387829e-07   5.439994e-06   6.484997e-05   6.098861e-04   4.213645e-03   3.015761e-02   1.435804e-01   8.164944e-01   4.863336e-03   1.018514e-05
         7.1000   2.452531e-85   5.772896e-68   1.010911e-62   2.379535e-45   5.601074e-28   2.183166e-24   7.491244e-21   1.151164e-17   9.493684e-15   5.471401e-12   8.407833e-10   4.575239e-08   1.318756e-06   2.009027e-05   2.419065e-04   2.155763e-03   2.020425e-02   1.234685e-01   8.436419e-01   1.022110e-02   4.518238e-05
         7.1500   1.308685e-86   3.080451e-69   6.180281e-64   1.454747e-46   3.424260e-29   1.559144e-25   6.283553e-22   1.138132e-18   1.106969e-15   7.473797e-13   1.368491e-10   9.315921e-09   3.379387e-07   6.529634e-06   9.994609e-05   1.139009e-03   1.380131e-02   1.066280e-01   8.583547e-01   1.979728e-02   1.728380e-04
         7.2000   7.492933e-88   1.763726e-70   4.052013e-65   9.537842e-48   2.245067e-30   1.193140e-26   5.636169e-23   1.200468e-19   1.373841e-16   1.084668e-13   2.363734e-11   2.000924e-09   9.089419e-08   2.211690e-06   4.274887e-05   6.180814e-04   9.569771e-03   9.221373e-02   8.612983e-01   3.567535e-02   5.797217e-04
         7.2500   4.556130e-89   1.072446e-71   2.820035e-66   6.637946e-49   1.562475e-31   9.685187e-28   5.352848e-24   1.337859e-20   1.797807e-17   1.657155e-14   4.292435e-12   4.492444e-10   2.543412e-08   7.741329e-07   1.877716e-05   3.419097e-04   6.692263e-03   7.946865e-02   8.515596e-01   6.019120e-02   1.726803e-03
         7.3000   2.909603e-90   6.848778e-73   2.060376e-67   4.849821e-50   1.141576e-32   8.248385e-29   5.325056e-25   1.558782e-21   2.455075e-18   2.638352e-15   8.111780e-13   1.043852e-10   7.331962e-09   2.773653e-07   8.393173e-06   1.911550e-04   4.683804e-03   6.782595e-02   8.272411e-01   9.543815e-02   4.611127e-03
         7.3500   1.928994e-91   4.540569e-74   1.562185e-68   3.677154e-51   8.655479e-34   7.286205e-30   5.486629e-26   1.877885e-22   3.460855e-19   4.330741e-16   1.578233e-13   2.483859e-11   2.154980e-09   1.007088e-07   3.780772e-06   1.070106e-04   3.253194e-03   5.693084e-02   7.861757e-01   1.424187e-01   1.111076e-02
         7.4000   1.312132e-92   3.088565e-75   1.214846e-69   2.859569e-52   6.731004e-35   6.598580e-31   5.788214e-27   2.312916e-23   4.980559e-20   7.249323e-17   3.126841e-14   5.987891e-12   6.389541e-10   3.667519e-08   1.699106e-06   5.940647e-05   2.222536e-03   4.664027e-02   7.269000e-01   1.999213e-01   2.425482e-02
         7.4500   9.053000e-94   2.130943e-76   9.579629e-71   2.254904e-53   5.307711e-36   6.057380e-32   6.182649e-28   2.880494e-24   7.238222e-21   1.224284e-17   6.241152e-15   1.447150e-12   1.891394e-10   1.326081e-08   7.543155e-07   3.239440e-05   1.480443e-03   3.701008e-02   6.498770e-01   2.635237e-01   4.807565e-02
         7.5000   6.270628e-95   1.476013e-77   7.581682e-72   1.784616e-54   4.200723e-37   5.579357e-33   6.619648e-29   3.591694e-25   1.052013e-21   2.066079e-18   1.243051e-15   3.473568e-13   5.538000e-11   4.717909e-09   3.279152e-07   1.720533e-05   9.540048e-04   2.825406e-02   5.586052e-01   3.255155e-01   8.665374e-02
         7.5500   4.326591e-96   1.018416e-78   5.975842e-73   1.406625e-55   3.310988e-38   5.116836e-34   7.050707e-30   4.450691e-26   1.518019e-22   3.459179e-19   2.452884e-16   8.223371e-14   1.592983e-11   1.640790e-09   1.386998e-07   8.846635e-06   5.914910e-04   2.065613e-02   4.598476e-01   3.765233e-01   1.423725e-01
         7.6000   2.961649e-97   6.971285e-80   4.671959e-74   1.099710e-56   2.588556e-39   4.653815e-35   7.442002e-31   5.460485e-27   2.166889e-23   5.725856e-20   4.778957e-17   1.913952e-14   4.487357e-12   5.561930e-10   5.692795e-08   4.393126e-06   3.521879e-04   1.444577e-02   3.623076e-01   4.086423e-01   2.142476e-01
         7.6500   2.011670e-98   4.735175e-81   3.623765e-75   8.529809e-58   2.007791e-40   4.198767e-36   7.786930e-32   6.636255e-28   3.061698e-24   9.376752e-21   9.200021e-18   4.383733e-15   1.239239e-12   1.840100e-10   2.270735e-08   2.110714e-06   2.018451e-04   9.692181e-03   2.740848e-01   4.183858e-01   2.976332e-01
         7.7000   1.361010e-99   3.203617e-82   2.799233e-76   6.588981e-59   1.550949e-41   3.772367e-37   8.109193e-33   8.021695e-29   4.299951e-25   1.525649e-21   1.757606e-18   9.925693e-16   3.370678e-13   5.970662e-11   8.847118e-09   9.864362e-07   1.119932e-04   6.278207e-03   2.003779e-01   4.074882e-01   3.857428e-01
         7.7500  9.225542e-101   2.171557e-83   2.166160e-77   5.098821e-60   1.200187e-42   3.395123e-38   8.455342e-34   9.703109e-30   6.039939e-26   2.481832e-22   3.353439e-19   2.236328e-16   9.090247e-14   1.913267e-11   3.390941e-09   4.517496e-07   6.062773e-05   3.958722e-03   1.427497e-01   3.812793e-01   4.719511e-01
         7.8000  6.304775e-102   1.484051e-84   1.689836e-78   3.977626e-61   9.362745e-44   3.080281e-39   8.883917e-35   1.182153e-30   8.541292e-27   4.063396e-23   6.433020e-20   5.048736e-17   2.447898e-14   6.099169e-12   1.288173e-09   2.043068e-07   3.228340e-05   2.450566e-03   9.994371e-02   3.461261e-01   5.514472e-01
         7.8500  4.367910e-103   1.028142e-85   1.336253e-79   3.145343e-62   7.403674e-45   2.832809e-40   9.458608e-36   1.458880e-31   1.223025e-27   6.734895e-24   1.248121e-20   1.149104e-17   6.623370e-15   1.946803e-12   4.882720e-10   9.188283e-08   1.703208e-05   1.500586e-03   6.929033e-02   3.075143e-01   6.216777e-01
         7.9000  3.080329e-104   7.250640e-87   1.075532e-80   2.531643e-63   5.959114e-46   2.651839e-41   1.024797e-36   1.831545e-32   1.781020e-28   1.135069e-24   2.460238e-21   2.649231e-18   1.809441e-15   6.253801e-13   1.856450e-10   4.132009e-08   8.955216e-06   9.145239e-04   4.785935e-02   2.692789e-01   6.819382e-01
         7.9500  2.217243e-105   5.219064e-88   8.835433e-82   2.079731e-64   4.895380e-47   2.533779e-42   1.133052e-37   2.345905e-33   2.645411e-29   1.950991e-25   4.942000e-22   6.207020e-19   5.008055e-16   2.029166e-13   7.107306e-11   1.865678e-08   4.712999e-06   5.572658e-04   3.308336e-02   2.336624e-01   7.326923e-01
         8.0000  1.631375e-106   3.840017e-89   7.418910e-83   1.746302e-65   4.110538e-48   2.474726e-43   1.280357e-38   3.070366e-34   4.014452e-30   3.425842e-26   1.013457e-22   1.480848e-19   1.407276e-16   6.666012e-14   2.746865e-11   8.481511e-09   2.490326e-06   3.406222e-04   2.296088e-02   2.017156e-01   7.749804e-01
         8.0500  1.227506e-107   2.889367e-90   6.370446e-84   1.499509e-66   3.529624e-49   2.471943e-44   1.479510e-39   4.108811e-35   6.228011e-31   6.149754e-27   2.123330e-23   3.600979e-20   4.019405e-17   2.220088e-14   1.073365e-11   3.888998e-09   1.323801e-06   2.093007e-04   1.603337e-02   1.737277e-01   8.100283e-01
         8.1000  9.443053e-109   2.222755e-91   5.592576e-85   1.316410e-67   3.098635e-50   2.524663e-45   1.747950e-40   5.621171e-36   9.876909e-32   1.128499e-27   4.545113e-24   8.926932e-21   1.167282e-17   7.500314e-15   4.243957e-12   1.800365e-09   7.088007e-07   1.294631e-04   1.127946e-02   1.495591e-01   8.390313e-01
         8.1500  7.421479e-110   1.746907e-92   5.015800e-86   1.180645e-68   2.779066e-51   2.634514e-46   2.109888e-41   7.856596e-37   1.600189e-32   2.115645e-28   9.934853e-25   2.255323e-21   3.446255e-18   2.570427e-15   1.698258e-12   8.418377e-10   3.825047e-07   8.067350e-05   8.000039e-03   1.288627e-01   8.630563e-01
         8.2000  5.952229e-111   1.401067e-93   4.590714e-87   1.080586e-69   2.543541e-52   2.805815e-47   2.599277e-42   1.120724e-37   2.645914e-33   4.048280e-29   2.215561e-25   5.802714e-22   1.033809e-18   8.932905e-16   6.876595e-13   3.976078e-10   2.080936e-07   5.066075e-05   5.722239e-03   1.112162e-01   8.830107e-01
         8.2500  4.865281e-112   1.145215e-94   4.282162e-88   1.007958e-70   2.372584e-53   3.045885e-48   3.264043e-43   1.629595e-38   4.459731e-34   7.897167e-30   5.035281e-26   1.518981e-22   3.148547e-19   3.146114e-16   2.816391e-13   1.896416e-10   1.141200e-07   3.206137e-05   4.127718e-03   9.619396e-02   8.996461e-01
         8.3000  4.047144e-113   9.526380e-96   4.065039e-89   9.568503e-72   2.252285e-54   3.365444e-49   4.172143e-44   2.412015e-39   7.652171e-35   1.568447e-30   1.164743e-26   4.040982e-23   9.726235e-20   1.122043e-16   1.165998e-13   9.130116e-11   6.307110e-08   2.044485e-05   3.002160e-03   8.340213e-02   9.135752e-01
         8.3500  3.420966e-114   8.052449e-97   3.921339e-90   9.230254e-73   2.172666e-55   3.779175e-50   5.420305e-45   3.628864e-40   1.334707e-35   3.167072e-31   2.738521e-27   1.091216e-23   3.044317e-20   4.048652e-17   4.876124e-14   4.434455e-11   3.511479e-08   1.313212e-05   2.200825e-03   7.249280e-02   9.252932e-01
         8.4000  2.933923e-115   6.906024e-98   3.838085e-91   9.034287e-74   2.126538e-56   4.306468e-51   7.146646e-46   5.541328e-41   2.363110e-36   6.492549e-32   6.535542e-28   2.987309e-24   9.644312e-21   1.476609e-17   2.058170e-14   2.171443e-11   1.968460e-08   8.492760e-06   1.625441e-03   6.316694e-02   9.351991e-01
         8.4500  2.549162e-116   6.000352e-99   3.805886e-92   8.958494e-75   2.108697e-57   4.972407e-52   9.548913e-47   8.575824e-42   4.240854e-37   1.349347e-32   1.580982e-28   8.280362e-25   3.088930e-21   5.438152e-18   8.761119e-15   1.071282e-11   1.110455e-08   5.527292e-06   1.208844e-03   5.517173e-02   9.436139e-01
         8.5000  2.240587e-117  5.274012e-100   3.817914e-93   8.986807e-76   2.115362e-58   5.809014e-53   1.291083e-47   1.343195e-42   7.703415e-38   2.839089e-33   3.871368e-29   2.321022e-25   9.991356e-22   2.020436e-18   3.757926e-15   5.321085e-12   6.300294e-09   3.618217e-06   9.047890e-04   4.829547e-02   9.507961e-01
         8.5500  1.989457e-118  4.682889e-101   3.869186e-94   9.107494e-77   2.143770e-59   6.856816e-54   1.764018e-48   2.126220e-43   1.414442e-38   6.039456e-34   9.583527e-30   6.571227e-26   3.260289e-22   7.565387e-19   1.622889e-15   2.659072e-12   3.592922e-09   2.380982e-06   6.811745e-04   4.236192e-02   9.569545e-01
         8.6000  1.782127e-119  4.194864e-102   3.956035e-95   9.311924e-78   2.191890e-60   8.166784e-55   2.432366e-49   3.397166e-44   2.621783e-39   1.297248e-34   2.395335e-30   1.876932e-26   1.072152e-22   2.852381e-19   7.050700e-16   1.335949e-12   2.058278e-09   1.574185e-06   5.155354e-04   3.722478e-02   9.622581e-01
         8.6500  1.608537e-120  3.786259e-103   4.075729e-96   9.593665e-79   2.258207e-61   9.802694e-56   3.380595e-50   5.471794e-45   4.899902e-40   2.810136e-35   6.037711e-31   5.402671e-27   3.549764e-23   1.081906e-19   3.079230e-16   6.743503e-13   1.183795e-09   1.045092e-06   3.920179e-04   3.276267e-02   9.668443e-01
         8.7000  1.461183e-121  3.439409e-104   4.226183e-97   9.947813e-80   2.341569e-62   1.184400e-56   4.730334e-51   8.874538e-46   9.222726e-41   6.132203e-36   1.533062e-31   1.565585e-27   1.182183e-23   4.124893e-20   1.350823e-16   3.417704e-13   6.831566e-10   6.963375e-07   2.993405e-04   2.887485e-02   9.708251e-01
         8.7500  1.334408e-122  3.141000e-105   4.405744e-98   1.037047e-80   2.441056e-63   1.438929e-57   6.656662e-52   1.447767e-46   1.746422e-41   1.346572e-36   3.917211e-32   4.562816e-28   3.956720e-24   1.579555e-20   5.948395e-17   1.738076e-13   3.953684e-10   4.654022e-07   2.294095e-04   2.547752e-02   9.742926e-01
         8.8000  1.223911e-123  2.880907e-106   4.613015e-99   1.085836e-81   2.555897e-64   1.756039e-58   9.411424e-53   2.373332e-47   3.323749e-42   2.972624e-37   1.006251e-32   1.336249e-28   1.329850e-24   6.070677e-21   2.627627e-17   8.864129e-14   2.293509e-10   3.118660e-07   1.763718e-04   2.250085e-02   9.773225e-01
         8.8500  1.126398e-124  2.651375e-107  4.846728e-100   1.140848e-82   2.685389e-65   2.150729e-59   1.335648e-53   3.905975e-48   6.351890e-43   6.591061e-38   2.596346e-33   3.928988e-29   4.485018e-25   2.340047e-21   1.163667e-17   4.531079e-14   1.332935e-10   2.094301e-07   1.359617e-04   1.988644e-02   9.799774e-01
         8.9000  1.039331e-125  2.446432e-108  5.105638e-101   1.201792e-83   2.828841e-66   2.641384e-60   1.901102e-54   6.448393e-49   1.217906e-43   1.466618e-38   6.723476e-34   1.159000e-29   1.516785e-25   9.041213e-22   5.163609e-18   2.320321e-14   7.757740e-11   1.408818e-07   1.050473e-04   1.758526e-02   9.823096e-01
         8.9500  9.607485e-127  2.261460e-109  5.388436e-102   1.268358e-84   2.985529e-67   3.250461e-61   2.711871e-55   1.067082e-49   2.341177e-44   3.272645e-39   1.746142e-34   3.427650e-30   5.140593e-26   3.499421e-22   2.294656e-18   1.189805e-14   4.519628e-11   9.489505e-08   8.131287e-05   1.555597e-02   9.843626e-01
         9.0000  8.891330e-128  2.092888e-110  5.693691e-103   1.340211e-85   3.154659e-68   4.005265e-62   3.874254e-56   1.768779e-50   4.508895e-45   7.318238e-40   4.544962e-35   1.015659e-30   1.744969e-26   1.356155e-22   1.020754e-18   6.106654e-15   2.634813e-11   6.398041e-08   6.303460e-05   1.376359e-02   9.861733e-01
