# CIE ionization fractions for Ar (Z=18)
# Source: CHIANTI v11.0.2 chianti.ioneq (Dere et al. 2009)
# T grid: 101 log-spaced points, 10^4.00 K -> 10^9.00 K
# Generated by pyathena/photchem/data/build_ioneq_tables.py
#
# log_T_K        x_Ar0          x_Ar1          x_Ar2          x_Ar3          x_Ar4          x_Ar5          x_Ar6          x_Ar7          x_Ar8          x_Ar9          x_Ar10         x_Ar11         x_Ar12         x_Ar13         x_Ar14         x_Ar15         x_Ar16         x_Ar17         x_Ar18       
         4.0000   9.996000e-01   4.329000e-04   4.486000e-14   0.000000e+00   0.000000e+00   0.000000e+00   0.000000e+00   0.000000e+00   0.000000e+00   0.000000e+00   0.000000e+00   0.000000e+00   0.000000e+00   0.000000e+00   0.000000e+00   0.000000e+00   0.000000e+00   0.000000e+00   0.000000e+00
         4.0500   9.964000e-01   3.607000e-03   1.405000e-11   0.000000e+00   0.000000e+00   0.000000e+00   0.000000e+00   0.000000e+00   0.000000e+00   0.000000e+00   0.000000e+00   0.000000e+00   0.000000e+00   0.000000e+00   0.000000e+00   0.000000e+00   0.000000e+00   0.000000e+00   0.000000e+00
         4.1000   9.763000e-01   2.372000e-02   2.379000e-09   0.000000e+00   0.000000e+00   0.000000e+00   0.000000e+00   0.000000e+00   0.000000e+00   0.000000e+00   0.000000e+00   0.000000e+00   0.000000e+00   0.000000e+00   0.000000e+00   0.000000e+00   0.000000e+00   0.000000e+00   0.000000e+00
         4.1500   8.819000e-01   1.181000e-01   2.178000e-07   1.831000e-19   0.000000e+00   0.000000e+00   0.000000e+00   0.000000e+00   0.000000e+00   0.000000e+00   0.000000e+00   0.000000e+00   0.000000e+00   0.000000e+00   0.000000e+00   0.000000e+00   0.000000e+00   0.000000e+00   0.000000e+00
         4.2000   6.176000e-01   3.824000e-01   9.601000e-06   3.542000e-16   0.000000e+00   0.000000e+00   0.000000e+00   0.000000e+00   0.000000e+00   0.000000e+00   0.000000e+00   0.000000e+00   0.000000e+00   0.000000e+00   0.000000e+00   0.000000e+00   0.000000e+00   0.000000e+00   0.000000e+00
         4.2500   2.902000e-01   7.096000e-01   1.856000e-04   2.040000e-13   0.000000e+00   0.000000e+00   0.000000e+00   0.000000e+00   0.000000e+00   0.000000e+00   0.000000e+00   0.000000e+00   0.000000e+00   0.000000e+00   0.000000e+00   0.000000e+00   0.000000e+00   0.000000e+00   0.000000e+00
         4.3000   1.063000e-01   8.918000e-01   1.913000e-03   4.423000e-11   0.000000e+00   0.000000e+00   0.000000e+00   0.000000e+00   0.000000e+00   0.000000e+00   0.000000e+00   0.000000e+00   0.000000e+00   0.000000e+00   0.000000e+00   0.000000e+00   0.000000e+00   0.000000e+00   0.000000e+00
         4.3500   3.744000e-02   9.491000e-01   1.344000e-02   4.783000e-09   1.202000e-20   0.000000e+00   0.000000e+00   0.000000e+00   0.000000e+00   0.000000e+00   0.000000e+00   0.000000e+00   0.000000e+00   0.000000e+00   0.000000e+00   0.000000e+00   0.000000e+00   0.000000e+00   0.000000e+00
         4.4000   1.340000e-02   9.166000e-01   6.997000e-02   2.883000e-07   2.387000e-17   0.000000e+00   0.000000e+00   0.000000e+00   0.000000e+00   0.000000e+00   0.000000e+00   0.000000e+00   0.000000e+00   0.000000e+00   0.000000e+00   0.000000e+00   0.000000e+00   0.000000e+00   0.000000e+00
         4.4500   4.488000e-03   7.457000e-01   2.498000e-01   9.186000e-06   1.725000e-14   0.000000e+00   0.000000e+00   0.000000e+00   0.000000e+00   0.000000e+00   0.000000e+00   0.000000e+00   0.000000e+00   0.000000e+00   0.000000e+00   0.000000e+00   0.000000e+00   0.000000e+00   0.000000e+00
         4.5000   1.260000e-03   4.599000e-01   5.387000e-01   1.386000e-04   4.218000e-12   0.000000e+00   0.000000e+00   0.000000e+00   0.000000e+00   0.000000e+00   0.000000e+00   0.000000e+00   0.000000e+00   0.000000e+00   0.000000e+00   0.000000e+00   0.000000e+00   0.000000e+00   0.000000e+00
         4.5500   3.310000e-04   2.391000e-01   7.594000e-01   1.087000e-03   3.940000e-10   2.154000e-19   0.000000e+00   0.000000e+00   0.000000e+00   0.000000e+00   0.000000e+00   0.000000e+00   0.000000e+00   0.000000e+00   0.000000e+00   0.000000e+00   0.000000e+00   0.000000e+00   0.000000e+00
         4.6000   1.005000e-04   1.287000e-01   8.657000e-01   5.526000e-03   1.794000e-08   1.510000e-16   0.000000e+00   0.000000e+00   0.000000e+00   0.000000e+00   0.000000e+00   0.000000e+00   0.000000e+00   0.000000e+00   0.000000e+00   0.000000e+00   0.000000e+00   0.000000e+00   0.000000e+00
         4.6500   3.795000e-05   7.664000e-02   9.026000e-01   2.077000e-02   4.627000e-07   4.325000e-14   0.000000e+00   0.000000e+00   0.000000e+00   0.000000e+00   0.000000e+00   0.000000e+00   0.000000e+00   0.000000e+00   0.000000e+00   0.000000e+00   0.000000e+00   0.000000e+00   0.000000e+00
         4.7000   1.716000e-05   4.885000e-02   8.905000e-01   6.058000e-02   7.242000e-06   5.608000e-12   3.927000e-20   0.000000e+00   0.000000e+00   0.000000e+00   0.000000e+00   0.000000e+00   0.000000e+00   0.000000e+00   0.000000e+00   0.000000e+00   0.000000e+00   0.000000e+00   0.000000e+00
         4.7500   8.627000e-06   3.155000e-02   8.284000e-01   1.399000e-01   7.192000e-05   3.572000e-10   2.579000e-17   0.000000e+00   0.000000e+00   0.000000e+00   0.000000e+00   0.000000e+00   0.000000e+00   0.000000e+00   0.000000e+00   0.000000e+00   0.000000e+00   0.000000e+00   0.000000e+00
         4.8000   4.509000e-06   1.983000e-02   7.186000e-01   2.611000e-01   4.761000e-04   1.218000e-08   6.978000e-15   0.000000e+00   0.000000e+00   0.000000e+00   0.000000e+00   0.000000e+00   0.000000e+00   0.000000e+00   0.000000e+00   0.000000e+00   0.000000e+00   0.000000e+00   0.000000e+00
         4.8500   2.346000e-06   1.192000e-02   5.803000e-01   4.055000e-01   2.234000e-03   2.446000e-07   8.832000e-13   0.000000e+00   0.000000e+00   0.000000e+00   0.000000e+00   0.000000e+00   0.000000e+00   0.000000e+00   0.000000e+00   0.000000e+00   0.000000e+00   0.000000e+00   0.000000e+00
         4.9000   1.194000e-06   6.859000e-03   4.410000e-01   5.442000e-01   7.945000e-03   3.180000e-06   5.922000e-11   3.323000e-18   0.000000e+00   0.000000e+00   0.000000e+00   0.000000e+00   0.000000e+00   0.000000e+00   0.000000e+00   0.000000e+00   0.000000e+00   0.000000e+00   0.000000e+00
         4.9500   5.929000e-07   3.818000e-03   3.199000e-01   6.535000e-01   2.272000e-02   2.909000e-05   2.346000e-09   9.417000e-16   0.000000e+00   0.000000e+00   0.000000e+00   0.000000e+00   0.000000e+00   0.000000e+00   0.000000e+00   0.000000e+00   0.000000e+00   0.000000e+00   0.000000e+00
         5.0000   2.866000e-07   2.069000e-03   2.236000e-01   7.195000e-01   5.460000e-02   1.994000e-04   5.981000e-08   1.413000e-13   3.189000e-19   0.000000e+00   0.000000e+00   0.000000e+00   0.000000e+00   0.000000e+00   0.000000e+00   0.000000e+00   0.000000e+00   0.000000e+00   0.000000e+00
         5.0500   1.342000e-07   1.090000e-03   1.506000e-01   7.342000e-01   1.131000e-01   1.066000e-03   1.043000e-06   1.220000e-11   1.930000e-16   0.000000e+00   0.000000e+00   0.000000e+00   0.000000e+00   0.000000e+00   0.000000e+00   0.000000e+00   0.000000e+00   0.000000e+00   0.000000e+00
         5.1000   6.014000e-08   5.530000e-04   9.688000e-02   6.937000e-01   2.043000e-01   4.559000e-03   1.296000e-05   6.438000e-10   5.861000e-14   0.000000e+00   0.000000e+00   0.000000e+00   0.000000e+00   0.000000e+00   0.000000e+00   0.000000e+00   0.000000e+00   0.000000e+00   0.000000e+00
         5.1500   2.543000e-08   2.663000e-04   5.880000e-02   6.028000e-01   3.222000e-01   1.578000e-02   1.179000e-04   2.171000e-08   9.534000e-12   0.000000e+00   0.000000e+00   0.000000e+00   0.000000e+00   0.000000e+00   0.000000e+00   0.000000e+00   0.000000e+00   0.000000e+00   0.000000e+00
         5.2000   1.001000e-08   1.201000e-04   3.325000e-02   4.778000e-01   4.435000e-01   4.459000e-02   8.020000e-04   4.845000e-07   8.776000e-10   0.000000e+00   0.000000e+00   0.000000e+00   0.000000e+00   0.000000e+00   0.000000e+00   0.000000e+00   0.000000e+00   0.000000e+00   0.000000e+00
         5.2500   3.626000e-09   5.015000e-05   1.734000e-02   3.429000e-01   5.319000e-01   1.036000e-01   4.148000e-03   7.385000e-06   4.796000e-08   1.606000e-18   0.000000e+00   0.000000e+00   0.000000e+00   0.000000e+00   0.000000e+00   0.000000e+00   0.000000e+00   0.000000e+00   0.000000e+00
         5.3000   1.198000e-09   1.921000e-05   8.260000e-03   2.215000e-01   5.550000e-01   1.987000e-01   1.655000e-02   7.888000e-05   1.622000e-06   1.188000e-15   0.000000e+00   0.000000e+00   0.000000e+00   0.000000e+00   0.000000e+00   0.000000e+00   0.000000e+00   0.000000e+00   0.000000e+00
         5.3500   3.571000e-10   6.673000e-06   3.559000e-03   1.276000e-01   5.015000e-01   3.153000e-01   5.142000e-02   6.029000e-04   3.514000e-05   4.007000e-13   0.000000e+00   0.000000e+00   0.000000e+00   0.000000e+00   0.000000e+00   0.000000e+00   0.000000e+00   0.000000e+00   0.000000e+00
         5.4000   9.520000e-11   2.083000e-06   1.373000e-03   6.507000e-02   3.904000e-01   4.139000e-01   1.253000e-01   3.353000e-03   5.012000e-04   6.565000e-11   1.702000e-19   0.000000e+00   0.000000e+00   0.000000e+00   0.000000e+00   0.000000e+00   0.000000e+00   0.000000e+00   0.000000e+00
         5.4500   2.254000e-11   5.795000e-07   4.702000e-04   2.914000e-02   2.608000e-01   4.498000e-01   2.412000e-01   1.379000e-02   4.815000e-03   5.517000e-09   1.711000e-16   0.000000e+00   0.000000e+00   0.000000e+00   0.000000e+00   0.000000e+00   0.000000e+00   0.000000e+00   0.000000e+00
         5.5000   4.676000e-12   1.416000e-07   1.408000e-04   1.130000e-02   1.477000e-01   4.014000e-01   3.658000e-01   4.218000e-02   3.143000e-02   2.473000e-07   7.046000e-14   0.000000e+00   0.000000e+00   0.000000e+00   0.000000e+00   0.000000e+00   0.000000e+00   0.000000e+00   0.000000e+00
         5.5500   8.073000e-13   2.886000e-08   3.500000e-05   3.610000e-03   6.756000e-02   2.814000e-01   4.198000e-01   9.293000e-02   1.347000e-01   5.872000e-06   1.215000e-11   1.102000e-18   0.000000e+00   0.000000e+00   0.000000e+00   0.000000e+00   0.000000e+00   0.000000e+00   0.000000e+00
         5.6000   1.069000e-13   4.519000e-09   6.661000e-06   8.763000e-04   2.309000e-02   1.436000e-01   3.397000e-01   1.383000e-01   3.543000e-01   7.080000e-05   8.634000e-10   5.869000e-16   0.000000e+00   0.000000e+00   0.000000e+00   0.000000e+00   0.000000e+00   0.000000e+00   0.000000e+00
         5.6500   1.110000e-14   5.551000e-10   9.920000e-07   1.653000e-04   6.036000e-03   5.486000e-02   1.999000e-01   1.441000e-01   5.945000e-01   4.603000e-04   2.746000e-08   1.141000e-13   5.039000e-20   0.000000e+00   0.000000e+00   0.000000e+00   0.000000e+00   0.000000e+00   0.000000e+00
         5.7000   1.046000e-15   6.196000e-11   1.340000e-07   2.810000e-05   1.403000e-03   1.826000e-02   9.994000e-02   1.234000e-01   7.550000e-01   1.949000e-03   4.814000e-07   1.019000e-11   2.862000e-17   0.000000e+00   0.000000e+00   0.000000e+00   0.000000e+00   0.000000e+00   0.000000e+00
         5.7500   1.008000e-16   7.080000e-12   1.852000e-08   4.857000e-06   3.272000e-04   5.992000e-03   4.817000e-02   9.884000e-02   8.403000e-01   6.316000e-03   5.562000e-06   5.090000e-10   7.514000e-15   1.046000e-20   0.000000e+00   0.000000e+00   0.000000e+00   0.000000e+00   0.000000e+00
         5.8000   1.039000e-17   8.656000e-13   2.736000e-09   8.926000e-07   8.023000e-05   2.034000e-03   2.355000e-02   7.806000e-02   8.792000e-01   1.705000e-02   4.671000e-05   1.594000e-08   1.042000e-12   7.720000e-18   0.000000e+00   0.000000e+00   0.000000e+00   0.000000e+00   0.000000e+00
         5.8500   1.149000e-18   1.136000e-13   4.337000e-10   1.751000e-07   2.078000e-05   7.190000e-04   1.177000e-02   6.137000e-02   8.860000e-01   3.977000e-02   2.998000e-04   3.334000e-07   8.265000e-11   2.758000e-15   1.431000e-20   0.000000e+00   0.000000e+00   0.000000e+00   0.000000e+00
         5.9000   1.350000e-19   1.583000e-14   7.287000e-11   3.622000e-08   5.620000e-06   2.620000e-04   5.970000e-03   4.769000e-02   8.630000e-01   8.156000e-02   1.514000e-03   4.850000e-06   3.961000e-09   5.114000e-13   1.193000e-17   0.000000e+00   0.000000e+00   0.000000e+00   0.000000e+00
         5.9500   1.654000e-20   2.301000e-15   1.275000e-11   7.763000e-09   1.561000e-06   9.689000e-05   3.026000e-03   3.612000e-02   8.067000e-01   1.478000e-01   6.123000e-03   5.050000e-05   1.196000e-07   5.206000e-11   4.721000e-15   1.116000e-19   0.000000e+00   0.000000e+00   0.000000e+00
         6.0000   0.000000e+00   3.414000e-16   2.273000e-12   1.689000e-09   4.361000e-07   3.566000e-05   1.506000e-03   2.622000e-02   7.149000e-01   2.369000e-01   2.006000e-02   3.850000e-04   2.355000e-06   3.051000e-09   9.438000e-13   8.764000e-17   0.000000e+00   0.000000e+00   0.000000e+00
         6.0500   0.000000e+00   5.063000e-17   4.044000e-13   3.647000e-10   1.201000e-07   1.280000e-05   7.216000e-04   1.791000e-02   5.914000e-01   3.341000e-01   5.367000e-02   2.188000e-03   3.119000e-05   1.074000e-07   1.007000e-10   3.204000e-14   8.457000e-18   0.000000e+00   0.000000e+00
         6.1000   0.000000e+00   7.339000e-18   7.015000e-14   7.648000e-11   3.186000e-08   4.385000e-06   3.261000e-04   1.129000e-02   4.491000e-01   4.119000e-01   1.177000e-01   9.414000e-03   2.853000e-04   2.361000e-06   6.040000e-09   5.811000e-12   4.950000e-15   0.000000e+00   0.000000e+00
         6.1500   0.000000e+00   1.018000e-18   1.162000e-14   1.525000e-11   7.981000e-09   1.406000e-06   1.363000e-04   6.455000e-03   3.082000e-01   4.404000e-01   2.119000e-01   3.105000e-02   1.849000e-03   3.357000e-05   2.130000e-07   5.545000e-10   1.362000e-12   0.000000e+00   0.000000e+00
         6.2000   0.000000e+00   1.329000e-19   1.805000e-15   2.842000e-12   1.855000e-09   4.149000e-07   5.190000e-05   3.299000e-03   1.885000e-01   4.058000e-01   3.139000e-01   7.946000e-02   8.680000e-03   3.194000e-04   4.616000e-06   2.941000e-08   1.882000e-10   0.000000e+00   0.000000e+00
         6.2500   0.000000e+00   1.607000e-20   2.591000e-16   4.878000e-13   3.948000e-10   1.112000e-07   1.777000e-05   1.491000e-03   1.018000e-01   3.208000e-01   3.839000e-01   1.597000e-01   3.019000e-02   2.101000e-03   6.406000e-05   9.137000e-07   1.393000e-08   1.176000e-20   0.000000e+00
         6.3000   0.000000e+00   0.000000e+00   3.405000e-17   7.638000e-14   7.618000e-11   2.681000e-08   5.423000e-06   5.916000e-04   4.821000e-02   2.171000e-01   3.891000e-01   2.550000e-01   7.945000e-02   9.846000e-03   5.916000e-04   1.746000e-05   5.857000e-07   1.059000e-17   0.000000e+00
         6.3500   0.000000e+00   0.000000e+00   4.063000e-18   1.083000e-14   1.323000e-11   5.779000e-09   1.467000e-06   2.052000e-04   1.995000e-02   1.257000e-01   3.282000e-01   3.271000e-01   1.610000e-01   3.375000e-02   3.763000e-03   2.145000e-04   1.473000e-05   4.151000e-15   0.000000e+00
         6.4000   0.000000e+00   0.000000e+00   4.365000e-19   1.377000e-15   2.052000e-12   1.105000e-09   3.491000e-07   6.191000e-05   7.179000e-03   6.220000e-02   2.309000e-01   3.395000e-01   2.548000e-01   8.641000e-02   1.695000e-02   1.757000e-03   2.318000e-04   7.671000e-13   0.000000e+00
         6.4500   0.000000e+00   0.000000e+00   4.172000e-20   1.555000e-16   2.809000e-13   1.854000e-10   7.236000e-08   1.609000e-05   2.225000e-03   2.609000e-02   1.349000e-01   2.853000e-01   3.168000e-01   1.673000e-01   5.510000e-02   9.855000e-03   2.358000e-03   7.121000e-11   1.970000e-19
         6.5000   0.000000e+00   0.000000e+00   0.000000e+00   1.520000e-17   3.314000e-14   2.666000e-11   1.277000e-08   3.525000e-06   5.814000e-04   9.100000e-03   6.441000e-02   1.916000e-01   3.066000e-01   2.441000e-01   1.296000e-01   3.821000e-02   1.575000e-02   3.464000e-09   7.971000e-17
         6.5500   0.000000e+00   0.000000e+00   0.000000e+00   1.236000e-18   3.240000e-15   3.160000e-12   1.845000e-09   6.272000e-07   1.234000e-04   2.547000e-03   2.429000e-02   9.974000e-02   2.249000e-01   2.623000e-01   2.164000e-01   1.012000e-01   6.853000e-02   8.977000e-08   1.385000e-14
         6.6000   0.000000e+00   0.000000e+00   0.000000e+00   8.097000e-20   2.540000e-16   2.988000e-13   2.115000e-10   8.786000e-08   2.061000e-05   5.549000e-04   7.034000e-03   3.921000e-02   1.221000e-01   2.037000e-01   2.531000e-01   1.811000e-01   1.931000e-01   1.259000e-06   1.075000e-12
         6.6500   0.000000e+00   0.000000e+00   0.000000e+00   0.000000e+00   1.641000e-17   2.318000e-14   1.979000e-11   9.981000e-09   2.790000e-06   9.704000e-05   1.615000e-03   1.204000e-02   5.092000e-02   1.189000e-01   2.164000e-01   2.299000e-01   3.701000e-01   1.022000e-05   4.074000e-11
         6.7000   0.000000e+00   0.000000e+00   0.000000e+00   0.000000e+00   9.602000e-19   1.622000e-15   1.662000e-12   1.011000e-09   3.368000e-07   1.499000e-05   3.237000e-04   3.186000e-03   1.803000e-02   5.785000e-02   1.504000e-01   2.309000e-01   5.393000e-01   5.465000e-05   8.720000e-10
         6.7500   0.000000e+00   0.000000e+00   0.000000e+00   0.000000e+00   5.602000e-20   1.127000e-16   1.380000e-13   1.008000e-10   3.998000e-08   2.259000e-06   6.265000e-05   8.042000e-04   6.003000e-03   2.604000e-02   9.459000e-02   2.047000e-01   6.675000e-01   2.179000e-04   1.216000e-08
         6.8000   0.000000e+00   0.000000e+00   0.000000e+00   0.000000e+00   0.000000e+00   8.275000e-18   1.205000e-14   1.052000e-11   4.966000e-09   3.534000e-07   1.247000e-05   2.066000e-04   2.010000e-03   1.161000e-02   5.780000e-02   1.724000e-01   7.553000e-01   7.067000e-04   1.222000e-07
         6.8500   0.000000e+00   0.000000e+00   0.000000e+00   0.000000e+00   0.000000e+00   6.604000e-19   1.140000e-15   1.185000e-12   6.651000e-10   5.920000e-08   2.637000e-06   5.578000e-05   6.995000e-04   5.312000e-03   3.558000e-02   1.432000e-01   8.132000e-01   1.962000e-03   9.440000e-07
         6.9000   0.000000e+00   0.000000e+00   0.000000e+00   0.000000e+00   0.000000e+00   5.785000e-20   1.180000e-16   1.455000e-13   9.701000e-11   1.073000e-08   5.986000e-07   1.603000e-05   2.565000e-04   2.530000e-03   2.243000e-02   1.195000e-01   8.504000e-01   4.812000e-03   5.852000e-06
         6.9500   0.000000e+00   0.000000e+00   0.000000e+00   0.000000e+00   0.000000e+00   0.000000e+00   1.334000e-17   1.945000e-14   1.540000e-11   2.103000e-09   1.459000e-07   4.909000e-06   9.930000e-05   1.259000e-03   1.455000e-02   1.008000e-01   8.727000e-01   1.064000e-02   3.002000e-05
         7.0000   0.000000e+00   0.000000e+00   0.000000e+00   0.000000e+00   0.000000e+00   0.000000e+00   1.636000e-18   2.812000e-15   2.640000e-12   4.426000e-10   3.797000e-08   1.592000e-06   4.040000e-05   6.518000e-04   9.683000e-03   8.577000e-02   8.823000e-01   2.147000e-02   1.304000e-04
         7.0500   0.000000e+00   0.000000e+00   0.000000e+00   0.000000e+00   0.000000e+00   0.000000e+00   2.152000e-19   4.348000e-16   4.837000e-13   9.902000e-11   1.044000e-08   5.423000e-07   1.712000e-05   3.486000e-04   6.574000e-03   7.335000e-02   8.793000e-01   3.997000e-02   4.884000e-04
         7.1000   0.000000e+00   0.000000e+00   0.000000e+00   0.000000e+00   0.000000e+00   0.000000e+00   2.996000e-20   7.104000e-17   9.351000e-14   2.325000e-11   2.995000e-09   1.917000e-07   7.482000e-06   1.907000e-04   4.512000e-03   6.259000e-02   8.621000e-01   6.903000e-02   1.598000e-03
         7.1500   0.000000e+00   0.000000e+00   0.000000e+00   0.000000e+00   0.000000e+00   0.000000e+00   0.000000e+00   1.209000e-17   1.881000e-14   5.654000e-12   8.859000e-10   6.942000e-08   3.330000e-06   1.055000e-04   3.100000e-03   5.283000e-02   8.283000e-01   1.110000e-01   4.616000e-03
         7.2000   0.000000e+00   0.000000e+00   0.000000e+00   0.000000e+00   0.000000e+00   0.000000e+00   0.000000e+00   2.116000e-18   3.882000e-15   1.405000e-12   2.665000e-10   2.544000e-08   1.491000e-06   5.831000e-05   2.110000e-03   4.372000e-02   7.756000e-01   1.666000e-01   1.186000e-02
         7.2500   0.000000e+00   0.000000e+00   0.000000e+00   0.000000e+00   0.000000e+00   0.000000e+00   0.000000e+00   3.751000e-19   8.110000e-16   3.518000e-13   8.041000e-11   9.307000e-09   6.631000e-07   3.183000e-05   1.406000e-03   3.513000e-02   7.032000e-01   2.331000e-01   2.722000e-02
         7.3000   0.000000e+00   0.000000e+00   0.000000e+00   0.000000e+00   0.000000e+00   0.000000e+00   0.000000e+00   6.653000e-20   1.692000e-16   8.763000e-14   2.404000e-11   3.359000e-09   2.895000e-07   1.696000e-05   9.080000e-04   2.715000e-02   6.127000e-01   3.033000e-01   5.596000e-02
         7.3500   0.000000e+00   0.000000e+00   0.000000e+00   0.000000e+00   0.000000e+00   0.000000e+00   0.000000e+00   1.167000e-20   3.485000e-17   2.147000e-14   7.045000e-12   1.183000e-09   1.228000e-07   8.735000e-06   5.631000e-04   2.003000e-02   5.097000e-01   3.664000e-01   1.032000e-01
         7.4000   0.000000e+00   0.000000e+00   0.000000e+00   0.000000e+00   0.000000e+00   0.000000e+00   0.000000e+00   0.000000e+00   7.031000e-18   5.135000e-15   2.007000e-12   4.034000e-10   5.021000e-08   4.318000e-06   3.333000e-04   1.404000e-02   4.033000e-01   4.108000e-01   1.715000e-01
         7.4500   0.000000e+00   0.000000e+00   0.000000e+00   0.000000e+00   0.000000e+00   0.000000e+00   0.000000e+00   0.000000e+00   1.385000e-18   1.195000e-15   5.545000e-13   1.329000e-10   1.976000e-08   2.045000e-06   1.881000e-04   9.341000e-03   3.036000e-01   4.289000e-01   2.580000e-01
         7.5000   0.000000e+00   0.000000e+00   0.000000e+00   0.000000e+00   0.000000e+00   0.000000e+00   0.000000e+00   0.000000e+00   2.667000e-19   2.711000e-16   1.489000e-13   4.243000e-11   7.510000e-09   9.309000e-07   1.016000e-04   5.929000e-03   2.184000e-01   4.202000e-01   3.554000e-01
         7.5500   0.000000e+00   0.000000e+00   0.000000e+00   0.000000e+00   0.000000e+00   0.000000e+00   0.000000e+00   0.000000e+00   5.058000e-20   6.037000e-17   3.914000e-14   1.321000e-11   2.774000e-09   4.105000e-07   5.296000e-05   3.621000e-03   1.515000e-01   3.905000e-01   4.542000e-01
         7.6000   0.000000e+00   0.000000e+00   0.000000e+00   0.000000e+00   0.000000e+00   0.000000e+00   0.000000e+00   0.000000e+00   0.000000e+00   1.331000e-17   1.016000e-14   4.051000e-12   1.006000e-09   1.770000e-07   2.690000e-05   2.151000e-03   1.025000e-01   3.486000e-01   5.467000e-01
         7.6500   0.000000e+00   0.000000e+00   0.000000e+00   0.000000e+00   0.000000e+00   0.000000e+00   0.000000e+00   0.000000e+00   0.000000e+00   2.931000e-18   2.627000e-15   1.234000e-12   3.612000e-10   7.534000e-08   1.345000e-05   1.255000e-03   6.820000e-02   3.024000e-01   6.281000e-01
         7.7000   0.000000e+00   0.000000e+00   0.000000e+00   0.000000e+00   0.000000e+00   0.000000e+00   0.000000e+00   0.000000e+00   0.000000e+00   6.493000e-19   6.815000e-16   3.761000e-13   1.295000e-10   3.192000e-08   6.676000e-06   7.260000e-04   4.507000e-02   2.574000e-01   6.968000e-01
         7.7500   0.000000e+00   0.000000e+00   0.000000e+00   0.000000e+00   0.000000e+00   0.000000e+00   0.000000e+00   0.000000e+00   0.000000e+00   1.455000e-19   1.785000e-16   1.155000e-13   4.665000e-11   1.355000e-08   3.311000e-06   4.190000e-04   2.977000e-02   2.166000e-01   7.532000e-01
         7.8000   0.000000e+00   0.000000e+00   0.000000e+00   0.000000e+00   0.000000e+00   0.000000e+00   0.000000e+00   0.000000e+00   0.000000e+00   3.308000e-20   4.736000e-17   3.584000e-14   1.695000e-11   5.785000e-09   1.649000e-06   2.426000e-04   1.974000e-02   1.812000e-01   7.988000e-01
         7.8500   0.000000e+00   0.000000e+00   0.000000e+00   0.000000e+00   0.000000e+00   0.000000e+00   0.000000e+00   0.000000e+00   0.000000e+00   0.000000e+00   1.277000e-17   1.128000e-14   6.230000e-12   2.493000e-09   8.272000e-07   1.413000e-04   1.319000e-02   1.513000e-01   8.353000e-01
         7.9000   0.000000e+00   0.000000e+00   0.000000e+00   0.000000e+00   0.000000e+00   0.000000e+00   0.000000e+00   0.000000e+00   0.000000e+00   0.000000e+00   3.500000e-18   3.602000e-15   2.320000e-12   1.086000e-09   4.188000e-07   8.297000e-05   8.890000e-03   1.265000e-01   8.645000e-01
         7.9500   0.000000e+00   0.000000e+00   0.000000e+00   0.000000e+00   0.000000e+00   0.000000e+00   0.000000e+00   0.000000e+00   0.000000e+00   0.000000e+00   9.765000e-19   1.169000e-15   8.764000e-13   4.791000e-10   2.143000e-07   4.920000e-05   6.054000e-03   1.060000e-01   8.879000e-01
         8.0000   0.000000e+00   0.000000e+00   0.000000e+00   0.000000e+00   0.000000e+00   0.000000e+00   0.000000e+00   0.000000e+00   0.000000e+00   0.000000e+00   2.774000e-19   3.857000e-16   3.359000e-13   2.140000e-10   1.109000e-07   2.948000e-05   4.167000e-03   8.906000e-02   9.067000e-01
         8.0500   0.000000e+00   0.000000e+00   0.000000e+00   0.000000e+00   0.000000e+00   0.000000e+00   0.000000e+00   0.000000e+00   0.000000e+00   0.000000e+00   8.024000e-20   1.293000e-16   1.307000e-13   9.680000e-11   5.807000e-08   1.785000e-05   2.899000e-03   7.516000e-02   9.219000e-01
         8.1000   0.000000e+00   0.000000e+00   0.000000e+00   0.000000e+00   0.000000e+00   0.000000e+00   0.000000e+00   0.000000e+00   0.000000e+00   0.000000e+00   2.362000e-20   4.407000e-17   5.157000e-14   4.436000e-11   3.076000e-08   1.093000e-05   2.039000e-03   6.371000e-02   9.342000e-01
         8.1500   0.000000e+00   0.000000e+00   0.000000e+00   0.000000e+00   0.000000e+00   0.000000e+00   0.000000e+00   0.000000e+00   0.000000e+00   0.000000e+00   0.000000e+00   1.526000e-17   2.065000e-14   2.058000e-11   1.648000e-08   6.762000e-06   1.449000e-03   5.425000e-02   9.443000e-01
         8.2000   0.000000e+00   0.000000e+00   0.000000e+00   0.000000e+00   0.000000e+00   0.000000e+00   0.000000e+00   0.000000e+00   0.000000e+00   0.000000e+00   0.000000e+00   5.362000e-18   8.379000e-15   9.669000e-12   8.924000e-09   4.226000e-06   1.040000e-03   4.639000e-02   9.526000e-01
         8.2500   0.000000e+00   0.000000e+00   0.000000e+00   0.000000e+00   0.000000e+00   0.000000e+00   0.000000e+00   0.000000e+00   0.000000e+00   0.000000e+00   0.000000e+00   1.911000e-18   3.445000e-15   4.594000e-12   4.884000e-09   2.666000e-06   7.533000e-04   3.984000e-02   9.594000e-01
         8.3000   0.000000e+00   0.000000e+00   0.000000e+00   0.000000e+00   0.000000e+00   0.000000e+00   0.000000e+00   0.000000e+00   0.000000e+00   0.000000e+00   0.000000e+00   6.907000e-19   1.434000e-15   2.207000e-12   2.700000e-09   1.697000e-06   5.503000e-04   3.434000e-02   9.651000e-01
         8.3500   0.000000e+00   0.000000e+00   0.000000e+00   0.000000e+00   0.000000e+00   0.000000e+00   0.000000e+00   0.000000e+00   0.000000e+00   0.000000e+00   0.000000e+00   2.528000e-19   6.039000e-16   1.071000e-12   1.506000e-09   1.090000e-06   4.052000e-04   2.971000e-02   9.699000e-01
         8.4000   0.000000e+00   0.000000e+00   0.000000e+00   0.000000e+00   0.000000e+00   0.000000e+00   0.000000e+00   0.000000e+00   0.000000e+00   0.000000e+00   0.000000e+00   9.367000e-20   2.571000e-16   5.249000e-13   8.475000e-10   7.052000e-07   3.005000e-04   2.579000e-02   9.739000e-01
         8.4500   0.000000e+00   0.000000e+00   0.000000e+00   0.000000e+00   0.000000e+00   0.000000e+00   0.000000e+00   0.000000e+00   0.000000e+00   0.000000e+00   0.000000e+00   3.510000e-20   1.106000e-16   2.596000e-13   4.808000e-10   4.596000e-07   2.244000e-04   2.246000e-02   9.773000e-01
         8.5000   0.000000e+00   0.000000e+00   0.000000e+00   0.000000e+00   0.000000e+00   0.000000e+00   0.000000e+00   0.000000e+00   0.000000e+00   0.000000e+00   0.000000e+00   1.329000e-20   4.803000e-17   1.294000e-13   2.748000e-10   3.015000e-07   1.685000e-04   1.961000e-02   9.802000e-01
         8.5500   0.000000e+00   0.000000e+00   0.000000e+00   0.000000e+00   0.000000e+00   0.000000e+00   0.000000e+00   0.000000e+00   0.000000e+00   0.000000e+00   0.000000e+00   0.000000e+00   2.104000e-17   6.504000e-14   1.581000e-10   1.990000e-07   1.272000e-04   1.716000e-02   9.827000e-01
         8.6000   0.000000e+00   0.000000e+00   0.000000e+00   0.000000e+00   0.000000e+00   0.000000e+00   0.000000e+00   0.000000e+00   0.000000e+00   0.000000e+00   0.000000e+00   0.000000e+00   9.294000e-18   3.291000e-14   9.156000e-11   1.321000e-07   9.654000e-05   1.506000e-02   9.848000e-01
         8.6500   0.000000e+00   0.000000e+00   0.000000e+00   0.000000e+00   0.000000e+00   0.000000e+00   0.000000e+00   0.000000e+00   0.000000e+00   0.000000e+00   0.000000e+00   0.000000e+00   4.135000e-18   1.676000e-14   5.331000e-11   8.811000e-08   7.356000e-05   1.323000e-02   9.867000e-01
         8.7000   0.000000e+00   0.000000e+00   0.000000e+00   0.000000e+00   0.000000e+00   0.000000e+00   0.000000e+00   0.000000e+00   0.000000e+00   0.000000e+00   0.000000e+00   0.000000e+00   1.852000e-18   8.586000e-15   3.120000e-11   5.902000e-08   5.627000e-05   1.165000e-02   9.883000e-01
         8.7500   0.000000e+00   0.000000e+00   0.000000e+00   0.000000e+00   0.000000e+00   0.000000e+00   0.000000e+00   0.000000e+00   0.000000e+00   0.000000e+00   0.000000e+00   0.000000e+00   8.341000e-19   4.421000e-15   1.834000e-11   3.969000e-08   4.318000e-05   1.027000e-02   9.897000e-01
         8.8000   0.000000e+00   0.000000e+00   0.000000e+00   0.000000e+00   0.000000e+00   0.000000e+00   0.000000e+00   0.000000e+00   0.000000e+00   0.000000e+00   0.000000e+00   0.000000e+00   3.778000e-19   2.287000e-15   1.083000e-11   2.678000e-08   3.324000e-05   9.063000e-03   9.909000e-01
         8.8500   0.000000e+00   0.000000e+00   0.000000e+00   0.000000e+00   0.000000e+00   0.000000e+00   0.000000e+00   0.000000e+00   0.000000e+00   0.000000e+00   0.000000e+00   0.000000e+00   1.720000e-19   1.188000e-15   6.416000e-12   1.813000e-08   2.565000e-05   8.009000e-03   9.920000e-01
         8.9000   0.000000e+00   0.000000e+00   0.000000e+00   0.000000e+00   0.000000e+00   0.000000e+00   0.000000e+00   0.000000e+00   0.000000e+00   0.000000e+00   0.000000e+00   0.000000e+00   7.868000e-20   6.199000e-16   3.815000e-12   1.231000e-08   1.985000e-05   7.083000e-03   9.929000e-01
         8.9500   0.000000e+00   0.000000e+00   0.000000e+00   0.000000e+00   0.000000e+00   0.000000e+00   0.000000e+00   0.000000e+00   0.000000e+00   0.000000e+00   0.000000e+00   0.000000e+00   3.614000e-20   3.246000e-16   2.276000e-12   8.380000e-09   1.539000e-05   6.270000e-03   9.937000e-01
         9.0000   0.000000e+00   0.000000e+00   0.000000e+00   0.000000e+00   0.000000e+00   0.000000e+00   0.000000e+00   0.000000e+00   0.000000e+00   0.000000e+00   0.000000e+00   0.000000e+00   1.666000e-20   1.705000e-16   1.361000e-12   5.718000e-09   1.195000e-05   5.555000e-03   9.944000e-01
