# CIE ionization fractions for Mg (Z=12)
# Source: CHIANTI v11.0.2 chianti.ioneq (Dere et al. 2009)
# T grid: 101 log-spaced points, 10^4.00 K -> 10^9.00 K
# Generated by pyathena/photchem/data/build_ioneq_tables.py
#
# log_T_K        x_Mg0          x_Mg1          x_Mg2          x_Mg3          x_Mg4          x_Mg5          x_Mg6          x_Mg7          x_Mg8          x_Mg9          x_Mg10         x_Mg11         x_Mg12       
         4.0000   5.455000e-01   4.544000e-01   9.009000e-05   0.000000e+00   0.000000e+00   0.000000e+00   0.000000e+00   0.000000e+00   0.000000e+00   0.000000e+00   0.000000e+00   0.000000e+00   0.000000e+00
         4.0500   3.813000e-01   6.177000e-01   9.520000e-04   0.000000e+00   0.000000e+00   0.000000e+00   0.000000e+00   0.000000e+00   0.000000e+00   0.000000e+00   0.000000e+00   0.000000e+00   0.000000e+00
         4.1000   2.488000e-01   7.439000e-01   7.250000e-03   0.000000e+00   0.000000e+00   0.000000e+00   0.000000e+00   0.000000e+00   0.000000e+00   0.000000e+00   0.000000e+00   0.000000e+00   0.000000e+00
         4.1500   1.528000e-01   8.059000e-01   4.131000e-02   0.000000e+00   0.000000e+00   0.000000e+00   0.000000e+00   0.000000e+00   0.000000e+00   0.000000e+00   0.000000e+00   0.000000e+00   0.000000e+00
         4.2000   8.333000e-02   7.460000e-01   1.707000e-01   0.000000e+00   0.000000e+00   0.000000e+00   0.000000e+00   0.000000e+00   0.000000e+00   0.000000e+00   0.000000e+00   0.000000e+00   0.000000e+00
         4.2500   3.495000e-02   5.127000e-01   4.523000e-01   0.000000e+00   0.000000e+00   0.000000e+00   0.000000e+00   0.000000e+00   0.000000e+00   0.000000e+00   0.000000e+00   0.000000e+00   0.000000e+00
         4.3000   1.065000e-02   2.483000e-01   7.411000e-01   2.537000e-18   0.000000e+00   0.000000e+00   0.000000e+00   0.000000e+00   0.000000e+00   0.000000e+00   0.000000e+00   0.000000e+00   0.000000e+00
         4.3500   2.771000e-03   9.987000e-02   8.974000e-01   5.672000e-16   0.000000e+00   0.000000e+00   0.000000e+00   0.000000e+00   0.000000e+00   0.000000e+00   0.000000e+00   0.000000e+00   0.000000e+00
         4.4000   7.249000e-04   3.939000e-02   9.599000e-01   6.448000e-14   0.000000e+00   0.000000e+00   0.000000e+00   0.000000e+00   0.000000e+00   0.000000e+00   0.000000e+00   0.000000e+00   0.000000e+00
         4.4500   2.039000e-04   1.633000e-02   9.835000e-01   4.289000e-12   0.000000e+00   0.000000e+00   0.000000e+00   0.000000e+00   0.000000e+00   0.000000e+00   0.000000e+00   0.000000e+00   0.000000e+00
         4.5000   6.266000e-05   7.252000e-03   9.927000e-01   1.810000e-10   0.000000e+00   0.000000e+00   0.000000e+00   0.000000e+00   0.000000e+00   0.000000e+00   0.000000e+00   0.000000e+00   0.000000e+00
         4.5500   2.102000e-05   3.451000e-03   9.965000e-01   5.126000e-09   0.000000e+00   0.000000e+00   0.000000e+00   0.000000e+00   0.000000e+00   0.000000e+00   0.000000e+00   0.000000e+00   0.000000e+00
         4.6000   7.651000e-06   1.752000e-03   9.982000e-01   1.018000e-07   4.030000e-19   0.000000e+00   0.000000e+00   0.000000e+00   0.000000e+00   0.000000e+00   0.000000e+00   0.000000e+00   0.000000e+00
         4.6500   3.002000e-06   9.438000e-04   9.991000e-01   1.468000e-06   2.134000e-16   0.000000e+00   0.000000e+00   0.000000e+00   0.000000e+00   0.000000e+00   0.000000e+00   0.000000e+00   0.000000e+00
         4.7000   1.262000e-06   5.375000e-04   9.994000e-01   1.580000e-05   5.690000e-14   0.000000e+00   0.000000e+00   0.000000e+00   0.000000e+00   0.000000e+00   0.000000e+00   0.000000e+00   0.000000e+00
         4.7500   5.674000e-07   3.230000e-04   9.995000e-01   1.294000e-04   8.028000e-12   0.000000e+00   0.000000e+00   0.000000e+00   0.000000e+00   0.000000e+00   0.000000e+00   0.000000e+00   0.000000e+00
         4.8000   2.731000e-07   2.054000e-04   9.990000e-01   8.174000e-04   6.229000e-10   1.021000e-19   0.000000e+00   0.000000e+00   0.000000e+00   0.000000e+00   0.000000e+00   0.000000e+00   0.000000e+00
         4.8500   1.419000e-07   1.394000e-04   9.958000e-01   4.022000e-03   2.762000e-08   8.094000e-17   0.000000e+00   0.000000e+00   0.000000e+00   0.000000e+00   0.000000e+00   0.000000e+00   0.000000e+00
         4.9000   8.033000e-08   1.021000e-04   9.843000e-01   1.564000e-02   7.337000e-07   2.774000e-14   0.000000e+00   0.000000e+00   0.000000e+00   0.000000e+00   0.000000e+00   0.000000e+00   0.000000e+00
         4.9500   4.952000e-08   8.067000e-05   9.511000e-01   4.885000e-02   1.231000e-05   4.500000e-12   0.000000e+00   0.000000e+00   0.000000e+00   0.000000e+00   0.000000e+00   0.000000e+00   0.000000e+00
         5.0000   3.241000e-08   6.707000e-05   8.761000e-01   1.237000e-01   1.367000e-04   3.760000e-10   4.253000e-18   0.000000e+00   0.000000e+00   0.000000e+00   0.000000e+00   0.000000e+00   0.000000e+00
         5.0500   2.138000e-08   5.575000e-05   7.446000e-01   2.543000e-01   1.040000e-03   1.731000e-08   2.132000e-15   0.000000e+00   0.000000e+00   0.000000e+00   0.000000e+00   0.000000e+00   0.000000e+00
         5.1000   1.346000e-08   4.390000e-05   5.694000e-01   4.250000e-01   5.578000e-03   4.662000e-07   4.814000e-13   0.000000e+00   0.000000e+00   0.000000e+00   0.000000e+00   0.000000e+00   0.000000e+00
         5.1500   7.845000e-09   3.177000e-05   3.905000e-01   5.875000e-01   2.194000e-02   7.834000e-06   5.400000e-11   5.061000e-18   0.000000e+00   0.000000e+00   0.000000e+00   0.000000e+00   0.000000e+00
         5.2000   4.197000e-09   2.097000e-05   2.432000e-01   6.905000e-01   6.617000e-02   8.770000e-05   3.310000e-09   2.424000e-15   0.000000e+00   0.000000e+00   0.000000e+00   0.000000e+00   0.000000e+00
         5.2500   2.050000e-09   1.256000e-05   1.386000e-01   7.027000e-01   1.580000e-01   6.874000e-04   1.194000e-07   5.538000e-13   8.585000e-20   0.000000e+00   0.000000e+00   0.000000e+00   0.000000e+00
         5.3000   9.032000e-10   6.750000e-06   7.183000e-02   6.212000e-01   3.031000e-01   3.882000e-03   2.666000e-06   6.504000e-11   7.160000e-17   0.000000e+00   0.000000e+00   0.000000e+00   0.000000e+00
         5.3500   3.558000e-10   3.227000e-06   3.372000e-02   4.777000e-01   4.724000e-01   1.616000e-02   3.836000e-05   4.177000e-09   2.683000e-14   0.000000e+00   0.000000e+00   0.000000e+00   0.000000e+00
         5.4000   1.261000e-10   1.381000e-06   1.443000e-02   3.235000e-01   6.105000e-01   5.117000e-02   3.721000e-04   1.563000e-07   4.924000e-12   4.959000e-18   0.000000e+00   0.000000e+00   0.000000e+00
         5.4500   4.062000e-11   5.347000e-07   5.695000e-03   1.960000e-01   6.689000e-01   1.269000e-01   2.540000e-03   3.615000e-06   4.782000e-10   2.875000e-15   0.000000e+00   0.000000e+00   0.000000e+00
         5.5000   1.190000e-11   1.875000e-07   2.071000e-03   1.066000e-01   6.277000e-01   2.510000e-01   1.255000e-02   5.388000e-05   2.609000e-08   7.867000e-13   1.601000e-17   0.000000e+00   0.000000e+00
         5.5500   3.144000e-12   5.906000e-08   6.869000e-04   5.168000e-02   5.038000e-01   3.978000e-01   4.551000e-02   5.311000e-04   8.331000e-07   1.079000e-10   1.094000e-14   0.000000e+00   0.000000e+00
         5.6000   7.409000e-13   1.654000e-08   2.056000e-04   2.216000e-02   3.446000e-01   5.068000e-01   1.227000e-01   3.543000e-03   1.614000e-05   7.807000e-09   3.363000e-12   0.000000e+00   0.000000e+00
         5.6500   1.553000e-13   4.103000e-09   5.528000e-05   8.385000e-03   2.015000e-01   5.236000e-01   2.498000e-01   1.642000e-02   1.970000e-04   3.139000e-07   4.981000e-10   0.000000e+00   0.000000e+00
         5.7000   2.906000e-14   9.064000e-10   1.341000e-05   2.818000e-03   1.017000e-01   4.456000e-01   3.937000e-01   5.461000e-02   1.580000e-03   7.407000e-06   3.811000e-08   0.000000e+00   0.000000e+00
         5.7500   4.900000e-15   1.799000e-10   2.958000e-06   8.489000e-04   4.490000e-02   3.181000e-01   4.926000e-01   1.347000e-01   8.692000e-03   1.082000e-04   1.613000e-06   0.000000e+00   0.000000e+00
         5.8000   7.497000e-16   3.232000e-11   5.962000e-07   2.309000e-04   1.750000e-02   1.933000e-01   4.999000e-01   2.539000e-01   3.403000e-02   1.026000e-03   4.002000e-05   5.975000e-19   0.000000e+00
         5.8500   1.039000e-16   5.248000e-12   1.095000e-07   5.658000e-05   6.029000e-03   1.006000e-01   4.165000e-01   3.724000e-01   9.731000e-02   6.546000e-03   6.103000e-04   3.553000e-16   0.000000e+00
         5.9000   1.290000e-17   7.611000e-13   1.811000e-08   1.236000e-05   1.819000e-03   4.458000e-02   2.850000e-01   4.280000e-01   2.060000e-01   2.871000e-02   5.904000e-03   9.138000e-14   0.000000e+00
         5.9500   1.394000e-18   9.590000e-14   2.619000e-09   2.340000e-06   4.686000e-04   1.645000e-02   1.574000e-01   3.810000e-01   3.212000e-01   8.682000e-02   3.666000e-02   1.072000e-11   0.000000e+00
         6.0000   1.243000e-19   9.946000e-15   3.135000e-10   3.637000e-07   9.775000e-05   4.815000e-03   6.707000e-02   2.524000e-01   3.562000e-01   1.762000e-01   1.432000e-01   5.839000e-10   6.624000e-20
         6.0500   0.000000e+00   8.142000e-16   2.974000e-11   4.445000e-08   1.584000e-05   1.074000e-03   2.127000e-02   1.206000e-01   2.738000e-01   2.354000e-01   3.478000e-01   1.507000e-08   2.333000e-17
         6.1000   0.000000e+00   5.571000e-17   2.363000e-12   4.515000e-09   2.110000e-06   1.936000e-04   5.343000e-03   4.438000e-02   1.566000e-01   2.236000e-01   5.700000e-01   2.061000e-07   3.325000e-15
         6.1500   0.000000e+00   3.624000e-18   1.785000e-13   4.334000e-10   2.629000e-07   3.216000e-05   1.214000e-03   1.443000e-02   7.664000e-02   1.747000e-01   7.330000e-01   1.782000e-06   2.358000e-13
         6.2000   0.000000e+00   2.479000e-19   1.417000e-14   4.344000e-11   3.390000e-08   5.453000e-06   2.772000e-04   4.612000e-03   3.590000e-02   1.261000e-01   8.330000e-01   1.123000e-05   9.838000e-12
         6.2500   0.000000e+00   1.871000e-20   1.241000e-15   4.776000e-12   4.752000e-09   9.931000e-07   6.703000e-05   1.533000e-03   1.706000e-02   8.957000e-02   8.917000e-01   5.610000e-05   2.688000e-10
         6.3000   0.000000e+00   0.000000e+00   1.222000e-16   5.869000e-13   7.389000e-10   1.985000e-07   1.755000e-05   5.427000e-04   8.454000e-03   6.449000e-02   9.263000e-01   2.327000e-04   5.147000e-09
         6.3500   0.000000e+00   0.000000e+00   1.361000e-17   8.113000e-14   1.283000e-10   4.386000e-08   5.026000e-06   2.069000e-04   4.425000e-03   4.782000e-02   9.467000e-01   8.246000e-04   7.238000e-08
         6.4000   0.000000e+00   0.000000e+00   1.713000e-18   1.262000e-14   2.490000e-11   1.074000e-08   1.578000e-06   8.535000e-05   2.462000e-03   3.683000e-02   9.581000e-01   2.544000e-03   7.745000e-07
         6.4500   0.000000e+00   0.000000e+00   2.429000e-19   2.199000e-15   5.378000e-12   2.903000e-09   5.417000e-07   3.804000e-05   1.457000e-03   2.952000e-02   9.621000e-01   6.923000e-03   6.482000e-06
         6.5000   0.000000e+00   0.000000e+00   3.836000e-20   4.250000e-16   1.281000e-12   8.592000e-10   2.019000e-07   1.820000e-05   9.126000e-04   2.454000e-02   9.577000e-01   1.676000e-02   4.337000e-05
         6.5500   0.000000e+00   0.000000e+00   0.000000e+00   8.973000e-17   3.313000e-13   2.745000e-10   8.059000e-08   9.240000e-06   5.983000e-04   2.094000e-02   9.419000e-01   3.632000e-02   2.362000e-04
         6.6000   0.000000e+00   0.000000e+00   0.000000e+00   2.030000e-17   9.137000e-14   9.291000e-11   3.385000e-08   4.892000e-06   4.041000e-04   1.808000e-02   9.097000e-01   7.078000e-02   1.063000e-03
         6.6500   0.000000e+00   0.000000e+00   0.000000e+00   4.816000e-18   2.629000e-14   3.263000e-11   1.466000e-08   2.650000e-06   2.760000e-04   1.553000e-02   8.559000e-01   1.243000e-01   3.997000e-03
         6.7000   0.000000e+00   0.000000e+00   0.000000e+00   1.171000e-18   7.721000e-15   1.164000e-11   6.410000e-09   1.439000e-06   1.870000e-04   1.302000e-02   7.770000e-01   1.971000e-01   1.269000e-02
         6.7500   0.000000e+00   0.000000e+00   0.000000e+00   2.859000e-19   2.266000e-15   4.128000e-12   2.771000e-09   7.673000e-07   1.233000e-04   1.048000e-02   6.733000e-01   2.819000e-01   3.423000e-02
         6.8000   0.000000e+00   0.000000e+00   0.000000e+00   6.855000e-20   6.506000e-16   1.427000e-12   1.162000e-09   3.945000e-07   7.768000e-05   7.969000e-03   5.504000e-01   3.628000e-01   7.879000e-02
         6.8500   0.000000e+00   0.000000e+00   0.000000e+00   1.587000e-20   1.797000e-16   4.723000e-13   4.642000e-10   1.923000e-07   4.604000e-05   5.641000e-03   4.201000e-01   4.190000e-01   1.552000e-01
         6.9000   0.000000e+00   0.000000e+00   0.000000e+00   0.000000e+00   4.721000e-17   1.481000e-13   1.750000e-10   8.795000e-08   2.543000e-05   3.692000e-03   2.977000e-01   4.350000e-01   2.636000e-01
         6.9500   0.000000e+00   0.000000e+00   0.000000e+00   0.000000e+00   1.180000e-17   4.403000e-14   6.229000e-11   3.780000e-08   1.311000e-05   2.240000e-03   1.967000e-01   4.099000e-01   3.911000e-01
         7.0000   0.000000e+00   0.000000e+00   0.000000e+00   0.000000e+00   2.833000e-18   1.254000e-14   2.116000e-11   1.544000e-08   6.390000e-06   1.278000e-03   1.229000e-01   3.571000e-01   5.188000e-01
         7.0500   0.000000e+00   0.000000e+00   0.000000e+00   0.000000e+00   6.650000e-19   3.479000e-15   6.977000e-12   6.096000e-09   2.996000e-06   6.985000e-04   7.401000e-02   2.941000e-01   6.312000e-01
         7.1000   0.000000e+00   0.000000e+00   0.000000e+00   0.000000e+00   1.550000e-19   9.562000e-16   2.272000e-12   2.368000e-09   1.376000e-06   3.727000e-04   4.377000e-02   2.341000e-01   7.218000e-01
         7.1500   0.000000e+00   0.000000e+00   0.000000e+00   0.000000e+00   3.635000e-20   2.636000e-16   7.399000e-13   9.166000e-10   6.272000e-07   1.971000e-04   2.579000e-02   1.829000e-01   7.911000e-01
         7.2000   0.000000e+00   0.000000e+00   0.000000e+00   0.000000e+00   0.000000e+00   7.355000e-17   2.432000e-13   3.569000e-10   2.866000e-07   1.043000e-04   1.528000e-02   1.420000e-01   8.426000e-01
         7.2500   0.000000e+00   0.000000e+00   0.000000e+00   0.000000e+00   0.000000e+00   2.086000e-17   8.104000e-14   1.405000e-10   1.320000e-07   5.555000e-05   9.157000e-03   1.103000e-01   8.805000e-01
         7.3000   0.000000e+00   0.000000e+00   0.000000e+00   0.000000e+00   0.000000e+00   6.031000e-18   2.747000e-14   5.610000e-11   6.153000e-08   2.991000e-05   5.569000e-03   8.607000e-02   9.083000e-01
         7.3500   0.000000e+00   0.000000e+00   0.000000e+00   0.000000e+00   0.000000e+00   1.780000e-18   9.484000e-15   2.275000e-11   2.906000e-08   1.631000e-05   3.443000e-03   6.766000e-02   9.289000e-01
         7.4000   0.000000e+00   0.000000e+00   0.000000e+00   0.000000e+00   0.000000e+00   5.362000e-19   3.335000e-15   9.381000e-12   1.392000e-08   9.020000e-06   2.164000e-03   5.365000e-02   9.442000e-01
         7.4500   0.000000e+00   0.000000e+00   0.000000e+00   0.000000e+00   0.000000e+00   1.648000e-19   1.195000e-15   3.931000e-12   6.763000e-09   5.058000e-06   1.383000e-03   4.292000e-02   9.557000e-01
         7.5000   0.000000e+00   0.000000e+00   0.000000e+00   0.000000e+00   0.000000e+00   5.169000e-20   4.359000e-16   1.674000e-12   3.334000e-09   2.877000e-06   8.984000e-04   3.465000e-02   9.645000e-01
         7.5500   0.000000e+00   0.000000e+00   0.000000e+00   0.000000e+00   0.000000e+00   1.652000e-20   1.618000e-16   7.238000e-13   1.666000e-09   1.659000e-06   5.926000e-04   2.822000e-02   9.712000e-01
         7.6000   0.000000e+00   0.000000e+00   0.000000e+00   0.000000e+00   0.000000e+00   0.000000e+00   6.104000e-17   3.177000e-13   8.443000e-10   9.690000e-07   3.967000e-04   2.317000e-02   9.764000e-01
         7.6500   0.000000e+00   0.000000e+00   0.000000e+00   0.000000e+00   0.000000e+00   0.000000e+00   2.340000e-17   1.414000e-13   4.333000e-10   5.734000e-07   2.692000e-04   1.918000e-02   9.806000e-01
         7.7000   0.000000e+00   0.000000e+00   0.000000e+00   0.000000e+00   0.000000e+00   0.000000e+00   9.110000e-18   6.382000e-14   2.252000e-10   3.435000e-07   1.851000e-04   1.599000e-02   9.838000e-01
         7.7500   0.000000e+00   0.000000e+00   0.000000e+00   0.000000e+00   0.000000e+00   0.000000e+00   3.598000e-18   2.918000e-14   1.185000e-10   2.082000e-07   1.289000e-04   1.343000e-02   9.864000e-01
         7.8000   0.000000e+00   0.000000e+00   0.000000e+00   0.000000e+00   0.000000e+00   0.000000e+00   1.441000e-18   1.351000e-14   6.303000e-11   1.276000e-07   9.074000e-05   1.135000e-02   9.886000e-01
         7.8500   0.000000e+00   0.000000e+00   0.000000e+00   0.000000e+00   0.000000e+00   0.000000e+00   5.848000e-19   6.326000e-15   3.390000e-11   7.899000e-08   6.456000e-05   9.646000e-03   9.903000e-01
         7.9000   0.000000e+00   0.000000e+00   0.000000e+00   0.000000e+00   0.000000e+00   0.000000e+00   2.402000e-19   2.995000e-15   1.842000e-11   4.938000e-08   4.639000e-05   8.243000e-03   9.917000e-01
         7.9500   0.000000e+00   0.000000e+00   0.000000e+00   0.000000e+00   0.000000e+00   0.000000e+00   9.984000e-20   1.433000e-15   1.010000e-11   3.115000e-08   3.362000e-05   7.078000e-03   9.929000e-01
         8.0000   0.000000e+00   0.000000e+00   0.000000e+00   0.000000e+00   0.000000e+00   0.000000e+00   4.194000e-20   6.923000e-16   5.590000e-12   1.982000e-08   2.457000e-05   6.104000e-03   9.939000e-01
         8.0500   0.000000e+00   0.000000e+00   0.000000e+00   0.000000e+00   0.000000e+00   0.000000e+00   1.780000e-20   3.375000e-16   3.119000e-12   1.270000e-08   1.809000e-05   5.285000e-03   9.947000e-01
         8.1000   0.000000e+00   0.000000e+00   0.000000e+00   0.000000e+00   0.000000e+00   0.000000e+00   0.000000e+00   1.659000e-16   1.754000e-12   8.200000e-09   1.340000e-05   4.591000e-03   9.954000e-01
         8.1500   0.000000e+00   0.000000e+00   0.000000e+00   0.000000e+00   0.000000e+00   0.000000e+00   0.000000e+00   8.223000e-17   9.932000e-13   5.329000e-09   9.996000e-06   4.001000e-03   9.960000e-01
         8.2000   0.000000e+00   0.000000e+00   0.000000e+00   0.000000e+00   0.000000e+00   0.000000e+00   0.000000e+00   4.105000e-17   5.662000e-13   3.484000e-09   7.495000e-06   3.497000e-03   9.965000e-01
         8.2500   0.000000e+00   0.000000e+00   0.000000e+00   0.000000e+00   0.000000e+00   0.000000e+00   0.000000e+00   2.063000e-17   3.247000e-13   2.290000e-09   5.647000e-06   3.063000e-03   9.969000e-01
         8.3000   0.000000e+00   0.000000e+00   0.000000e+00   0.000000e+00   0.000000e+00   0.000000e+00   0.000000e+00   1.043000e-17   1.872000e-13   1.512000e-09   4.274000e-06   2.689000e-03   9.973000e-01
         8.3500   0.000000e+00   0.000000e+00   0.000000e+00   0.000000e+00   0.000000e+00   0.000000e+00   0.000000e+00   5.303000e-18   1.085000e-13   1.003000e-09   3.247000e-06   2.365000e-03   9.976000e-01
         8.4000   0.000000e+00   0.000000e+00   0.000000e+00   0.000000e+00   0.000000e+00   0.000000e+00   0.000000e+00   2.710000e-18   6.314000e-14   6.681000e-10   2.475000e-06   2.083000e-03   9.979000e-01
         8.4500   0.000000e+00   0.000000e+00   0.000000e+00   0.000000e+00   0.000000e+00   0.000000e+00   0.000000e+00   1.392000e-18   3.690000e-14   4.466000e-10   1.893000e-06   1.837000e-03   9.982000e-01
         8.5000   0.000000e+00   0.000000e+00   0.000000e+00   0.000000e+00   0.000000e+00   0.000000e+00   0.000000e+00   7.176000e-19   2.165000e-14   2.995000e-10   1.452000e-06   1.622000e-03   9.984000e-01
         8.5500   0.000000e+00   0.000000e+00   0.000000e+00   0.000000e+00   0.000000e+00   0.000000e+00   0.000000e+00   3.716000e-19   1.275000e-14   2.015000e-10   1.116000e-06   1.434000e-03   9.986000e-01
         8.6000   0.000000e+00   0.000000e+00   0.000000e+00   0.000000e+00   0.000000e+00   0.000000e+00   0.000000e+00   1.931000e-19   7.529000e-15   1.359000e-10   8.603000e-07   1.269000e-03   9.987000e-01
         8.6500   0.000000e+00   0.000000e+00   0.000000e+00   0.000000e+00   0.000000e+00   0.000000e+00   0.000000e+00   1.007000e-19   4.461000e-15   9.193000e-11   6.645000e-07   1.124000e-03   9.989000e-01
         8.7000   0.000000e+00   0.000000e+00   0.000000e+00   0.000000e+00   0.000000e+00   0.000000e+00   0.000000e+00   5.269000e-20   2.651000e-15   6.232000e-11   5.143000e-07   9.956000e-04   9.990000e-01
         8.7500   0.000000e+00   0.000000e+00   0.000000e+00   0.000000e+00   0.000000e+00   0.000000e+00   0.000000e+00   2.766000e-20   1.579000e-15   4.235000e-11   3.987000e-07   8.828000e-04   9.991000e-01
         8.8000   0.000000e+00   0.000000e+00   0.000000e+00   0.000000e+00   0.000000e+00   0.000000e+00   0.000000e+00   1.456000e-20   9.432000e-16   2.884000e-11   3.097000e-07   7.833000e-04   9.992000e-01
         8.8500   0.000000e+00   0.000000e+00   0.000000e+00   0.000000e+00   0.000000e+00   0.000000e+00   0.000000e+00   0.000000e+00   5.647000e-16   1.968000e-11   2.409000e-07   6.953000e-04   9.993000e-01
         8.9000   0.000000e+00   0.000000e+00   0.000000e+00   0.000000e+00   0.000000e+00   0.000000e+00   0.000000e+00   0.000000e+00   3.389000e-16   1.346000e-11   1.877000e-07   6.175000e-04   9.994000e-01
         8.9500   0.000000e+00   0.000000e+00   0.000000e+00   0.000000e+00   0.000000e+00   0.000000e+00   0.000000e+00   0.000000e+00   2.038000e-16   9.218000e-12   1.464000e-07   5.487000e-04   9.995000e-01
         9.0000   0.000000e+00   0.000000e+00   0.000000e+00   0.000000e+00   0.000000e+00   0.000000e+00   0.000000e+00   0.000000e+00   1.228000e-16   6.324000e-12   1.144000e-07   4.877000e-04   9.995000e-01
