# CIE ionization fractions for Fe (Z=26)
# Source: CHIANTI v11.0.2 chianti.ioneq (Dere et al. 2009)
# T grid: 101 log-spaced points, 10^4.00 K -> 10^9.00 K
# Generated by pyathena/photchem/data/build_ioneq_tables.py
#
# log_T_K        x_Fe0          x_Fe1          x_Fe2          x_Fe3          x_Fe4          x_Fe5          x_Fe6          x_Fe7          x_Fe8          x_Fe9          x_Fe10         x_Fe11         x_Fe12         x_Fe13         x_Fe14         x_Fe15         x_Fe16         x_Fe17         x_Fe18         x_Fe19         x_Fe20         x_Fe21         x_Fe22         x_Fe23         x_Fe24         x_Fe25         x_Fe26       
         4.0000   3.257489e-70   7.667648e-53   1.804851e-35   4.248354e-18   1.000000e+00   0.000000e+00   0.000000e+00   0.000000e+00   0.000000e+00   0.000000e+00   0.000000e+00   0.000000e+00   0.000000e+00   0.000000e+00   0.000000e+00   0.000000e+00   0.000000e+00   0.000000e+00   0.000000e+00   0.000000e+00   0.000000e+00   0.000000e+00   0.000000e+00   0.000000e+00   0.000000e+00   0.000000e+00   0.000000e+00
         4.0500   1.383897e-87   3.257489e-70   7.667648e-53   1.804851e-35   4.248354e-18   1.000000e+00   0.000000e+00   0.000000e+00   0.000000e+00   0.000000e+00   0.000000e+00   0.000000e+00   0.000000e+00   0.000000e+00   0.000000e+00   0.000000e+00   0.000000e+00   0.000000e+00   0.000000e+00   0.000000e+00   0.000000e+00   0.000000e+00   0.000000e+00   0.000000e+00   0.000000e+00   0.000000e+00   0.000000e+00
         4.1000   1.383897e-87   3.257489e-70   7.667648e-53   1.804851e-35   4.248354e-18   1.000000e+00   0.000000e+00   0.000000e+00   0.000000e+00   0.000000e+00   0.000000e+00   0.000000e+00   0.000000e+00   0.000000e+00   0.000000e+00   0.000000e+00   0.000000e+00   0.000000e+00   0.000000e+00   0.000000e+00   0.000000e+00   0.000000e+00   0.000000e+00   0.000000e+00   0.000000e+00   0.000000e+00   0.000000e+00
         4.1500   1.383897e-87   3.257489e-70   7.667648e-53   1.804851e-35   4.248354e-18   1.000000e+00   0.000000e+00   0.000000e+00   0.000000e+00   0.000000e+00   0.000000e+00   0.000000e+00   0.000000e+00   0.000000e+00   0.000000e+00   0.000000e+00   0.000000e+00   0.000000e+00   0.000000e+00   0.000000e+00   0.000000e+00   0.000000e+00   0.000000e+00   0.000000e+00   0.000000e+00   0.000000e+00   0.000000e+00
         4.2000  5.879283e-105   1.383897e-87   3.257489e-70   7.667648e-53   1.804851e-35   4.248354e-18   1.000000e+00   0.000000e+00   0.000000e+00   0.000000e+00   0.000000e+00   0.000000e+00   0.000000e+00   0.000000e+00   0.000000e+00   0.000000e+00   0.000000e+00   0.000000e+00   0.000000e+00   0.000000e+00   0.000000e+00   0.000000e+00   0.000000e+00   0.000000e+00   0.000000e+00   0.000000e+00   0.000000e+00
         4.2500  5.879283e-105   1.383897e-87   3.257489e-70   7.667648e-53   1.804851e-35   4.248354e-18   1.000000e+00   0.000000e+00   0.000000e+00   0.000000e+00   0.000000e+00   0.000000e+00   0.000000e+00   0.000000e+00   0.000000e+00   0.000000e+00   0.000000e+00   0.000000e+00   0.000000e+00   0.000000e+00   0.000000e+00   0.000000e+00   0.000000e+00   0.000000e+00   0.000000e+00   0.000000e+00   0.000000e+00
         4.3000  2.497728e-122  5.879283e-105   1.383897e-87   3.257489e-70   7.667648e-53   1.804851e-35   4.248354e-18   1.000000e+00   4.248354e-18   0.000000e+00   0.000000e+00   0.000000e+00   0.000000e+00   0.000000e+00   0.000000e+00   0.000000e+00   0.000000e+00   0.000000e+00   0.000000e+00   0.000000e+00   0.000000e+00   0.000000e+00   0.000000e+00   0.000000e+00   0.000000e+00   0.000000e+00   0.000000e+00
         4.3500  2.497728e-122  5.879283e-105   1.383897e-87   3.257489e-70   7.667648e-53   1.804851e-35   4.248354e-18   1.000000e+00   2.552949e-34   0.000000e+00   0.000000e+00   0.000000e+00   0.000000e+00   0.000000e+00   0.000000e+00   0.000000e+00   0.000000e+00   0.000000e+00   0.000000e+00   0.000000e+00   0.000000e+00   0.000000e+00   0.000000e+00   0.000000e+00   0.000000e+00   0.000000e+00   0.000000e+00
         4.4000  2.497728e-122  5.879283e-105   1.383897e-87   3.257489e-70   7.667648e-53   1.804851e-35   4.248354e-18   1.000000e+00   1.431628e-30   0.000000e+00   0.000000e+00   0.000000e+00   0.000000e+00   0.000000e+00   0.000000e+00   0.000000e+00   0.000000e+00   0.000000e+00   0.000000e+00   0.000000e+00   0.000000e+00   0.000000e+00   0.000000e+00   0.000000e+00   0.000000e+00   0.000000e+00   0.000000e+00
         4.4500  2.497728e-122  5.879283e-105   1.383897e-87   3.257489e-70   7.667648e-53   1.804851e-35   4.248354e-18   1.000000e+00   3.192357e-27   0.000000e+00   0.000000e+00   0.000000e+00   0.000000e+00   0.000000e+00   0.000000e+00   0.000000e+00   0.000000e+00   0.000000e+00   0.000000e+00   0.000000e+00   0.000000e+00   0.000000e+00   0.000000e+00   0.000000e+00   0.000000e+00   0.000000e+00   0.000000e+00
         4.5000  2.497728e-122  5.879283e-105   1.383897e-87   3.257489e-70   7.667648e-53   1.804851e-35   4.248354e-18   1.000000e+00   3.130744e-24   0.000000e+00   0.000000e+00   0.000000e+00   0.000000e+00   0.000000e+00   0.000000e+00   0.000000e+00   0.000000e+00   0.000000e+00   0.000000e+00   0.000000e+00   0.000000e+00   0.000000e+00   0.000000e+00   0.000000e+00   0.000000e+00   0.000000e+00   0.000000e+00
         4.5500  2.496860e-122  5.877240e-105   1.383416e-87   3.256357e-70   7.664984e-53   1.804224e-35   4.246878e-18   9.996525e-01   1.476159e-21   3.474661e-04   0.000000e+00   0.000000e+00   0.000000e+00   0.000000e+00   0.000000e+00   0.000000e+00   0.000000e+00   0.000000e+00   0.000000e+00   0.000000e+00   0.000000e+00   0.000000e+00   0.000000e+00   0.000000e+00   0.000000e+00   0.000000e+00   0.000000e+00
         4.6000  1.243238e-138  2.926399e-121  6.888312e-104   1.621407e-86   3.816553e-69   8.983604e-52   2.114608e-34   4.977476e-17   1.804851e-35   4.248354e-18   1.000000e+00   4.248354e-18   1.804851e-35   7.667648e-53   3.257489e-70   1.383897e-87  5.879283e-105  2.497728e-122  1.061123e-139  4.508027e-157  1.915170e-174  8.136319e-192  3.456597e-209  1.468485e-226  6.238643e-244  2.650397e-261  1.125982e-278
         4.6500  9.067114e-141  2.134265e-123  5.023745e-106   1.182516e-88   2.783468e-71   6.551873e-54   1.542214e-36   3.630145e-19   1.804851e-35   4.248354e-18   1.000000e+00   7.240759e-34   3.076131e-51   1.306849e-68   5.551959e-86  2.358669e-103  1.002046e-120  4.257047e-138  1.808544e-155  7.683337e-173  3.264154e-190  1.386728e-207  5.891313e-225  2.502838e-242  1.063294e-259  4.517251e-277  1.919088e-294
         4.7000  1.113184e-142  2.620271e-125  6.167732e-108   1.451793e-90   3.417307e-73   8.043838e-56   1.893401e-38   4.456787e-21   1.804851e-35   4.248354e-18   1.000000e+00   2.960003e-30   3.389394e-64   1.439935e-81   6.117353e-99  2.598868e-116  1.104091e-133  4.690571e-151  1.992721e-168  8.465784e-186  3.596565e-203  1.527948e-220  6.491265e-238  2.757719e-255  1.171577e-272  4.977274e-290  2.114522e-307
         4.7500  2.178050e-144  5.126809e-127  1.206775e-109   2.840571e-92   6.686286e-75   1.573853e-57   3.704619e-40   8.720127e-23   1.804851e-35   4.248354e-18   1.000000e+00   4.961137e-27   2.769485e-57   2.308672e-90  9.808058e-108  4.166810e-125  1.770209e-142  7.520473e-160  3.194964e-177  1.357334e-194  5.766434e-212  2.449786e-229  1.040756e-246  4.421499e-264  1.878409e-281  7.980149e-299  3.390250e-316
         4.8000  6.469145e-146  1.522741e-128  3.584309e-111   8.436935e-94   1.985930e-76   4.674587e-59   1.100329e-41   2.590012e-24   1.804851e-35   4.248354e-18   1.000000e+00   3.757129e-24   4.130257e-51   1.288799e-80  1.300132e-112  5.523423e-130  2.346546e-147  9.968958e-165  4.235167e-182  1.799249e-199  7.643846e-217  3.247377e-234  1.379601e-251  5.861032e-269  2.489974e-286  1.057829e-303  4.495997e-321
         4.8500  2.792687e-147  6.573574e-130  1.547322e-112   3.642169e-95   8.573129e-78   2.017988e-60   4.750047e-43   1.118091e-25   1.804851e-35   4.248354e-18   1.000000e+00   1.401735e-21   1.351810e-45   6.533028e-72  1.804196e-100  2.893786e-133  1.229383e-150  5.222854e-168  2.218853e-185  9.426475e-203  4.004701e-220  1.701339e-237  7.227889e-255  3.070663e-272  1.304527e-289  5.542091e-307   0.000000e+00
         4.9000  1.685112e-148  3.966505e-131  9.336568e-114   2.197690e-96   5.173040e-79   1.217657e-61   2.866186e-44   6.746579e-27   1.804851e-35   4.248354e-18   1.000000e+00   2.781605e-19   1.143101e-40   3.891087e-64   1.257880e-89  7.052206e-119  3.784838e-150  1.607933e-167  6.831070e-185  2.902081e-202  1.232907e-219  5.237824e-237  2.225213e-254  9.453494e-272  4.016179e-289  1.706215e-306  4.940656e-324
         4.9500  1.372203e-149  3.229963e-132  7.602857e-115   1.789601e-97   4.212456e-80   9.915501e-63   2.333963e-45   5.493805e-28   1.804851e-35   4.248354e-18   1.000000e+00   3.141408e-17   2.884424e-36   3.420839e-57   6.071065e-80  4.845532e-106  7.020649e-134  2.982621e-151  1.267123e-168  5.383187e-186  2.286969e-203  9.715852e-221  4.127638e-238  1.753567e-255  7.449774e-273  3.164928e-290  1.344573e-307
         5.0000  1.461464e-150  3.440071e-133  8.097421e-116   1.906014e-98   4.486475e-81   1.056050e-63   2.485787e-46   5.851175e-29   1.804851e-35   4.248354e-18   1.000000e+00   2.142906e-15   2.466404e-32   5.433702e-51   2.694673e-71   1.379415e-94  2.318660e-119  9.850491e-137  4.184838e-154  1.777867e-171  7.553010e-189  3.208786e-206  1.363206e-223  5.791382e-241  2.460384e-258  1.045258e-275  4.440628e-293
         5.0500  1.980475e-151  4.661747e-134  1.097306e-116   2.582898e-99   6.079761e-82   1.431086e-64   3.368566e-47   7.929108e-30   1.804851e-35   4.248354e-18   1.000000e+00   9.304483e-14   7.998471e-29   1.866620e-45   1.415951e-63   2.295404e-84  2.108775e-106  8.958822e-124  3.806025e-141  1.616934e-158  6.869310e-176  2.918326e-193  1.239808e-210  5.267145e-228  2.237670e-245  9.506414e-263  4.038661e-280
         5.1000  3.334004e-152  7.847755e-135  1.847246e-117  4.348145e-100   1.023489e-82   2.409143e-65   5.670767e-48   1.334815e-30   1.804851e-35   4.248354e-18   1.000000e+00   2.693823e-12   1.087823e-25   1.629112e-40   1.104161e-56   3.038312e-75   7.800860e-95  3.314082e-112  1.407939e-129  5.981425e-147  2.541121e-164  1.079558e-181  4.586346e-199  1.948442e-216  8.277674e-234  3.516649e-251  1.493997e-268
         5.1500  6.828828e-153  1.607405e-135  3.783596e-118  8.906027e-101   2.096347e-83   4.934493e-66   1.161507e-48   2.734016e-31   1.804851e-35   4.248354e-18   1.000000e+00   5.421989e-11   6.794650e-23   4.177694e-36   1.566447e-50   4.217655e-67   1.664747e-84  7.072436e-102  3.004621e-119  1.276470e-136  5.422895e-154  2.303838e-171  9.787519e-189  4.158085e-206  1.766502e-223  7.504725e-241  3.188273e-258
         5.2000  1.670538e-153  3.932201e-136  9.255821e-119  2.178684e-101   5.128301e-84   1.207126e-66   2.841398e-49   6.688232e-32   1.804851e-35   4.248354e-18   1.000000e+00   7.881405e-10   2.117701e-20   3.592989e-32   4.863180e-45   7.873998e-60   2.805023e-75   1.191673e-92  5.062650e-110  2.150793e-127  9.137330e-145  3.881862e-162  1.649152e-179  7.006183e-197  2.976475e-214  1.264512e-231  5.372095e-249
         5.2500  4.796845e-154  1.129107e-136  2.657751e-119  6.255953e-102   1.472559e-84   3.466187e-67   8.158894e-50   1.920484e-32   1.804851e-35   4.248354e-18   1.000000e+00   8.570087e-09   3.554298e-18   1.169289e-28   3.908322e-40   2.473562e-53   4.947879e-67   2.102034e-84  8.930187e-102  3.793860e-119  1.611766e-136  6.847353e-154  2.908998e-171  1.235845e-188  5.250309e-206  2.230517e-223  9.476028e-241
         5.3000  1.589421e-154  3.741263e-137  8.806382e-120  2.072893e-102   4.879284e-85   1.148512e-67   2.703427e-50   6.363469e-33   1.804851e-35   4.248354e-18   9.999999e-01   7.202137e-08   3.445111e-16   1.607155e-25   9.469512e-36   1.599609e-47   1.177095e-59   2.486921e-91  8.067569e-126  3.427389e-143  1.456076e-160  6.185928e-178  2.628001e-195  1.116468e-212  4.743152e-230  2.015059e-247  8.560685e-265
         5.3500  5.974548e-155  1.406321e-137  3.310271e-120  7.791891e-103   1.834096e-85   4.317193e-68   1.016204e-50   2.391993e-33   1.804851e-35   4.248352e-18   9.999995e-01   4.820179e-07   2.055211e-14   1.030472e-22   7.937414e-32   2.551235e-42   4.738147e-53   3.303764e-81  6.504908e-112  1.161542e-145  4.934643e-163  2.096411e-180  8.906297e-198  3.783710e-215  1.607454e-232  6.829035e-250  2.901216e-267
         5.4000  2.505444e-155  5.897445e-138  1.388172e-120  3.267552e-103   7.691335e-86   1.810427e-68   4.261478e-51   1.003089e-33   1.804847e-35   4.248343e-18   9.999974e-01   2.640170e-06   7.991013e-13   3.369599e-20   2.603566e-28   1.179006e-37   3.950282e-47   3.798113e-72   1.771581e-99  1.422112e-129  2.942624e-162  2.370215e-197  1.006951e-214  4.277886e-232  1.817398e-249  7.720949e-267  3.280132e-284
         5.4500  1.153746e-155  2.715749e-138  6.392472e-121  1.504694e-103   3.541827e-86   8.336940e-69   1.962393e-51   4.619183e-34   1.804829e-35   4.248303e-18   9.999879e-01   1.212759e-05   2.131108e-11   6.083057e-18   3.729058e-25   1.821375e-33   8.163011e-42   4.965303e-64   2.369563e-88  3.470726e-115  2.356663e-144  1.048495e-175  1.603006e-209  6.810137e-227  2.893187e-244  1.229128e-261  5.221773e-279
         5.5000  5.751359e-156  1.353785e-138  3.186611e-121  7.500812e-104   1.765581e-86   4.155917e-69   9.782416e-52   2.302637e-34   1.804765e-35   4.248151e-18   9.999523e-01   4.773852e-05   4.077908e-10   6.502691e-16   2.569585e-22   1.067248e-29   4.901043e-37   9.411203e-57   2.173756e-78  2.601055e-102  2.437155e-128  2.373307e-156  1.312147e-186  2.184067e-219  4.728495e-253  2.008832e-270  8.534231e-288
         5.5500  3.065126e-156  7.214854e-139  1.698270e-121  3.997478e-104   9.409475e-87   2.214852e-69   5.213435e-52   1.227166e-34   1.804555e-35   4.247657e-18   9.998359e-01   1.641053e-04   5.824667e-09   4.377732e-14   9.277458e-20   2.651343e-26   9.837110e-33   3.209550e-50   1.842425e-69   8.800116e-91  5.257808e-114  4.913259e-139  4.093762e-166  1.917531e-195  1.617175e-225  6.870332e-243  2.918760e-260
         5.6000  1.727931e-156  4.067295e-139  9.573814e-122  2.253535e-104   5.304489e-87   1.248598e-69   2.939017e-52   6.918013e-35   1.803947e-35   4.246226e-18   9.994991e-01   5.007863e-04   6.428528e-08   1.959056e-12   1.891706e-17   3.079971e-23   7.468876e-29   2.385495e-44   1.881405e-61   1.894806e-80  3.629152e-101  1.561860e-123  8.996470e-148  5.087724e-174  6.881071e-201  2.923323e-218  1.241931e-235
         5.6500  1.021140e-156  2.403613e-139  5.657750e-122  1.331751e-104   3.134746e-87   7.378730e-70   1.736844e-52   4.088276e-35   1.802367e-35   4.242507e-18   9.986236e-01   1.375829e-03   5.649490e-07   6.109263e-11   2.326279e-15   1.823456e-20   2.391062e-25   4.578188e-39   2.929749e-54   3.523115e-71   1.172593e-89  1.209352e-109  2.406661e-131  7.735102e-155  7.607026e-179  3.231734e-196  1.372955e-213
         5.7000  6.276665e-157  1.477434e-139  3.477663e-122  8.185906e-105   1.926842e-87   4.535502e-70   1.067590e-52   2.512950e-35   1.798629e-35   4.233708e-18   9.965524e-01   3.443505e-03   4.057220e-06   1.383280e-09   1.827080e-13   5.933326e-18   3.548760e-22   2.633716e-34   8.565502e-48   7.410829e-63   2.484863e-79   3.434923e-97  1.273873e-116  1.189513e-137  4.203494e-159  1.785793e-176  7.586682e-194
         5.7500  3.984396e-157  9.378681e-140  2.207603e-122  5.196373e-105   1.223150e-87   2.879114e-70   6.777011e-53   1.595208e-35   1.790499e-35   4.214572e-18   9.920481e-01   7.927553e-03   2.434166e-05   2.356065e-08   9.632594e-12   1.133395e-15   2.651030e-19   5.171929e-30   5.639772e-42   2.236036e-55   4.648618e-70   5.136994e-86  2.049726e-103  3.058971e-122  2.072520e-141  8.804797e-159  3.740590e-176
         5.8000  2.593753e-157  6.105312e-140  1.437100e-122  3.382723e-105   7.962431e-88   1.874239e-70   4.411682e-53   1.038445e-35   1.774107e-35   4.175987e-18   9.829659e-01   1.690955e-02   1.242498e-04   3.110690e-07   3.557413e-10   1.345623e-13   1.069253e-16   3.876582e-26   9.787104e-37   1.189947e-48   9.954063e-62   5.553025e-76   1.462046e-91  2.047557e-108  1.519574e-125  6.455687e-143  2.742604e-160
         5.8500  1.718308e-157  4.044644e-140  9.520497e-123  2.240985e-105   5.274948e-88   1.241645e-70   2.922649e-53   6.879486e-36   1.743266e-35   4.103391e-18   9.658778e-01   3.357156e-02   5.473533e-04   3.263141e-06   9.538110e-09   1.042408e-11   2.468565e-14   1.218497e-22   5.117546e-32   1.334179e-42   3.054123e-54   5.713819e-67   6.423365e-81   5.252396e-96  2.592678e-111  1.101462e-128  4.679399e-146
         5.9000  1.147933e-157  2.702065e-140  6.360262e-123  1.497112e-105   3.523981e-88   8.294932e-71   1.952505e-53   4.595909e-36   1.688882e-35   3.975379e-18   9.357457e-01   6.212461e-02   2.101781e-03   2.772245e-05   1.910986e-07   5.485330e-10   3.418330e-12   1.735140e-19   9.016898e-28   3.663997e-37   1.626854e-47   7.090991e-59   2.309769e-71   7.224003e-85   1.520558e-98  6.459871e-116  2.744382e-133
         5.9500  7.643538e-158  1.799176e-140  4.234996e-123  9.968556e-106   2.346451e-88   5.523200e-71   1.300080e-53   3.060197e-36   1.598848e-35   3.763454e-18   8.858615e-01   1.068728e-01   7.069500e-03   1.932404e-04   2.923266e-06   2.023528e-08   2.941404e-10   1.190556e-16   5.867881e-24   2.794881e-32   1.769332e-41   1.298483e-51   8.674814e-63   7.116582e-75   4.298135e-87  1.826000e-104  7.757495e-122
         6.0000  4.992969e-158  1.175271e-140  2.766416e-123  6.511735e-106   1.532766e-88   3.607906e-71   8.492480e-54   1.999005e-36   1.459217e-35   3.434782e-18   8.084972e-01   1.695550e-01   2.080104e-02   1.111619e-03   3.459709e-05   5.348706e-07   1.612410e-08   4.129663e-14   1.519158e-20   6.570014e-28   4.501249e-36   4.161638e-45   4.190094e-55   6.440504e-66   7.841461e-77   3.331330e-94  1.415267e-111
         6.0500  3.129379e-158  7.366098e-141  1.733871e-123  4.081277e-106   9.606724e-89   2.261281e-71   5.322723e-54   1.252891e-36   1.258162e-35   2.961528e-18   6.971002e-01   2.442822e-01   5.302902e-02   5.259997e-03   3.178031e-04   1.023681e-05   5.719554e-07   7.512133e-12   1.661173e-17   5.184292e-24   3.001630e-31   2.697086e-39   3.108539e-48   6.630726e-58   1.188203e-67   5.047906e-85  2.144529e-102
         6.1000  1.823553e-158  4.292376e-141  1.010362e-123  2.378243e-106   5.598034e-89   1.317695e-71   3.101659e-54   7.300849e-37   9.947272e-36   2.341441e-18   5.511408e-01   3.115281e-01   1.147606e-01   2.017099e-02   2.244939e-03   1.413928e-04   1.321596e-05   7.359538e-10   8.043130e-15   1.471909e-20   5.766823e-27   3.990747e-34   4.118542e-42   9.325468e-51   1.858317e-59   7.894788e-77   3.353986e-94
         6.1500  9.461830e-159  2.227175e-141  5.242443e-124  1.233994e-106   2.904640e-89   6.837094e-72   1.609351e-54   3.788175e-37   6.916237e-36   1.627980e-18   3.832026e-01   3.385232e-01   2.038670e-01   6.091745e-02   1.190865e-02   1.382958e-03   1.981505e-04   3.944115e-08   1.784512e-12   1.586569e-17   3.444110e-23   1.489495e-29   1.105049e-36   2.090515e-44   3.608732e-52   1.560755e-85  8.748345e-121
         6.2000  4.139511e-159  9.743800e-142  2.293547e-124  5.398671e-107   1.270768e-89   2.991200e-72   7.040844e-55   1.657311e-37   4.009371e-36   9.437469e-19   2.221441e-01   2.981430e-01   2.838952e-01   1.389624e-01   4.569362e-02   9.262719e-03   1.897790e-03   1.160416e-06   1.852642e-10   6.746294e-15   6.777279e-20   1.517862e-25   6.650382e-32   8.485072e-39   1.015700e-45   1.345952e-75  3.396261e-107
         6.2500  1.441220e-159  3.392418e-142  7.985253e-125  1.879611e-107   4.424327e-90   1.041421e-72   2.451353e-55   5.770123e-38   1.830870e-36   4.309598e-19   1.014416e-01   2.016443e-01   2.946596e-01   2.285347e-01   1.215008e-01   4.084124e-02   1.135910e-02   1.868587e-05   9.122482e-09   1.165631e-12   4.607707e-17   4.511849e-22   9.787720e-28   6.951703e-34   4.732654e-40   8.153953e-67   3.762456e-95
         6.3000  3.854074e-160  9.071922e-143  2.135397e-125  5.026409e-108   1.183143e-90   2.784944e-73   6.555347e-56   1.543032e-38   6.362019e-37   1.497525e-19   3.524954e-02   1.014262e-01   2.214331e-01   2.641087e-01   2.189663e-01   1.163299e-01   4.231892e-02   1.670044e-04   2.195673e-07   8.564953e-11   1.151308e-14   4.231735e-19   3.879602e-24   1.291148e-29   4.189682e-35   4.371899e-59   1.652855e-84
         6.3500  8.122983e-161  1.912031e-143  4.500638e-126  1.059384e-108   2.493634e-91   5.869646e-74   1.381628e-56   3.252149e-39   1.727468e-37   4.066205e-20   9.571247e-03   3.904859e-02   1.243317e-01   2.219953e-01   2.776820e-01   2.230463e-01   1.034342e-01   8.878692e-04   2.812242e-06   2.957984e-09   1.186140e-12   1.426652e-16   4.793533e-21   6.402142e-26   8.460227e-31   2.706621e-52   4.099509e-75
         6.4000  1.470005e-161  3.460174e-144  8.144741e-127  1.917152e-109   4.512693e-92   1.062222e-74   2.500313e-57   5.885368e-40   3.995607e-38   9.405071e-21   2.213815e-03   1.256857e-02   5.710868e-02   1.489860e-01   2.728067e-01   3.182444e-01   1.848729e-01   3.176922e-03   2.201315e-05   5.595986e-08   5.955982e-11   2.072611e-14   2.244979e-18   1.046576e-22   4.895558e-27   2.617655e-46   8.395695e-67
         6.4500  2.503171e-162  5.892096e-145  1.386913e-127  3.264588e-110   7.684359e-93   1.808785e-75   4.257613e-58   1.002179e-40   8.632045e-39   2.031856e-21   4.782690e-04   3.714910e-03   2.361935e-02   8.807772e-02   2.297056e-01   3.755246e-01   2.700946e-01   8.663383e-03   1.209030e-04   6.752564e-07   1.720118e-09   1.551536e-12   4.826949e-16   6.927813e-20   1.012458e-23   5.269119e-41   2.027525e-59
         6.5000  4.258394e-163  1.002363e-145  2.359415e-128  5.553715e-111   1.307263e-93   3.077104e-76   7.243049e-59   1.704907e-41   1.850222e-39   4.355150e-22   1.025138e-04   1.072719e-03   9.375068e-03   4.898912e-02   1.775161e-01   3.943190e-01   3.484391e-01   1.966527e-02   5.152092e-04   5.822805e-06   3.241880e-08   6.875154e-11   5.538331e-14   2.186352e-17   8.932108e-21   2.794536e-36   7.775559e-53
         6.5500  7.441549e-164  1.751631e-146  4.123081e-129  9.705126e-112   2.284444e-94   5.377244e-77   1.265724e-59   2.979328e-42   4.047361e-40   9.526891e-23   2.242490e-05   3.117147e-04   3.684600e-03   2.649799e-02   1.304733e-01   3.836307e-01   4.143782e-01   3.914798e-02   1.813996e-03   3.866478e-05   4.347288e-07   1.989162e-09   3.781445e-12   3.712429e-15   3.840021e-18   4.701157e-32   6.023855e-47
         6.6000  1.345174e-164  3.166341e-147  7.453100e-130  1.754350e-112   4.129481e-95   9.720191e-78   2.287990e-60   5.385591e-43   9.102293e-41   2.142546e-23   5.043237e-06   9.193724e-05   1.448362e-03   1.410192e-02   9.250076e-02   3.522703e-01   4.636155e-01   7.027871e-02   5.475756e-03   2.072839e-04   4.395524e-06   4.025105e-08   1.662536e-10   3.711248e-13   8.898873e-16   2.907639e-28   1.147762e-41
         6.6500  2.502331e-165  5.890119e-148  1.386447e-130  3.263493e-113   7.681781e-96   1.808178e-78   4.256185e-61   1.001843e-43   2.094375e-41   4.929851e-24   1.160414e-06   2.741988e-05   5.680354e-04   7.376858e-03   6.333919e-02   3.069020e-01   4.911457e-01   1.152202e-01   1.446038e-02   9.236549e-04   3.482801e-05   5.978633e-07   4.986630e-09   2.338311e-11   1.201573e-13   7.450693e-25   6.332307e-37
         6.7000  4.729495e-166  1.113253e-148  2.620434e-131  6.168116e-114   1.451884e-96   3.417520e-79   8.044339e-62   1.893519e-44   4.869247e-42   1.146149e-24   2.697866e-07   8.175130e-06   2.199915e-04   3.759091e-03   4.160142e-02   2.527755e-01   4.913199e-01   1.729155e-01   3.369538e-02   3.476363e-03   2.215880e-04   6.737646e-06   1.063863e-07   9.773924e-10   1.003633e-11   8.715335e-22   1.158951e-32
         6.7500  8.916918e-167  2.098911e-149  4.940527e-132  1.162927e-114   2.737360e-97   6.443341e-80   1.516668e-62   3.570012e-45   1.123351e-42   2.644202e-25   6.224061e-08   2.395071e-06   8.278729e-05   1.838316e-03   2.586977e-02   1.948097e-01   4.596059e-01   2.362176e-01   6.925071e-02   1.111560e-02   1.146746e-03   5.880681e-05   1.660887e-06   2.812571e-08   5.422504e-10   5.029765e-19   7.874296e-29
         6.8000  1.638958e-167  3.857866e-150  9.080847e-133  2.137498e-115   5.031355e-98   1.184307e-80   2.787684e-63   6.561797e-46   2.513892e-43   5.917332e-26   1.392853e-08   6.745746e-07   2.964520e-05   8.457723e-04   1.495691e-02   1.382598e-01   3.958137e-01   2.901829e-01   1.245346e-01   3.011175e-02   4.842890e-03   4.014694e-04   1.929739e-05   5.710437e-07   1.955246e-08   1.521737e-16   2.176781e-25
         6.8500  2.860009e-168  6.732040e-151  1.584623e-133  3.729969e-116   8.779797e-99   2.066635e-81   4.864554e-64   1.145044e-46   5.315603e-44   1.251215e-26   2.945175e-09   1.780567e-07   9.855578e-06   3.575265e-04   7.863955e-03   8.853750e-02   3.075379e-01   3.150428e-01   1.932612e-01   6.845096e-02   1.661494e-02   2.146287e-03   1.680875e-04   8.295801e-06   4.799594e-07   2.527235e-14   2.635455e-22
         6.9000  4.607627e-169  1.084568e-151  2.552912e-134  6.009180e-117   1.414472e-99   3.329459e-82   7.837057e-65   1.844728e-47   1.032991e-44   2.431510e-27   5.723416e-10   4.287189e-08   2.963190e-06   1.353885e-04   3.670828e-03   5.001076e-02   2.107661e-01   2.962332e-01   2.543766e-01   1.287971e-01   4.587024e-02   8.943507e-03   1.098350e-03   8.679029e-05   8.112911e-06   2.385178e-12   1.482785e-19
         6.9500  6.676734e-170  1.571605e-152  3.699326e-135  8.707669e-118  2.049657e-100   4.824591e-83   1.135638e-65   2.673124e-48   1.797808e-45   4.231776e-28   9.960977e-11   9.181619e-09   7.862270e-07   4.485267e-05   1.487391e-03   2.438774e-02   1.246981e-01   2.365925e-01   2.791759e-01   1.977884e-01   1.008386e-01   2.886076e-02   5.373999e-03   6.558703e-04   9.511330e-05   1.315319e-10   4.074486e-17
         7.0000  8.524413e-171  2.006521e-153  4.723055e-136  1.111738e-118  2.616867e-101   6.159718e-84   1.449907e-66   3.412867e-49   2.745528e-46   6.462569e-29   1.521193e-11   1.714719e-09   1.806063e-07   1.276255e-05   5.141207e-04   1.009818e-02   6.263758e-02   1.581154e-01   2.521945e-01   2.453232e-01   1.752076e-01   7.183698e-02   1.968589e-02   3.594412e-03   7.791429e-04   4.348241e-09   5.720862e-15
         7.0500  9.462372e-172  2.227303e-154  5.242743e-137  1.234064e-119  2.904806e-102   6.837485e-85   1.609443e-67   3.788392e-50   3.631298e-47   8.547541e-30   2.011965e-12   2.757738e-10   3.549303e-08   3.084306e-06   1.500317e-04   3.516016e-03   2.645113e-02   8.768195e-02   1.862771e-01   2.446491e-01   2.401176e-01   1.380396e-01   5.421438e-02   1.439378e-02   4.506094e-03   8.848551e-08   4.288523e-13
         7.1000  9.070796e-173  2.135132e-155  5.025785e-138  1.182996e-120  2.784598e-103   6.554533e-86   1.542841e-68   3.631619e-51   4.132585e-48   9.727496e-31   2.289709e-13   3.796601e-11   5.935028e-09   6.300414e-07   3.681452e-05   1.025772e-03   9.355662e-03   4.024847e-02   1.123913e-01   1.963261e-01   2.603300e-01   2.058861e-01   1.131693e-01   4.258222e-02   1.864648e-02   1.139534e-06   1.792113e-11
         7.1500  7.511091e-174  1.768000e-156  4.161612e-139  9.795821e-122  2.305792e-104   5.427494e-87   1.277552e-69   3.007170e-52   4.048586e-49   9.529775e-32   2.243169e-14   4.478420e-12   8.456875e-10   1.090102e-07   7.616291e-06   2.515280e-04   2.779646e-03   1.535464e-02   5.568767e-02   1.276473e-01   2.252222e-01   2.409247e-01   1.814156e-01   9.451019e-02   5.618923e-02   9.573199e-06   4.363252e-10
         7.2000  5.446293e-175  1.281977e-157  3.017585e-140  7.102951e-123  1.671930e-105   3.935477e-88   9.263533e-71   2.180499e-53   3.462020e-50   8.149085e-33   1.918175e-15   4.591546e-13   1.042164e-10   1.622261e-08   1.349783e-06   5.268746e-05   7.049444e-04   4.951925e-03   2.307362e-02   6.856415e-02   1.587868e-01   2.262925e-01   2.289400e-01   1.616436e-01   1.269338e-01   5.462951e-05   6.524503e-09
         7.2500  3.574860e-176  8.414694e-159  1.980695e-141  4.662264e-124  1.097428e-106   2.583184e-89   6.080436e-72   1.431245e-54   2.671863e-51   6.289172e-34   1.480378e-16   4.232433e-14   1.149460e-11   2.150026e-09   2.122761e-07   9.769111e-06   1.580978e-04   1.399874e-03   8.297833e-03   3.161538e-02   9.492582e-02   1.777906e-01   2.374299e-01   2.227915e-01   2.253567e-01   2.242923e-04   6.416646e-08
         7.3000  2.224164e-177  5.235354e-160  1.232325e-142  2.900712e-125  6.827848e-108   1.607175e-90   3.783053e-73   8.904749e-56   1.949123e-52   4.587949e-35   1.079935e-17   3.675073e-15   1.189370e-12   2.661183e-10   3.107959e-08   1.682495e-06   3.289597e-05   3.642229e-04   2.721870e-03   1.316491e-02   5.067991e-02   1.232218e-01   2.137333e-01   2.617958e-01   3.335737e-01   7.094875e-04   4.487972e-07
         7.3500  1.369780e-178  3.224260e-161  7.589432e-144  1.786441e-126  4.205018e-109   9.897992e-92   2.329842e-74   5.484104e-57   1.403855e-53   3.304467e-36   7.778228e-19   3.140920e-16   1.206836e-13   3.216964e-11   4.431783e-09   2.816358e-07   6.643729e-06   9.131141e-05   8.532555e-04   5.191612e-03   2.536693e-02   7.917839e-02   1.757678e-01   2.764623e-01   4.352353e-01   1.843802e-03   2.401239e-06
         7.4000  8.611143e-180  2.026936e-162  4.771109e-145  1.123049e-127  2.643491e-110   6.222389e-93   1.464659e-75   3.447591e-58   1.029676e-54   2.423707e-37   5.705048e-20   2.726099e-17   1.239444e-14   3.921687e-12   6.357214e-10   4.733661e-08   1.345248e-06   2.279890e-05   2.643979e-04   2.007060e-03   1.233365e-02   4.892362e-02   1.371362e-01   2.728967e-01   5.222643e-01   4.139396e-03   1.041423e-05
         7.4500  5.622305e-181  1.323408e-163  3.115107e-146  7.332502e-129  1.725963e-111   4.062663e-94   9.562909e-77   2.250968e-59   7.826690e-56   1.842287e-38   4.336473e-21   2.445979e-18   1.311996e-15   4.911317e-13   9.347784e-11   8.141921e-09   2.782907e-07   5.780652e-06   8.262794e-05   7.766606e-04   5.952593e-03   2.973135e-02   1.039521e-01   2.582421e-01   5.929009e-01   8.317440e-03   3.819285e-05
         7.5000  3.840353e-182  9.039624e-165  2.127794e-147  5.008515e-130  1.178931e-112   2.775029e-95   6.532009e-78   1.537539e-60   6.211490e-57   1.462093e-39   3.441552e-22   2.286390e-19   1.442989e-16   6.371893e-14   1.421227e-11   1.445798e-09   5.933090e-08   1.502217e-06   2.630031e-05   3.040029e-04   2.884037e-03   1.798597e-02   7.757570e-02   2.377417e-01   6.480385e-01   1.532019e-02   1.220505e-04
         7.5500  2.746714e-183  6.465360e-166  1.521851e-148  3.582212e-131  8.431999e-114   1.984768e-96   4.671852e-79   1.099685e-61   5.152460e-58   1.212813e-40   2.854784e-23   2.229482e-20   1.651632e-17   8.580614e-15   2.239059e-12   2.656686e-10   1.306506e-08   4.012026e-07   8.554178e-06   1.208319e-04   1.409140e-03   1.088859e-02   5.735920e-02   2.145961e-01   6.889840e-01   2.628601e-02   3.472307e-04
         7.6000  2.051125e-184  4.828046e-167  1.136451e-149  2.675038e-132  6.296645e-115   1.482137e-97   3.488733e-80   8.211964e-63   4.455124e-59   1.048671e-41   2.468416e-24   2.262235e-21   1.963015e-18   1.197057e-15   3.648987e-13   5.043647e-11   2.966768e-09   1.099934e-07   2.841156e-06   4.876422e-05   6.946964e-04   6.604577e-03   4.211470e-02   1.906007e-01   7.165736e-01   4.246669e-02   8.932758e-04
         7.6500  1.591289e-185  3.745661e-168  8.816734e-151  2.075329e-133  4.885019e-116   1.149862e-98   2.706605e-81   6.370949e-64   3.996167e-60   9.406387e-43   2.214125e-25   2.377685e-22   2.412142e-19   1.722993e-16   6.127605e-14   9.855668e-12   6.920655e-10   3.085176e-08   9.608443e-07   1.993435e-05   3.449364e-04   4.008973e-03   3.069859e-02   1.667442e-01   7.310129e-01   6.506752e-02   2.101979e-03
         7.7000  1.274836e-186  3.000777e-169  7.063386e-152  1.662617e-134  3.913555e-117  9.211933e-100   2.168353e-82   5.103984e-65   3.696593e-61   8.701236e-44   2.048143e-26   2.573777e-23   3.047658e-20   2.545341e-17   1.054911e-14   1.972486e-12   1.650243e-10   8.812999e-09   3.295047e-07   8.224335e-06   1.719621e-04   2.428992e-03   2.217877e-02   1.436038e-01   7.320449e-01   9.500003e-02   4.562967e-03
         7.7500  1.047786e-187  2.466334e-170  5.805386e-153  1.366502e-135  3.216545e-118  7.571273e-101   1.782166e-83   4.194957e-66   3.503970e-62   8.247830e-45   1.941418e-27   2.851600e-24   3.935530e-21   3.836980e-18   1.851403e-15   4.020986e-13   4.000332e-11   2.550762e-09   1.140431e-07   3.409870e-06   8.574905e-05   1.464204e-03   1.584260e-02   1.215736e-01   7.192733e-01   1.325611e-01   9.195949e-03
         7.8000  8.776971e-189  2.065970e-171  4.862988e-154  1.144676e-136  2.694398e-119  6.342216e-102   1.492864e-84   3.513983e-67   3.381568e-63   7.959714e-46   1.873599e-28   3.213455e-25   5.162502e-22   5.867449e-19   3.293373e-16   8.302021e-14   9.802781e-12   7.440900e-10   3.964112e-08   1.414369e-06   4.259660e-05   8.750152e-04   1.115744e-02   1.009788e-01   6.925628e-01   1.770941e-01   1.728779e-02
         7.8500  7.446191e-190  1.752724e-172  4.125653e-155  9.711180e-138  2.285869e-120  5.380598e-103   1.266514e-85   2.981186e-68   3.302108e-64   7.772677e-47   1.829574e-29   3.660993e-26   6.838929e-23   9.050171e-20   5.905014e-17   1.726620e-14   2.415239e-12   2.176611e-10   1.377322e-08   5.843646e-07   2.099715e-05   5.165983e-04   7.725535e-03   8.211960e-02   6.524497e-01   2.267391e-01   3.042785e-02
         7.9000  6.361581e-191  1.497423e-173  3.524712e-156  8.296653e-139  1.952910e-121  4.596862e-104   1.082034e-86   2.546948e-69   3.244537e-65   7.637162e-48   1.797675e-30   4.193683e-27   9.100832e-24   1.400810e-20   1.061835e-17   3.599380e-15   5.954089e-13   6.355493e-11   4.763134e-09   2.395578e-07   1.023441e-05   3.003810e-04   5.246099e-03   6.526685e-02   6.004664e-01   2.784144e-01   5.029535e-02
         7.9500  5.446991e-192  1.282141e-174  3.017972e-157  7.103862e-140  1.672144e-122  3.935982e-105   9.264721e-88   2.180779e-70   3.192761e-66   7.515289e-49   1.768988e-31   4.808122e-28   1.211192e-24   2.166491e-21   1.906921e-18   7.490264e-16   1.462754e-13   1.845458e-11   1.633887e-09   9.713778e-08   4.919092e-06   1.716110e-04   3.487304e-03   5.063069e-02   5.392578e-01   3.281429e-01   7.830463e-02
         8.0000  4.657343e-193  1.096270e-175  2.580458e-158  6.074017e-141  1.429734e-123  3.365384e-106   7.921617e-89   1.864632e-71   3.135471e-67   7.380436e-50   1.737246e-32   5.498603e-29   1.606765e-25   3.337476e-22   3.409699e-19   1.551340e-16   3.570836e-14   5.314887e-12   5.546171e-10   3.887936e-08   2.327403e-06   9.619957e-05   2.267222e-03   3.831999e-02   4.723941e-01   3.717223e-01   1.151978e-01
         8.0500  3.967490e-194  9.338886e-177  2.198236e-159  5.174324e-142  1.217960e-124  2.866898e-107   6.748255e-90   1.588440e-72   3.066233e-68   7.217462e-51   1.698884e-33   6.259056e-30   2.120467e-26   5.111511e-23   6.059383e-20   3.192345e-17   8.647822e-15   1.516046e-12   1.860850e-10   1.534719e-08   1.083381e-06   5.290065e-05   1.441891e-03   2.831320e-02   4.038859e-01   4.055637e-01   1.607413e-01
         8.1000  3.364090e-195  7.918572e-178  1.863915e-160  4.387382e-143  1.032725e-125  2.430882e-108   5.721939e-91   1.346860e-73   2.983223e-69   7.022069e-52   1.652891e-34   7.085845e-31   2.781902e-27   7.778397e-24   1.069649e-20   6.523866e-18   2.076953e-15   4.282453e-13   6.171815e-11   5.976754e-09   4.964591e-07   2.856364e-05   8.981872e-04   2.045592e-02   3.375452e-01   4.274021e-01   2.136695e-01
         8.1500  2.839636e-196  6.684084e-179  1.573335e-161  3.703399e-144  8.717255e-127  2.051913e-109   4.829902e-92   1.136888e-74   2.888314e-70   6.798665e-53   1.600306e-35   7.980528e-32   3.629560e-28   1.176672e-24   1.876712e-21   1.324833e-18   4.950442e-16   1.199031e-13   2.025757e-11   2.299430e-09   2.243269e-07   1.517257e-05   5.492414e-04   1.448811e-02   2.764143e-01   4.366206e-01   2.719124e-01
         8.2000  2.388501e-197  5.622180e-180  1.323378e-162  3.115038e-145  7.332339e-128  1.725925e-110   4.062572e-93   9.562697e-76   2.785692e-71   6.557109e-54   1.543447e-36   8.951759e-33   4.715019e-29   1.771738e-25   3.277007e-22   2.677199e-19   1.172757e-16   3.333096e-14   6.592392e-12   8.757799e-10   1.001795e-07   7.949077e-06   3.306447e-04   1.009064e-02   2.224453e-01   4.341147e-01   3.330106e-01
         8.2500  2.004844e-198  4.719108e-181  1.110808e-163  2.614679e-146  6.154570e-129  1.448695e-111   3.410015e-94   8.026673e-77   2.680412e-72   6.309295e-55   1.485115e-37   1.001603e-33   6.108517e-30   2.659888e-26   5.704843e-23   5.393216e-20   2.766611e-17   9.218101e-15   2.131839e-12   3.310161e-10   4.433308e-08   4.119506e-06   1.965741e-04   6.934261e-03   1.764817e-01   4.218286e-01   3.945547e-01
         8.3000  1.681949e-199  3.959059e-182  9.319042e-165  2.193565e-147  5.163330e-130  1.215372e-112   2.860806e-95   6.733916e-78   2.577251e-73   6.066469e-56   1.427957e-38   1.119751e-34   7.906199e-31   3.988737e-27   9.919836e-24   1.085148e-20   6.512320e-18   2.541803e-15   6.866314e-13   1.244692e-10   1.949363e-08   2.117901e-06   1.157741e-04   4.717294e-03   1.384652e-01   4.021896e-01   4.545099e-01
         8.3500  1.412415e-200  3.324616e-183  7.825657e-166  1.842044e-148  4.335901e-131  1.020607e-113   2.402359e-96   5.654799e-79   2.480041e-74   5.837652e-57   1.374097e-39   1.252754e-35   1.023962e-31   5.984772e-28   1.725877e-24   2.184595e-21   1.532428e-18   7.001845e-16   2.207385e-13   4.666927e-11   8.537830e-09   1.083081e-06   6.774262e-05   3.186495e-03   1.077396e-01   3.776296e-01   5.113755e-01
         8.4000  1.188674e-201  2.797964e-184  6.585996e-167  1.550246e-149  3.649051e-132  8.589329e-115   2.021802e-97   4.759023e-80   2.391441e-75   5.629101e-58   1.325007e-40   1.404416e-36   1.328843e-32   8.997354e-29   3.008774e-25   4.406950e-22   3.610501e-19   1.930134e-16   7.095947e-14   1.748283e-11   3.732647e-09   5.522271e-07   3.947803e-05   2.142894e-03   8.334035e-02   3.502783e-01   5.641984e-01
         8.4500  1.003493e-202  2.362074e-185  5.559974e-168  1.308736e-150  3.080571e-133  7.251211e-116   1.706828e-98   4.017622e-81   2.312994e-76   5.444448e-59   1.281543e-41   1.579215e-37   1.729764e-33   1.356776e-29   5.261730e-26   8.918429e-23   8.527741e-20   5.331460e-17   2.284294e-14   6.553801e-12   1.631745e-09   2.812549e-07   2.296042e-05   1.437794e-03   6.421519e-02   3.218277e-01   6.124961e-01
         8.5000  8.503150e-204  2.001516e-186  4.711274e-169  1.108965e-151  2.610339e-134  6.144354e-117   1.446290e-99   3.404354e-82   2.245334e-77   5.285185e-60   1.244055e-42   1.782347e-38   2.260114e-34   2.053778e-30   9.237714e-27   1.812053e-23   2.020997e-20   1.477111e-17   7.371815e-15   2.461486e-12   7.142193e-10   1.433022e-07   1.334861e-05   9.641599e-04   4.936156e-02   2.935174e-01   6.561434e-01
         8.5500  7.234361e-205  1.702862e-187  4.008286e-170  9.434915e-153  2.220840e-135  5.227530e-118  1.230484e-100   2.896377e-83   2.188424e-78   5.151229e-61   1.212523e-43   2.019817e-39   2.965393e-35   3.122092e-31   1.628930e-27   3.698286e-24   4.808524e-21   4.107443e-18   2.386726e-15   9.270332e-13   3.133114e-10   7.312361e-08   7.767009e-06   6.470361e-04   3.789690e-02   2.661890e-01   6.952593e-01
         8.6000  6.180338e-206  1.454760e-188  3.424292e-171  8.060278e-154  1.897271e-136  4.465896e-119  1.051206e-101   2.474384e-84   2.141776e-79   5.041426e-62   1.186677e-44   2.298569e-40   3.907618e-36   4.767258e-32   2.885590e-28   7.583660e-25   1.148960e-21   1.146792e-18   7.755990e-16   3.502904e-13   1.378390e-10   3.739849e-08   4.527069e-06   4.349649e-04   2.908252e-02   2.403657e-01   7.301122e-01
         8.6500  5.301157e-207  1.247814e-189  2.937171e-172  6.913667e-155  1.627375e-137  3.830602e-120  9.016673e-103   2.122392e-85   2.104616e-80   4.953955e-63   1.166088e-45   2.626640e-41   5.171338e-37   7.311686e-33   5.135277e-29   1.562485e-25   2.757304e-22   3.215275e-19   2.530331e-16   1.328408e-13   6.084077e-11   1.918075e-08   2.644768e-06   2.931019e-04   2.232055e-02   2.163342e-01   7.610495e-01
         8.7000  4.564236e-208  1.074354e-190  2.528871e-173  5.952590e-156  1.401152e-138  3.298105e-121  7.763254e-104   1.827356e-86   2.076004e-81   4.886609e-64   1.150236e-46   3.013341e-42   6.871808e-38   1.126210e-33   9.179587e-30   3.234082e-26   6.645335e-23   9.052364e-20   8.287850e-17   5.056569e-14   2.694822e-11   9.867833e-09   1.549276e-06   1.980669e-04   1.713797e-02   1.942143e-01   7.884481e-01
         8.7500  3.943235e-209  9.281793e-192  2.184797e-174  5.142691e-157  1.210514e-139  2.849371e-122  6.706999e-105   1.578729e-87   2.054923e-82   4.836986e-65   1.138555e-47   3.469454e-43   9.166100e-39   1.741608e-34   1.647762e-30   6.723133e-27   1.608102e-23   2.558871e-20   2.725142e-17   1.931917e-14   1.197832e-11   5.093057e-09   9.101782e-07   1.342590e-04   1.316622e-02   1.740146e-01   8.126841e-01
         8.8000  3.416973e-210  8.043052e-193  1.893216e-175  4.456351e-158  1.048959e-140  2.469096e-123  5.811888e-106   1.368033e-88   2.040319e-83   4.802610e-66   1.130464e-48   4.007440e-44   1.226812e-39   2.703041e-35   2.969089e-31   1.403227e-27   3.906132e-24   7.260518e-21   8.993565e-18   7.407414e-15   5.342658e-12   2.637150e-09   5.362980e-07   9.129734e-05   1.012095e-02   1.556736e-01   8.341136e-01
         8.8500  2.968478e-211  6.987359e-194  1.644721e-176  3.871432e-159  9.112780e-142  2.145014e-124  5.049047e-107   1.188471e-89   2.031138e-84   4.781001e-67   1.125377e-49   4.641657e-45   1.646886e-40   4.208664e-36   5.368229e-32   2.939310e-28   9.520553e-25   2.067190e-21   2.978179e-18   2.849658e-15   2.390786e-12   1.369767e-09   3.169183e-07   6.228061e-05   7.784199e-03   1.390892e-01   8.530640e-01
         8.9000  2.584150e-212  6.082708e-195  1.431780e-177  3.370199e-160  7.932952e-143  1.867300e-125  4.395349e-108   1.034600e-90   2.026342e-85   4.769711e-68   1.122720e-50   5.388586e-46   2.216365e-41   6.570966e-37   9.734743e-33   6.176369e-29   2.327485e-25   5.903744e-22   9.892454e-19   1.099623e-15   1.073109e-12   7.135728e-10   1.877997e-07   4.261737e-05   5.989423e-03   1.241377e-01   8.698301e-01
         8.9500  2.253092e-213  5.303446e-196  1.248353e-178  2.938439e-161  6.916652e-144  1.628078e-126  3.832256e-109   9.020566e-92   2.024914e-86   4.766350e-69   1.121929e-51   6.267052e-47   2.988854e-42   1.028265e-37   1.769713e-33   1.301347e-29   5.704779e-26   1.690591e-22   3.294850e-19   4.254816e-16   4.829982e-13   3.727443e-10   1.115753e-07   2.924766e-05   4.609605e-03   1.106877e-01   8.846733e-01
         9.0000  1.966548e-214  4.628963e-197  1.089590e-179  2.564734e-162  6.037005e-145  1.421022e-127  3.344877e-110   7.873347e-93   2.025868e-87   4.768596e-70   1.122457e-52   7.298440e-48   4.036901e-43   1.612012e-38   3.223768e-34   2.748049e-30   1.401301e-26   4.852172e-23   1.099972e-19   1.650263e-16   2.179270e-13   1.951867e-10   6.644590e-08   2.012693e-05   3.547883e-03   9.860784e-02   8.978241e-01
