# CIE ionization fractions for N (Z=7)
# Source: CHIANTI v11.0.2 chianti.ioneq (Dere et al. 2009)
# T grid: 101 log-spaced points, 10^4.00 K -> 10^9.00 K
# Generated by pyathena/photchem/data/build_ioneq_tables.py
#
# log_T_K        x_N0           x_N1           x_N2           x_N3           x_N4           x_N5           x_N6           x_N7         
         4.0000   9.995000e-01   4.855000e-04   1.087000e-15   0.000000e+00   0.000000e+00   0.000000e+00   0.000000e+00   0.000000e+00
         4.0500   9.965000e-01   3.547000e-03   3.774000e-13   0.000000e+00   0.000000e+00   0.000000e+00   0.000000e+00   0.000000e+00
         4.1000   9.791000e-01   2.087000e-02   7.012000e-11   0.000000e+00   0.000000e+00   0.000000e+00   0.000000e+00   0.000000e+00
         4.1500   9.045000e-01   9.555000e-02   7.003000e-09   0.000000e+00   0.000000e+00   0.000000e+00   0.000000e+00   0.000000e+00
         4.2000   6.965000e-01   3.035000e-01   3.442000e-07   4.530000e-20   0.000000e+00   0.000000e+00   0.000000e+00   0.000000e+00
         4.2500   4.014000e-01   5.986000e-01   7.587000e-06   4.958000e-17   0.000000e+00   0.000000e+00   0.000000e+00   0.000000e+00
         4.3000   1.914000e-01   8.085000e-01   8.378000e-05   1.792000e-14   0.000000e+00   0.000000e+00   0.000000e+00   0.000000e+00
         4.3500   9.103000e-02   9.084000e-01   5.740000e-04   2.751000e-12   0.000000e+00   0.000000e+00   0.000000e+00   0.000000e+00
         4.4000   4.720000e-02   9.500000e-01   2.820000e-03   2.137000e-10   0.000000e+00   0.000000e+00   0.000000e+00   0.000000e+00
         4.4500   2.686000e-02   9.624000e-01   1.078000e-02   9.366000e-09   0.000000e+00   0.000000e+00   0.000000e+00   0.000000e+00
         4.5000   1.633000e-02   9.500000e-01   3.364000e-02   2.492000e-07   3.290000e-18   0.000000e+00   0.000000e+00   0.000000e+00
         4.5500   1.021000e-02   9.022000e-01   8.758000e-02   4.235000e-06   1.185000e-15   0.000000e+00   0.000000e+00   0.000000e+00
         4.6000   6.274000e-03   8.033000e-01   1.903000e-01   4.751000e-05   2.032000e-13   0.000000e+00   0.000000e+00   0.000000e+00
         4.6500   3.644000e-03   6.530000e-01   3.430000e-01   3.614000e-04   1.776000e-11   1.557000e-20   0.000000e+00   0.000000e+00
         4.7000   1.966000e-03   4.803000e-01   5.158000e-01   1.938000e-03   8.513000e-10   1.365000e-17   0.000000e+00   0.000000e+00
         4.7500   9.949000e-04   3.250000e-01   6.662000e-01   7.746000e-03   2.440000e-08   5.295000e-15   0.000000e+00   0.000000e+00
         4.8000   4.831000e-04   2.080000e-01   7.670000e-01   2.452000e-02   4.559000e-07   1.024000e-12   0.000000e+00   0.000000e+00
         4.8500   2.282000e-04   1.280000e-01   8.076000e-01   6.419000e-02   5.934000e-06   1.087000e-10   0.000000e+00   0.000000e+00
         4.9000   1.045000e-04   7.567000e-02   7.822000e-01   1.420000e-01   5.601000e-05   6.755000e-09   0.000000e+00   0.000000e+00
         4.9500   4.557000e-05   4.235000e-02   6.912000e-01   2.660000e-01   3.914000e-04   2.570000e-07   0.000000e+00   0.000000e+00
         5.0000   1.867000e-05   2.214000e-02   5.526000e-01   4.232000e-01   2.058000e-03   6.213000e-06   0.000000e+00   0.000000e+00
         5.0500   7.176000e-06   1.082000e-02   4.017000e-01   5.790000e-01   8.363000e-03   9.977000e-05   0.000000e+00   0.000000e+00
         5.1000   2.619000e-06   5.002000e-03   2.698000e-01   6.969000e-01   2.717000e-02   1.120000e-03   0.000000e+00   0.000000e+00
         5.1500   9.110000e-07   2.197000e-03   1.687000e-01   7.477000e-01   7.229000e-02   9.122000e-03   0.000000e+00   0.000000e+00
         5.2000   2.915000e-07   8.854000e-04   9.509000e-02   6.958000e-01   1.546000e-01   5.365000e-02   2.069000e-18   0.000000e+00
         5.2500   7.673000e-08   2.929000e-04   4.331000e-02   5.059000e-01   2.412000e-01   2.093000e-01   7.519000e-16   0.000000e+00
         5.3000   1.461000e-08   6.994000e-05   1.405000e-02   2.541000e-01   2.447000e-01   4.871000e-01   1.011000e-13   0.000000e+00
         5.3500   2.127000e-09   1.274000e-05   3.435000e-03   9.370000e-02   1.725000e-01   7.304000e-01   5.723000e-12   0.000000e+00
         5.4000   2.855000e-10   2.136000e-06   7.646000e-04   3.071000e-02   1.029000e-01   8.656000e-01   1.752000e-10   0.000000e+00
         5.4500   3.989000e-11   3.718000e-07   1.751000e-04   1.014000e-02   5.916000e-02   9.305000e-01   3.467000e-09   2.504000e-20
         5.5000   6.067000e-12   7.030000e-08   4.319000e-05   3.533000e-03   3.453000e-02   9.619000e-01   4.881000e-08   8.007000e-18
         5.5500   1.015000e-12   1.458000e-08   1.160000e-05   1.318000e-03   2.081000e-02   9.779000e-01   5.166000e-07   1.391000e-15
         5.6000   1.864000e-13   3.316000e-09   3.387000e-06   5.266000e-04   1.302000e-02   9.864000e-01   4.270000e-06   1.413000e-13
         5.6500   3.744000e-14   8.221000e-10   1.072000e-06   2.248000e-04   8.451000e-03   9.913000e-01   2.839000e-05   8.925000e-12
         5.7000   8.192000e-15   2.216000e-10   3.666000e-07   1.024000e-04   5.704000e-03   9.940000e-01   1.556000e-04   3.691000e-10
         5.7500   1.952000e-15   6.483000e-11   1.354000e-07   4.977000e-05   4.014000e-03   9.952000e-01   7.169000e-04   1.046000e-08
         5.8000   5.075000e-16   2.064000e-11   5.408000e-08   2.591000e-05   2.962000e-03   9.942000e-01   2.821000e-03   2.108000e-07
         5.8500   1.442000e-16   7.162000e-12   2.343000e-08   1.448000e-05   2.302000e-03   9.881000e-01   9.569000e-03   3.114000e-06
         5.9000   4.465000e-17   2.699000e-12   1.097000e-08   8.675000e-06   1.883000e-03   9.700000e-01   2.804000e-02   3.436000e-05
         5.9500   1.481000e-17   1.087000e-12   5.464000e-09   5.482000e-06   1.599000e-03   9.277000e-01   7.045000e-02   2.858000e-04
         6.0000   5.103000e-18   4.536000e-13   2.808000e-09   3.547000e-06   1.368000e-03   8.471000e-01   1.497000e-01   1.792000e-03
         6.0500   1.762000e-18   1.891000e-13   1.436000e-09   2.267000e-06   1.140000e-03   7.241000e-01   2.663000e-01   8.488000e-03
         6.1000   5.918000e-19   7.644000e-14   7.091000e-10   1.391000e-06   8.994000e-04   5.724000e-01   3.960000e-01   3.069000e-02
         6.1500   1.893000e-19   2.934000e-14   3.313000e-10   8.018000e-07   6.581000e-04   4.160000e-01   4.970000e-01   8.635000e-02
         6.2000   5.664000e-20   1.051000e-14   1.439000e-10   4.270000e-07   4.393000e-04   2.760000e-01   5.311000e-01   1.925000e-01
         6.2500   1.565000e-20   3.465000e-15   5.732000e-11   2.074000e-07   2.644000e-04   1.662000e-01   4.878000e-01   3.458000e-01
         6.3000   0.000000e+00   1.056000e-15   2.103000e-11   9.225000e-08   1.442000e-04   9.164000e-02   3.932000e-01   5.150000e-01
         6.3500   0.000000e+00   3.050000e-16   7.284000e-12   3.851000e-08   7.308000e-05   4.753000e-02   2.887000e-01   6.637000e-01
         6.4000   0.000000e+00   8.600000e-17   2.455000e-12   1.557000e-08   3.557000e-05   2.397000e-02   2.010000e-01   7.750000e-01
         6.4500   0.000000e+00   2.429000e-17   8.261000e-13   6.259000e-09   1.708000e-05   1.207000e-02   1.370000e-01   8.509000e-01
         6.5000   0.000000e+00   6.981000e-18   2.820000e-13   2.541000e-09   8.227000e-06   6.168000e-03   9.330000e-02   9.005000e-01
         6.5500   0.000000e+00   2.058000e-18   9.844000e-14   1.051000e-09   4.016000e-06   3.229000e-03   6.424000e-02   9.325000e-01
         6.6000   0.000000e+00   6.238000e-19   3.526000e-14   4.445000e-10   1.995000e-06   1.737000e-03   4.496000e-02   9.533000e-01
         6.6500   0.000000e+00   1.946000e-19   1.296000e-14   1.923000e-10   1.010000e-06   9.603000e-04   3.205000e-02   9.670000e-01
         6.7000   0.000000e+00   6.239000e-20   4.884000e-15   8.505000e-11   5.210000e-07   5.454000e-04   2.328000e-02   9.762000e-01
         6.7500   0.000000e+00   2.052000e-20   1.885000e-15   3.841000e-11   2.737000e-07   3.176000e-04   1.721000e-02   9.825000e-01
         6.8000   0.000000e+00   0.000000e+00   7.434000e-16   1.768000e-11   1.463000e-07   1.894000e-04   1.295000e-02   9.869000e-01
         6.8500   0.000000e+00   0.000000e+00   2.993000e-16   8.291000e-12   7.953000e-08   1.154000e-04   9.893000e-03   9.900000e-01
         6.9000   0.000000e+00   0.000000e+00   1.228000e-16   3.954000e-12   4.391000e-08   7.176000e-05   7.670000e-03   9.923000e-01
         6.9500   0.000000e+00   0.000000e+00   5.131000e-17   1.916000e-12   2.461000e-08   4.547000e-05   6.027000e-03   9.939000e-01
         7.0000   0.000000e+00   0.000000e+00   2.180000e-17   9.428000e-13   1.399000e-08   2.932000e-05   4.794000e-03   9.952000e-01
         7.0500   0.000000e+00   0.000000e+00   9.405000e-18   4.704000e-13   8.056000e-09   1.921000e-05   3.857000e-03   9.961000e-01
         7.1000   0.000000e+00   0.000000e+00   4.118000e-18   2.378000e-13   4.699000e-09   1.278000e-05   3.135000e-03   9.969000e-01
         7.1500   0.000000e+00   0.000000e+00   1.829000e-18   1.218000e-13   2.775000e-09   8.618000e-06   2.572000e-03   9.974000e-01
         7.2000   0.000000e+00   0.000000e+00   8.229000e-19   6.314000e-14   1.657000e-09   5.889000e-06   2.129000e-03   9.979000e-01
         7.2500   0.000000e+00   0.000000e+00   3.750000e-19   3.311000e-14   1.000000e-09   4.073000e-06   1.776000e-03   9.982000e-01
         7.3000   0.000000e+00   0.000000e+00   1.729000e-19   1.755000e-14   6.103000e-10   2.849000e-06   1.492000e-03   9.985000e-01
         7.3500   0.000000e+00   0.000000e+00   8.063000e-20   9.402000e-15   3.759000e-10   2.014000e-06   1.262000e-03   9.987000e-01
         7.4000   0.000000e+00   0.000000e+00   3.800000e-20   5.085000e-15   2.336000e-10   1.437000e-06   1.073000e-03   9.989000e-01
         7.4500   0.000000e+00   0.000000e+00   1.809000e-20   2.775000e-15   1.464000e-10   1.034000e-06   9.181000e-04   9.991000e-01
         7.5000   0.000000e+00   0.000000e+00   0.000000e+00   1.528000e-15   9.251000e-11   7.504000e-07   7.891000e-04   9.992000e-01
         7.5500   0.000000e+00   0.000000e+00   0.000000e+00   8.476000e-16   5.887000e-11   5.484000e-07   6.811000e-04   9.993000e-01
         7.6000   0.000000e+00   0.000000e+00   0.000000e+00   4.738000e-16   3.772000e-11   4.035000e-07   5.902000e-04   9.994000e-01
         7.6500   0.000000e+00   0.000000e+00   0.000000e+00   2.666000e-16   2.432000e-11   2.987000e-07   5.131000e-04   9.995000e-01
         7.7000   0.000000e+00   0.000000e+00   0.000000e+00   1.510000e-16   1.577000e-11   2.223000e-07   4.475000e-04   9.996000e-01
         7.7500   0.000000e+00   0.000000e+00   0.000000e+00   8.601000e-17   1.028000e-11   1.663000e-07   3.913000e-04   9.996000e-01
         7.8000   0.000000e+00   0.000000e+00   0.000000e+00   4.925000e-17   6.731000e-12   1.249000e-07   3.430000e-04   9.997000e-01
         7.8500   0.000000e+00   0.000000e+00   0.000000e+00   2.834000e-17   4.427000e-12   9.423000e-08   3.012000e-04   9.997000e-01
         7.9000   0.000000e+00   0.000000e+00   0.000000e+00   1.638000e-17   2.923000e-12   7.133000e-08   2.650000e-04   9.997000e-01
         7.9500   0.000000e+00   0.000000e+00   0.000000e+00   9.502000e-18   1.937000e-12   5.417000e-08   2.335000e-04   9.998000e-01
         8.0000   0.000000e+00   0.000000e+00   0.000000e+00   5.535000e-18   1.288000e-12   4.125000e-08   2.060000e-04   9.998000e-01
         8.0500   0.000000e+00   0.000000e+00   0.000000e+00   3.235000e-18   8.591000e-13   3.151000e-08   1.820000e-04   9.998000e-01
         8.1000   0.000000e+00   0.000000e+00   0.000000e+00   1.897000e-18   5.747000e-13   2.412000e-08   1.609000e-04   9.998000e-01
         8.1500   0.000000e+00   0.000000e+00   0.000000e+00   1.116000e-18   3.854000e-13   1.851000e-08   1.424000e-04   9.999000e-01
         8.2000   0.000000e+00   0.000000e+00   0.000000e+00   6.583000e-19   2.592000e-13   1.423000e-08   1.261000e-04   9.999000e-01
         8.2500   0.000000e+00   0.000000e+00   0.000000e+00   3.894000e-19   1.747000e-13   1.097000e-08   1.118000e-04   9.999000e-01
         8.3000   0.000000e+00   0.000000e+00   0.000000e+00   2.310000e-19   1.180000e-13   8.466000e-09   9.910000e-05   9.999000e-01
         8.3500   0.000000e+00   0.000000e+00   0.000000e+00   1.373000e-19   7.990000e-14   6.547000e-09   8.794000e-05   9.999000e-01
         8.4000   0.000000e+00   0.000000e+00   0.000000e+00   8.186000e-20   5.421000e-14   5.071000e-09   7.807000e-05   9.999000e-01
         8.4500   0.000000e+00   0.000000e+00   0.000000e+00   4.890000e-20   3.685000e-14   3.934000e-09   6.934000e-05   9.999000e-01
         8.5000   0.000000e+00   0.000000e+00   0.000000e+00   2.927000e-20   2.509000e-14   3.056000e-09   6.161000e-05   9.999000e-01
         8.5500   0.000000e+00   0.000000e+00   0.000000e+00   1.756000e-20   1.712000e-14   2.378000e-09   5.477000e-05   9.999000e-01
         8.6000   0.000000e+00   0.000000e+00   0.000000e+00   1.055000e-20   1.169000e-14   1.852000e-09   4.870000e-05   1.000000e+00
         8.6500   0.000000e+00   0.000000e+00   0.000000e+00   0.000000e+00   7.998000e-15   1.443000e-09   4.331000e-05   1.000000e+00
         8.7000   0.000000e+00   0.000000e+00   0.000000e+00   0.000000e+00   5.478000e-15   1.126000e-09   3.852000e-05   1.000000e+00
         8.7500   0.000000e+00   0.000000e+00   0.000000e+00   0.000000e+00   3.756000e-15   8.795000e-10   3.427000e-05   1.000000e+00
         8.8000   0.000000e+00   0.000000e+00   0.000000e+00   0.000000e+00   2.578000e-15   6.873000e-10   3.049000e-05   1.000000e+00
         8.8500   0.000000e+00   0.000000e+00   0.000000e+00   0.000000e+00   1.770000e-15   5.374000e-10   2.713000e-05   1.000000e+00
         8.9000   0.000000e+00   0.000000e+00   0.000000e+00   0.000000e+00   1.217000e-15   4.204000e-10   2.414000e-05   1.000000e+00
         8.9500   0.000000e+00   0.000000e+00   0.000000e+00   0.000000e+00   8.372000e-16   3.290000e-10   2.147000e-05   1.000000e+00
         9.0000   0.000000e+00   0.000000e+00   0.000000e+00   0.000000e+00   5.763000e-16   2.576000e-10   1.910000e-05   1.000000e+00
