# CIE ionization fractions for Si (Z=14)
# Source: CHIANTI v11.0.2 chianti.ioneq (Dere et al. 2009)
# T grid: 101 log-spaced points, 10^4.00 K -> 10^9.00 K
# Generated by pyathena/photchem/data/build_ioneq_tables.py
#
# log_T_K        x_Si0          x_Si1          x_Si2          x_Si3          x_Si4          x_Si5          x_Si6          x_Si7          x_Si8          x_Si9          x_Si10         x_Si11         x_Si12         x_Si13         x_Si14       
         4.0000   4.582000e-01   5.418000e-01   1.153000e-05   4.019000e-20   0.000000e+00   0.000000e+00   0.000000e+00   0.000000e+00   0.000000e+00   0.000000e+00   0.000000e+00   0.000000e+00   0.000000e+00   0.000000e+00   0.000000e+00
         4.0500   2.160000e-01   7.839000e-01   1.393000e-04   3.512000e-17   0.000000e+00   0.000000e+00   0.000000e+00   0.000000e+00   0.000000e+00   0.000000e+00   0.000000e+00   0.000000e+00   0.000000e+00   0.000000e+00   0.000000e+00
         4.1000   9.278000e-02   9.062000e-01   1.046000e-03   1.155000e-14   0.000000e+00   0.000000e+00   0.000000e+00   0.000000e+00   0.000000e+00   0.000000e+00   0.000000e+00   0.000000e+00   0.000000e+00   0.000000e+00   0.000000e+00
         4.1500   4.141000e-02   9.529000e-01   5.657000e-03   1.709000e-12   0.000000e+00   0.000000e+00   0.000000e+00   0.000000e+00   0.000000e+00   0.000000e+00   0.000000e+00   0.000000e+00   0.000000e+00   0.000000e+00   0.000000e+00
         4.2000   2.024000e-02   9.564000e-01   2.334000e-02   1.256000e-10   0.000000e+00   0.000000e+00   0.000000e+00   0.000000e+00   0.000000e+00   0.000000e+00   0.000000e+00   0.000000e+00   0.000000e+00   0.000000e+00   0.000000e+00
         4.2500   1.084000e-02   9.148000e-01   7.432000e-02   4.889000e-09   2.277000e-19   0.000000e+00   0.000000e+00   0.000000e+00   0.000000e+00   0.000000e+00   0.000000e+00   0.000000e+00   0.000000e+00   0.000000e+00   0.000000e+00
         4.3000   6.134000e-03   8.120000e-01   1.819000e-01   1.064000e-07   1.408000e-16   0.000000e+00   0.000000e+00   0.000000e+00   0.000000e+00   0.000000e+00   0.000000e+00   0.000000e+00   0.000000e+00   0.000000e+00   0.000000e+00
         4.3500   3.494000e-03   6.521000e-01   3.445000e-01   1.378000e-06   3.654000e-14   0.000000e+00   0.000000e+00   0.000000e+00   0.000000e+00   0.000000e+00   0.000000e+00   0.000000e+00   0.000000e+00   0.000000e+00   0.000000e+00
         4.4000   1.948000e-03   4.751000e-01   5.230000e-01   1.151000e-05   4.485000e-12   0.000000e+00   0.000000e+00   0.000000e+00   0.000000e+00   0.000000e+00   0.000000e+00   0.000000e+00   0.000000e+00   0.000000e+00   0.000000e+00
         4.4500   1.067000e-03   3.237000e-01   6.752000e-01   6.816000e-05   2.956000e-10   0.000000e+00   0.000000e+00   0.000000e+00   0.000000e+00   0.000000e+00   0.000000e+00   0.000000e+00   0.000000e+00   0.000000e+00   0.000000e+00
         4.5000   5.825000e-04   2.138000e-01   7.853000e-01   3.112000e-04   1.174000e-08   0.000000e+00   0.000000e+00   0.000000e+00   0.000000e+00   0.000000e+00   0.000000e+00   0.000000e+00   0.000000e+00   0.000000e+00   0.000000e+00
         4.5500   3.215000e-04   1.406000e-01   8.579000e-01   1.168000e-03   3.072000e-07   0.000000e+00   0.000000e+00   0.000000e+00   0.000000e+00   0.000000e+00   0.000000e+00   0.000000e+00   0.000000e+00   0.000000e+00   0.000000e+00
         4.6000   1.804000e-04   9.333000e-02   9.027000e-01   3.754000e-03   5.659000e-06   0.000000e+00   0.000000e+00   0.000000e+00   0.000000e+00   0.000000e+00   0.000000e+00   0.000000e+00   0.000000e+00   0.000000e+00   0.000000e+00
         4.6500   1.027000e-04   6.270000e-02   9.265000e-01   1.063000e-02   7.701000e-05   0.000000e+00   0.000000e+00   0.000000e+00   0.000000e+00   0.000000e+00   0.000000e+00   0.000000e+00   0.000000e+00   0.000000e+00   0.000000e+00
         4.7000   5.891000e-05   4.244000e-02   9.298000e-01   2.686000e-02   8.004000e-04   2.625000e-18   0.000000e+00   0.000000e+00   0.000000e+00   0.000000e+00   0.000000e+00   0.000000e+00   0.000000e+00   0.000000e+00   0.000000e+00
         4.7500   3.352000e-05   2.853000e-02   9.042000e-01   6.073000e-02   6.470000e-03   1.611000e-15   0.000000e+00   0.000000e+00   0.000000e+00   0.000000e+00   0.000000e+00   0.000000e+00   0.000000e+00   0.000000e+00   0.000000e+00
         4.8000   1.818000e-05   1.833000e-02   8.220000e-01   1.195000e-01   4.018000e-02   4.776000e-13   0.000000e+00   0.000000e+00   0.000000e+00   0.000000e+00   0.000000e+00   0.000000e+00   0.000000e+00   0.000000e+00   0.000000e+00
         4.8500   8.438000e-06   1.009000e-02   6.282000e-01   1.855000e-01   1.762000e-01   6.578000e-11   0.000000e+00   0.000000e+00   0.000000e+00   0.000000e+00   0.000000e+00   0.000000e+00   0.000000e+00   0.000000e+00   0.000000e+00
         4.9000   2.803000e-06   3.986000e-03   3.383000e-01   1.918000e-01   4.659000e-01   3.735000e-09   3.484000e-20   0.000000e+00   0.000000e+00   0.000000e+00   0.000000e+00   0.000000e+00   0.000000e+00   0.000000e+00   0.000000e+00
         4.9500   6.541000e-07   1.108000e-03   1.262000e-01   1.307000e-01   7.421000e-01   9.023000e-08   2.319000e-17   0.000000e+00   0.000000e+00   0.000000e+00   0.000000e+00   0.000000e+00   0.000000e+00   0.000000e+00   0.000000e+00
         5.0000   1.315000e-07   2.658000e-04   4.004000e-02   7.237000e-02   8.873000e-01   1.192000e-06   5.784000e-15   0.000000e+00   0.000000e+00   0.000000e+00   0.000000e+00   0.000000e+00   0.000000e+00   0.000000e+00   0.000000e+00
         5.0500   2.683000e-08   6.471000e-05   1.273000e-02   3.858000e-02   9.486000e-01   1.057000e-05   6.895000e-13   0.000000e+00   0.000000e+00   0.000000e+00   0.000000e+00   0.000000e+00   0.000000e+00   0.000000e+00   0.000000e+00
         5.1000   5.915000e-09   1.705000e-05   4.324000e-03   2.121000e-02   9.744000e-01   6.978000e-05   4.530000e-11   8.852000e-20   0.000000e+00   0.000000e+00   0.000000e+00   0.000000e+00   0.000000e+00   0.000000e+00   0.000000e+00
         5.1500   1.441000e-09   4.964000e-06   1.605000e-03   1.233000e-02   9.857000e-01   3.632000e-04   1.804000e-09   4.254000e-17   0.000000e+00   0.000000e+00   0.000000e+00   0.000000e+00   0.000000e+00   0.000000e+00   0.000000e+00
         5.2000   3.915000e-10   1.615000e-06   6.577000e-04   7.698000e-03   9.901000e-01   1.549000e-03   4.689000e-08   1.024000e-14   0.000000e+00   0.000000e+00   0.000000e+00   0.000000e+00   0.000000e+00   0.000000e+00   0.000000e+00
         5.2500   1.193000e-10   5.893000e-07   2.997000e-04   5.209000e-03   9.889000e-01   5.574000e-03   8.457000e-07   1.356000e-12   2.956000e-20   0.000000e+00   0.000000e+00   0.000000e+00   0.000000e+00   0.000000e+00   0.000000e+00
         5.3000   4.053000e-11   2.401000e-07   1.516000e-04   3.825000e-03   9.787000e-01   1.727000e-02   1.108000e-05   1.066000e-10   2.203000e-17   0.000000e+00   0.000000e+00   0.000000e+00   0.000000e+00   0.000000e+00   0.000000e+00
         5.3500   1.503000e-11   1.068000e-07   8.347000e-05   2.997000e-03   9.503000e-01   4.649000e-02   1.089000e-04   5.263000e-09   8.152000e-15   0.000000e+00   0.000000e+00   0.000000e+00   0.000000e+00   0.000000e+00   0.000000e+00
         5.4000   5.841000e-12   4.985000e-08   4.816000e-05   2.417000e-03   8.883000e-01   1.084000e-01   8.143000e-04   1.690000e-07   1.594000e-12   6.395000e-19   0.000000e+00   0.000000e+00   0.000000e+00   0.000000e+00   0.000000e+00
         5.4500   2.259000e-12   2.317000e-08   2.763000e-05   1.906000e-03   7.775000e-01   2.159000e-01   4.633000e-03   3.591000e-06   1.715000e-10   4.455000e-16   0.000000e+00   0.000000e+00   0.000000e+00   0.000000e+00   0.000000e+00
         5.5000   8.259000e-13   1.019000e-08   1.495000e-05   1.398000e-03   6.185000e-01   3.602000e-01   1.992000e-02   5.092000e-05   1.043000e-08   1.456000e-13   1.276000e-19   0.000000e+00   0.000000e+00   0.000000e+00   0.000000e+00
         5.5500   2.751000e-13   4.084000e-09   7.343000e-06   9.174000e-04   4.371000e-01   4.969000e-01   6.460000e-02   4.863000e-04   3.685000e-07   2.340000e-11   1.160000e-16   0.000000e+00   0.000000e+00   0.000000e+00   0.000000e+00
         5.6000   8.181000e-14   1.461000e-09   3.202000e-06   5.279000e-04   2.715000e-01   5.658000e-01   1.590000e-01   3.184000e-03   7.810000e-06   1.943000e-09   4.608000e-14   1.149000e-19   0.000000e+00   0.000000e+00   0.000000e+00
         5.6500   2.157000e-14   4.630000e-10   1.230000e-06   2.645000e-04   1.480000e-01   5.353000e-01   3.017000e-01   1.464000e-02   1.031000e-04   8.788000e-08   8.582000e-12   1.127000e-16   0.000000e+00   0.000000e+00   0.000000e+00
         5.7000   5.065000e-15   1.305000e-10   4.184000e-07   1.160000e-04   7.134000e-02   4.270000e-01   4.518000e-01   4.877000e-02   8.850000e-04   2.291000e-06   8.057000e-10   4.735000e-14   2.108000e-18   0.000000e+00   0.000000e+00
         5.7500   1.071000e-15   3.308000e-11   1.275000e-07   4.513000e-05   3.083000e-02   2.931000e-01   5.488000e-01   1.220000e-01   5.176000e-03   3.649000e-05   4.100000e-08   9.321000e-12   1.782000e-15   0.000000e+00   0.000000e+00
         5.8000   2.060000e-16   7.618000e-12   3.517000e-08   1.573000e-05   1.207000e-02   1.759000e-01   5.537000e-01   2.364000e-01   2.152000e-02   3.744000e-04   1.208000e-06   9.307000e-10   6.617000e-13   0.000000e+00   0.000000e+00
         5.8500   3.613000e-17   1.599000e-12   8.812000e-09   4.937000e-06   4.293000e-03   9.303000e-02   4.711000e-01   3.633000e-01   6.569000e-02   2.583000e-03   2.172000e-05   5.039000e-08   1.172000e-10   0.000000e+00   0.000000e+00
         5.9000   5.774000e-18   3.053000e-13   2.004000e-09   1.394000e-06   1.386000e-03   4.352000e-02   3.412000e-01   4.500000e-01   1.513000e-01   1.242000e-02   2.496000e-04   1.567000e-06   1.064000e-08   0.000000e+00   0.000000e+00
         5.9500   8.394000e-19   5.293000e-14   4.130000e-10   3.540000e-07   4.053000e-04   1.803000e-02   2.118000e-01   4.559000e-01   2.690000e-01   4.299000e-02   1.910000e-03   2.944000e-05   5.269000e-07   0.000000e+00   0.000000e+00
         6.0000   1.108000e-19   8.321000e-15   7.708000e-11   8.080000e-08   1.071000e-04   6.628000e-03   1.133000e-01   3.824000e-01   3.768000e-01   1.102000e-01   1.010000e-02   3.505000e-04   1.509000e-05   8.483000e-18   0.000000e+00
         6.0500   1.323000e-20   1.181000e-15   1.298000e-11   1.653000e-08   2.551000e-05   2.157000e-03   5.244000e-02   2.678000e-01   4.224000e-01   2.142000e-01   3.800000e-02   2.749000e-03   2.626000e-04   3.681000e-15   0.000000e+00
         6.1000   0.000000e+00   1.496000e-16   1.950000e-12   3.000000e-09   5.409000e-06   6.161000e-04   2.085000e-02   1.565000e-01   3.811000e-01   3.196000e-01   1.038000e-01   1.462000e-02   2.883000e-03   7.212000e-13   0.000000e+00
         6.1500   0.000000e+00   1.652000e-17   2.552000e-13   4.716000e-10   9.962000e-07   1.509000e-04   6.984000e-03   7.508000e-02   2.736000e-01   3.643000e-01   2.063000e-01   5.323000e-02   2.029000e-02   6.726000e-11   0.000000e+00
         6.2000   0.000000e+00   1.516000e-18   2.772000e-14   6.123000e-11   1.519000e-07   3.022000e-05   1.884000e-03   2.838000e-02   1.507000e-01   3.076000e-01   2.905000e-01   1.302000e-01   9.059000e-02   3.049000e-09   5.496000e-18
         6.2500   0.000000e+00   1.105000e-19   2.384000e-15   6.264000e-12   1.827000e-08   4.727000e-06   3.915000e-04   8.109000e-03   6.136000e-02   1.862000e-01   2.820000e-01   2.095000e-01   2.525000e-01   6.811000e-08   1.182000e-15
         6.3000   0.000000e+00   0.000000e+00   1.669000e-16   5.198000e-13   1.784000e-09   5.948000e-07   6.465000e-05   1.811000e-03   1.914000e-02   8.405000e-02   1.973000e-01   2.333000e-01   4.643000e-01   8.126000e-07   1.078000e-13
         6.3500   0.000000e+00   0.000000e+00   1.064000e-17   3.915000e-14   1.583000e-10   6.738000e-08   9.511000e-06   3.549000e-04   5.149000e-03   3.200000e-02   1.129000e-01   2.050000e-01   6.445000e-01   6.057000e-06   4.996000e-12
         6.4000   0.000000e+00   0.000000e+00   6.892000e-19   2.984000e-15   1.421000e-11   7.664000e-09   1.392000e-06   6.828000e-05   1.340000e-03   1.154000e-02   5.958000e-02   1.611000e-01   7.664000e-01   3.265000e-05   1.394000e-10
         6.4500   0.000000e+00   0.000000e+00   4.821000e-20   2.450000e-16   1.373000e-12   9.321000e-10   2.160000e-07   1.376000e-05   3.602000e-04   4.228000e-03   3.118000e-02   1.220000e-01   8.421000e-01   1.397000e-04   2.619000e-09
         6.5000   0.000000e+00   0.000000e+00   0.000000e+00   2.228000e-17   1.470000e-13   1.247000e-10   3.658000e-08   2.994000e-06   1.033000e-04   1.626000e-03   1.676000e-02   9.262000e-02   8.884000e-01   5.002000e-04   3.559000e-08
         6.5500   0.000000e+00   0.000000e+00   0.000000e+00   2.266000e-18   1.760000e-14   1.852000e-11   6.834000e-09   7.119000e-07   3.203000e-05   6.666000e-04   9.423000e-03   7.182000e-02   9.165000e-01   1.546000e-03   3.667000e-07
         6.6000   0.000000e+00   0.000000e+00   0.000000e+00   2.581000e-19   2.356000e-15   3.059000e-12   1.411000e-09   1.854000e-07   1.077000e-05   2.926000e-04   5.570000e-03   5.735000e-02   9.326000e-01   4.205000e-03   2.963000e-06
         6.6500   0.000000e+00   0.000000e+00   0.000000e+00   3.270000e-20   3.506000e-16   5.587000e-13   3.200000e-10   5.263000e-08   3.911000e-06   1.372000e-04   3.460000e-03   4.719000e-02   9.390000e-01   1.021000e-02   1.927000e-05
         6.7000   0.000000e+00   0.000000e+00   0.000000e+00   0.000000e+00   5.737000e-17   1.115000e-13   7.892000e-11   1.613000e-08   1.521000e-06   6.816000e-05   2.244000e-03   3.979000e-02   9.355000e-01   2.234000e-02   1.030000e-04
         6.7500   0.000000e+00   0.000000e+00   0.000000e+00   0.000000e+00   1.016000e-17   2.398000e-14   2.086000e-11   5.266000e-09   6.254000e-07   3.546000e-05   1.502000e-03   3.405000e-02   9.196000e-01   4.437000e-02   4.609000e-04
         6.8000   0.000000e+00   0.000000e+00   0.000000e+00   0.000000e+00   1.913000e-18   5.459000e-15   5.807000e-12   1.800000e-09   2.674000e-07   1.903000e-05   1.025000e-03   2.922000e-02   8.876000e-01   8.040000e-02   1.750000e-03
         6.8500   0.000000e+00   0.000000e+00   0.000000e+00   0.000000e+00   3.761000e-19   1.291000e-15   1.673000e-12   6.332000e-10   1.169000e-07   1.037000e-05   7.013000e-04   2.479000e-02   8.355000e-01   1.333000e-01   5.697000e-03
         6.9000   0.000000e+00   0.000000e+00   0.000000e+00   0.000000e+00   7.572000e-20   3.114000e-16   4.893000e-13   2.251000e-10   5.131000e-08   5.633000e-06   4.738000e-04   2.049000e-02   7.607000e-01   2.023000e-01   1.603000e-02
         6.9500   0.000000e+00   0.000000e+00   0.000000e+00   0.000000e+00   1.533000e-20   7.524000e-17   1.427000e-13   7.940000e-11   2.223000e-08   3.002000e-06   3.111000e-04   1.629000e-02   6.633000e-01   2.809000e-01   3.920000e-02
         7.0000   0.000000e+00   0.000000e+00   0.000000e+00   0.000000e+00   0.000000e+00   1.789000e-17   4.083000e-14   2.734000e-11   9.353000e-09   1.545000e-06   1.955000e-04   1.227000e-02   5.485000e-01   3.555000e-01   8.350000e-02
         7.0500   0.000000e+00   0.000000e+00   0.000000e+00   0.000000e+00   0.000000e+00   4.125000e-18   1.129000e-14   9.065000e-12   3.769000e-09   7.572000e-07   1.162000e-04   8.678000e-03   4.265000e-01   4.094000e-01   1.554000e-01
         7.1000   0.000000e+00   0.000000e+00   0.000000e+00   0.000000e+00   0.000000e+00   9.153000e-19   2.992000e-15   2.871000e-12   1.444000e-09   3.512000e-07   6.494000e-05   5.730000e-03   3.107000e-01   4.295000e-01   2.540000e-01
         7.1500   0.000000e+00   0.000000e+00   0.000000e+00   0.000000e+00   0.000000e+00   1.955000e-19   7.608000e-16   8.690000e-13   5.264000e-10   1.543000e-07   3.418000e-05   3.546000e-03   2.130000e-01   4.142000e-01   3.693000e-01
         7.2000   0.000000e+00   0.000000e+00   0.000000e+00   0.000000e+00   0.000000e+00   4.052000e-20   1.873000e-16   2.538000e-13   1.844000e-10   6.487000e-08   1.712000e-05   2.080000e-03   1.390000e-01   3.725000e-01   4.864000e-01
         7.2500   0.000000e+00   0.000000e+00   0.000000e+00   0.000000e+00   0.000000e+00   0.000000e+00   4.520000e-17   7.245000e-14   6.291000e-11   2.645000e-08   8.281000e-06   1.174000e-03   8.772000e-02   3.183000e-01   5.928000e-01
         7.3000   0.000000e+00   0.000000e+00   0.000000e+00   0.000000e+00   0.000000e+00   0.000000e+00   1.084000e-17   2.049000e-14   2.119000e-11   1.061000e-08   3.924000e-06   6.482000e-04   5.433000e-02   2.629000e-01   6.821000e-01
         7.3500   0.000000e+00   0.000000e+00   0.000000e+00   0.000000e+00   0.000000e+00   0.000000e+00   2.611000e-18   5.807000e-15   7.123000e-12   4.234000e-09   1.844000e-06   3.541000e-04   3.344000e-02   2.129000e-01   7.533000e-01
         7.4000   0.000000e+00   0.000000e+00   0.000000e+00   0.000000e+00   0.000000e+00   0.000000e+00   6.362000e-19   1.661000e-15   2.410000e-12   1.695000e-09   8.664000e-07   1.931000e-04   2.062000e-02   1.708000e-01   8.084000e-01
         7.4500   0.000000e+00   0.000000e+00   0.000000e+00   0.000000e+00   0.000000e+00   0.000000e+00   1.576000e-19   4.819000e-16   8.248000e-13   6.843000e-10   4.095000e-07   1.059000e-04   1.282000e-02   1.366000e-01   8.505000e-01
         7.5000   0.000000e+00   0.000000e+00   0.000000e+00   0.000000e+00   0.000000e+00   0.000000e+00   3.981000e-20   1.422000e-16   2.864000e-13   2.796000e-10   1.954000e-07   5.852000e-05   8.062000e-03   1.094000e-01   8.824000e-01
         7.5500   0.000000e+00   0.000000e+00   0.000000e+00   0.000000e+00   0.000000e+00   0.000000e+00   1.026000e-20   4.277000e-17   1.011000e-13   1.158000e-10   9.434000e-08   3.271000e-05   5.138000e-03   8.807000e-02   9.068000e-01
         7.6000   0.000000e+00   0.000000e+00   0.000000e+00   0.000000e+00   0.000000e+00   0.000000e+00   0.000000e+00   1.311000e-17   3.628000e-14   4.868000e-11   4.613000e-08   1.851000e-05   3.321000e-03   7.129000e-02   9.254000e-01
         7.6500   0.000000e+00   0.000000e+00   0.000000e+00   0.000000e+00   0.000000e+00   0.000000e+00   0.000000e+00   4.095000e-18   1.325000e-14   2.077000e-11   2.286000e-08   1.061000e-05   2.178000e-03   5.810000e-02   9.397000e-01
         7.7000   0.000000e+00   0.000000e+00   0.000000e+00   0.000000e+00   0.000000e+00   0.000000e+00   0.000000e+00   1.303000e-18   4.917000e-15   8.993000e-12   1.148000e-08   6.160000e-06   1.449000e-03   4.769000e-02   9.509000e-01
         7.7500   0.000000e+00   0.000000e+00   0.000000e+00   0.000000e+00   0.000000e+00   0.000000e+00   0.000000e+00   4.224000e-19   1.856000e-15   3.951000e-12   5.843000e-09   3.622000e-06   9.772000e-04   3.941000e-02   9.596000e-01
         7.8000   0.000000e+00   0.000000e+00   0.000000e+00   0.000000e+00   0.000000e+00   0.000000e+00   0.000000e+00   1.394000e-19   7.115000e-16   1.761000e-12   3.012000e-09   2.156000e-06   6.678000e-04   3.280000e-02   9.665000e-01
         7.8500   0.000000e+00   0.000000e+00   0.000000e+00   0.000000e+00   0.000000e+00   0.000000e+00   0.000000e+00   4.677000e-20   2.770000e-16   7.954000e-13   1.572000e-09   1.299000e-06   4.621000e-04   2.748000e-02   9.721000e-01
         7.9000   0.000000e+00   0.000000e+00   0.000000e+00   0.000000e+00   0.000000e+00   0.000000e+00   0.000000e+00   1.595000e-20   1.095000e-16   3.641000e-13   8.309000e-10   7.922000e-07   3.236000e-04   2.316000e-02   9.765000e-01
         7.9500   0.000000e+00   0.000000e+00   0.000000e+00   0.000000e+00   0.000000e+00   0.000000e+00   0.000000e+00   0.000000e+00   4.388000e-17   1.688000e-13   4.441000e-10   4.882000e-07   2.291000e-04   1.964000e-02   9.801000e-01
         8.0000   0.000000e+00   0.000000e+00   0.000000e+00   0.000000e+00   0.000000e+00   0.000000e+00   0.000000e+00   0.000000e+00   1.782000e-17   7.919000e-14   2.400000e-10   3.040000e-07   1.639000e-04   1.674000e-02   9.831000e-01
         8.0500   0.000000e+00   0.000000e+00   0.000000e+00   0.000000e+00   0.000000e+00   0.000000e+00   0.000000e+00   0.000000e+00   7.331000e-18   3.757000e-14   1.310000e-10   1.911000e-07   1.184000e-04   1.434000e-02   9.855000e-01
         8.1000   0.000000e+00   0.000000e+00   0.000000e+00   0.000000e+00   0.000000e+00   0.000000e+00   0.000000e+00   0.000000e+00   3.051000e-18   1.802000e-14   7.220000e-11   1.212000e-07   8.622000e-05   1.234000e-02   9.876000e-01
         8.1500   0.000000e+00   0.000000e+00   0.000000e+00   0.000000e+00   0.000000e+00   0.000000e+00   0.000000e+00   0.000000e+00   1.284000e-18   8.724000e-15   4.015000e-11   7.754000e-08   6.331000e-05   1.067000e-02   9.893000e-01
         8.2000   0.000000e+00   0.000000e+00   0.000000e+00   0.000000e+00   0.000000e+00   0.000000e+00   0.000000e+00   0.000000e+00   5.461000e-19   4.263000e-15   2.251000e-11   4.997000e-08   4.682000e-05   9.249000e-03   9.907000e-01
         8.2500   0.000000e+00   0.000000e+00   0.000000e+00   0.000000e+00   0.000000e+00   0.000000e+00   0.000000e+00   0.000000e+00   2.345000e-19   2.102000e-15   1.272000e-11   3.244000e-08   3.485000e-05   8.047000e-03   9.919000e-01
         8.3000   0.000000e+00   0.000000e+00   0.000000e+00   0.000000e+00   0.000000e+00   0.000000e+00   0.000000e+00   0.000000e+00   1.016000e-19   1.044000e-15   7.241000e-12   2.119000e-08   2.610000e-05   7.021000e-03   9.930000e-01
         8.3500   0.000000e+00   0.000000e+00   0.000000e+00   0.000000e+00   0.000000e+00   0.000000e+00   0.000000e+00   0.000000e+00   4.438000e-20   5.227000e-16   4.148000e-12   1.392000e-08   1.965000e-05   6.142000e-03   9.938000e-01
         8.4000   0.000000e+00   0.000000e+00   0.000000e+00   0.000000e+00   0.000000e+00   0.000000e+00   0.000000e+00   0.000000e+00   1.954000e-20   2.634000e-16   2.390000e-12   9.198000e-09   1.486000e-05   5.386000e-03   9.946000e-01
         8.4500   0.000000e+00   0.000000e+00   0.000000e+00   0.000000e+00   0.000000e+00   0.000000e+00   0.000000e+00   0.000000e+00   0.000000e+00   1.335000e-16   1.385000e-12   6.105000e-09   1.129000e-05   4.731000e-03   9.953000e-01
         8.5000   0.000000e+00   0.000000e+00   0.000000e+00   0.000000e+00   0.000000e+00   0.000000e+00   0.000000e+00   0.000000e+00   0.000000e+00   6.806000e-17   8.063000e-13   4.069000e-09   8.606000e-06   4.164000e-03   9.958000e-01
         8.5500   0.000000e+00   0.000000e+00   0.000000e+00   0.000000e+00   0.000000e+00   0.000000e+00   0.000000e+00   0.000000e+00   0.000000e+00   3.487000e-17   4.715000e-13   2.723000e-09   6.583000e-06   3.669000e-03   9.963000e-01
         8.6000   0.000000e+00   0.000000e+00   0.000000e+00   0.000000e+00   0.000000e+00   0.000000e+00   0.000000e+00   0.000000e+00   0.000000e+00   1.794000e-17   2.768000e-13   1.828000e-09   5.051000e-06   3.238000e-03   9.968000e-01
         8.6500   0.000000e+00   0.000000e+00   0.000000e+00   0.000000e+00   0.000000e+00   0.000000e+00   0.000000e+00   0.000000e+00   0.000000e+00   9.274000e-18   1.632000e-13   1.232000e-09   3.886000e-06   2.860000e-03   9.971000e-01
         8.7000   0.000000e+00   0.000000e+00   0.000000e+00   0.000000e+00   0.000000e+00   0.000000e+00   0.000000e+00   0.000000e+00   0.000000e+00   4.812000e-18   9.648000e-14   8.321000e-10   2.997000e-06   2.530000e-03   9.975000e-01
         8.7500   0.000000e+00   0.000000e+00   0.000000e+00   0.000000e+00   0.000000e+00   0.000000e+00   0.000000e+00   0.000000e+00   0.000000e+00   2.506000e-18   5.724000e-14   5.637000e-10   2.317000e-06   2.239000e-03   9.978000e-01
         8.8000   0.000000e+00   0.000000e+00   0.000000e+00   0.000000e+00   0.000000e+00   0.000000e+00   0.000000e+00   0.000000e+00   0.000000e+00   1.309000e-18   3.405000e-14   3.828000e-10   1.794000e-06   1.983000e-03   9.980000e-01
         8.8500   0.000000e+00   0.000000e+00   0.000000e+00   0.000000e+00   0.000000e+00   0.000000e+00   0.000000e+00   0.000000e+00   0.000000e+00   6.864000e-19   2.032000e-14   2.606000e-10   1.392000e-06   1.758000e-03   9.982000e-01
         8.9000   0.000000e+00   0.000000e+00   0.000000e+00   0.000000e+00   0.000000e+00   0.000000e+00   0.000000e+00   0.000000e+00   0.000000e+00   3.608000e-19   1.215000e-14   1.778000e-10   1.082000e-06   1.559000e-03   9.984000e-01
         8.9500   0.000000e+00   0.000000e+00   0.000000e+00   0.000000e+00   0.000000e+00   0.000000e+00   0.000000e+00   0.000000e+00   0.000000e+00   1.902000e-19   7.288000e-15   1.215000e-10   8.428000e-07   1.383000e-03   9.986000e-01
         9.0000   0.000000e+00   0.000000e+00   0.000000e+00   0.000000e+00   0.000000e+00   0.000000e+00   0.000000e+00   0.000000e+00   0.000000e+00   1.006000e-19   4.380000e-15   8.323000e-11   6.572000e-07   1.228000e-03   9.988000e-01
