# CIE ionization fractions for He (Z=2)
# Source: CHIANTI v11.0.2 chianti.ioneq (Dere et al. 2009)
# T grid: 101 log-spaced points, 10^4.00 K -> 10^9.00 K
# Generated by pyathena/photchem/data/build_ioneq_tables.py
#
# log_T_K        x_He0          x_He1          x_He2        
         4.0000   1.000000e+00   1.801648e-09   2.572097e-34
         4.0500   1.000000e+00   4.681671e-08   7.166266e-30
         4.1000   9.999991e-01   8.681432e-07   6.757652e-26
         4.1500   9.999881e-01   1.191742e-05   2.426653e-22
         4.2000   9.998749e-01   1.251248e-04   3.685823e-19
         4.2500   9.989662e-01   1.033799e-03   2.598700e-16
         4.3000   9.931303e-01   6.869679e-03   9.207077e-14
         4.3500   9.631637e-01   3.683635e-02   1.731099e-11
         4.4000   8.485006e-01   1.514994e-01   1.718498e-09
         4.4500   5.824797e-01   4.175202e-01   8.196425e-08
         4.5000   2.845492e-01   7.154490e-01   1.807215e-06
         4.5500   1.135158e-01   8.864621e-01   2.212575e-05
         4.6000   4.409278e-02   9.557209e-01   1.863023e-04
         4.6500   1.819657e-02   9.805928e-01   1.210672e-03
         4.7000   8.280199e-03   9.853266e-01   6.393154e-03
         4.7500   4.227657e-03   9.678251e-01   2.794729e-02
         4.8000   2.384216e-03   8.980807e-01   9.953513e-02
         4.8500   1.367293e-03   7.274179e-01   2.712149e-01
         4.9000   7.088430e-04   4.723939e-01   5.268973e-01
         4.9500   3.223902e-04   2.495715e-01   7.501061e-01
         5.0000   1.378723e-04   1.193221e-01   8.805400e-01
         5.0500   5.930636e-05   5.656223e-02   9.433785e-01
         5.1000   2.644700e-05   2.776426e-02   9.722093e-01
         5.1500   1.232144e-05   1.431667e-02   9.856710e-01
         5.2000   5.991630e-06   7.770843e-03   9.922232e-01
         5.2500   3.030289e-06   4.428488e-03   9.955685e-01
         5.3000   1.587594e-06   2.639112e-03   9.973593e-01
         5.3500   8.583684e-07   1.637595e-03   9.983615e-01
         5.4000   4.773386e-07   1.053668e-03   9.989459e-01
         5.4500   2.722213e-07   7.003089e-04   9.992994e-01
         5.5000   1.588008e-07   4.791401e-04   9.995207e-01
         5.5500   9.454965e-08   3.364153e-04   9.996635e-01
         5.6000   5.734764e-08   2.417290e-04   9.997582e-01
         5.6500   3.537565e-08   1.773191e-04   9.998226e-01
         5.7000   2.216205e-08   1.324985e-04   9.998675e-01
         5.7500   1.408319e-08   1.006607e-04   9.998993e-01
         5.8000   9.068182e-09   7.761833e-05   9.999224e-01
         5.8500   5.911174e-09   6.065602e-05   9.999393e-01
         5.9000   3.897821e-09   4.797504e-05   9.999520e-01
         5.9500   2.598189e-09   3.836046e-05   9.999616e-01
         6.0000   1.749702e-09   3.097665e-05   9.999690e-01
         6.0500   1.189807e-09   2.523916e-05   9.999748e-01
         6.1000   8.165956e-10   2.073282e-05   9.999793e-01
         6.1500   5.654231e-10   1.715844e-05   9.999828e-01
         6.2000   3.948274e-10   1.429745e-05   9.999857e-01
         6.2500   2.779385e-10   1.198826e-05   9.999880e-01
         6.3000   1.971713e-10   1.010993e-05   9.999899e-01
         6.3500   1.409098e-10   8.571038e-06   9.999914e-01
         6.4000   1.014120e-10   7.301740e-06   9.999927e-01
         6.4500   7.347443e-11   6.248204e-06   9.999938e-01
         6.5000   5.357068e-11   5.368579e-06   9.999946e-01
         6.5500   3.929206e-11   4.630067e-06   9.999954e-01
         6.6000   2.898077e-11   4.006781e-06   9.999960e-01
         6.6500   2.148725e-11   3.478142e-06   9.999965e-01
         6.7000   1.600868e-11   3.027693e-06   9.999970e-01
         6.7500   1.198040e-11   2.642192e-06   9.999974e-01
         6.8000   9.002602e-12   2.310923e-06   9.999977e-01
         6.8500   6.790269e-12   2.025169e-06   9.999980e-01
         6.9000   5.138942e-12   1.777803e-06   9.999982e-01
         6.9500   3.901026e-12   1.562969e-06   9.999984e-01
         7.0000   2.969332e-12   1.375831e-06   9.999986e-01
         7.0500   2.265565e-12   1.212377e-06   9.999988e-01
         7.1000   1.732220e-12   1.069262e-06   9.999989e-01
         7.1500   1.326835e-12   9.436843e-07   9.999991e-01
         7.2000   1.017899e-12   8.332863e-07   9.999992e-01
         7.2500   7.819186e-13   7.360743e-07   9.999993e-01
         7.3000   6.013006e-13   6.503541e-07   9.999993e-01
         7.3500   4.628141e-13   5.746799e-07   9.999994e-01
         7.4000   3.564731e-13   5.078116e-07   9.999995e-01
         7.4500   2.747134e-13   4.486810e-07   9.999996e-01
         7.5000   2.117880e-13   3.963643e-07   9.999996e-01
         7.5500   1.633178e-13   3.500589e-07   9.999996e-01
         7.6000   1.259580e-13   3.090650e-07   9.999997e-01
         7.6500   9.714778e-14   2.727704e-07   9.999997e-01
         7.7000   7.492313e-14   2.406376e-07   9.999998e-01
         7.7500   5.777514e-14   2.121938e-07   9.999998e-01
         7.8000   4.454295e-14   1.870214e-07   9.999998e-01
         7.8500   3.433248e-14   1.647515e-07   9.999998e-01
         7.9000   2.645445e-14   1.450571e-07   9.999999e-01
         7.9500   2.037710e-14   1.276481e-07   9.999999e-01
         8.0000   1.568997e-14   1.122670e-07   9.999999e-01
         8.0500   1.207610e-14   9.868480e-08   9.999999e-01
         8.1000   9.290672e-15   8.669791e-08   9.999999e-01
         8.1500   7.144587e-15   7.612514e-08   9.999999e-01
         8.2000   5.491766e-15   6.680529e-08   9.999999e-01
         8.2500   4.219384e-15   5.859492e-08   9.999999e-01
         8.3000   3.240312e-15   5.136642e-08   9.999999e-01
         8.3500   2.487283e-15   4.500631e-08   1.000000e+00
         8.4000   1.908382e-15   3.941373e-08   1.000000e+00
         8.4500   1.463554e-15   3.449906e-08   1.000000e+00
         8.5000   1.121912e-15   3.018273e-08   1.000000e+00
         8.5500   8.596442e-16   2.639414e-08   1.000000e+00
         8.6000   6.584038e-16   2.307070e-08   1.000000e+00
         8.6500   5.040623e-16   2.015695e-08   1.000000e+00
         8.7000   3.857439e-16   1.760379e-08   1.000000e+00
         8.7500   2.950815e-16   1.536781e-08   1.000000e+00
         8.8000   2.256411e-16   1.341060e-08   1.000000e+00
         8.8500   1.724778e-16   1.169828e-08   1.000000e+00
         8.9000   1.317931e-16   1.020093e-08   1.000000e+00
         8.9500   1.006704e-16   8.892177e-09   1.000000e+00
         9.0000   7.687172e-17   7.748776e-09   1.000000e+00
