# CIE ionization fractions for Fe (Z=26)
# Source: CHIANTI v11.0.2 chianti.ioneq (Dere et al. 2009)
# T grid: 101 log-spaced points, 10^4.00 K -> 10^9.00 K
# Generated by pyathena/photchem/data/build_ioneq_tables.py
#
# log_T_K        x_Fe0          x_Fe1          x_Fe2          x_Fe3          x_Fe4          x_Fe5          x_Fe6          x_Fe7          x_Fe8          x_Fe9          x_Fe10         x_Fe11         x_Fe12         x_Fe13         x_Fe14         x_Fe15         x_Fe16         x_Fe17         x_Fe18         x_Fe19         x_Fe20         x_Fe21         x_Fe22         x_Fe23         x_Fe24         x_Fe25         x_Fe26       
         4.0000   3.177000e-01   6.823000e-01   1.876000e-05   1.343000e-17   0.000000e+00   0.000000e+00   0.000000e+00   0.000000e+00   0.000000e+00   0.000000e+00   0.000000e+00   0.000000e+00   0.000000e+00   0.000000e+00   0.000000e+00   0.000000e+00   0.000000e+00   0.000000e+00   0.000000e+00   0.000000e+00   0.000000e+00   0.000000e+00   0.000000e+00   0.000000e+00   0.000000e+00   0.000000e+00   0.000000e+00
         4.0500   1.732000e-01   8.266000e-01   1.883000e-04   7.128000e-15   0.000000e+00   0.000000e+00   0.000000e+00   0.000000e+00   0.000000e+00   0.000000e+00   0.000000e+00   0.000000e+00   0.000000e+00   0.000000e+00   0.000000e+00   0.000000e+00   0.000000e+00   0.000000e+00   0.000000e+00   0.000000e+00   0.000000e+00   0.000000e+00   0.000000e+00   0.000000e+00   0.000000e+00   0.000000e+00   0.000000e+00
         4.1000   9.511000e-02   9.035000e-01   1.372000e-03   1.801000e-12   0.000000e+00   0.000000e+00   0.000000e+00   0.000000e+00   0.000000e+00   0.000000e+00   0.000000e+00   0.000000e+00   0.000000e+00   0.000000e+00   0.000000e+00   0.000000e+00   0.000000e+00   0.000000e+00   0.000000e+00   0.000000e+00   0.000000e+00   0.000000e+00   0.000000e+00   0.000000e+00   0.000000e+00   0.000000e+00   0.000000e+00
         4.1500   5.369000e-02   9.385000e-01   7.812000e-03   2.448000e-10   0.000000e+00   0.000000e+00   0.000000e+00   0.000000e+00   0.000000e+00   0.000000e+00   0.000000e+00   0.000000e+00   0.000000e+00   0.000000e+00   0.000000e+00   0.000000e+00   0.000000e+00   0.000000e+00   0.000000e+00   0.000000e+00   0.000000e+00   0.000000e+00   0.000000e+00   0.000000e+00   0.000000e+00   0.000000e+00   0.000000e+00
         4.2000   3.081000e-02   9.334000e-01   3.577000e-02   1.918000e-08   0.000000e+00   0.000000e+00   0.000000e+00   0.000000e+00   0.000000e+00   0.000000e+00   0.000000e+00   0.000000e+00   0.000000e+00   0.000000e+00   0.000000e+00   0.000000e+00   0.000000e+00   0.000000e+00   0.000000e+00   0.000000e+00   0.000000e+00   0.000000e+00   0.000000e+00   0.000000e+00   0.000000e+00   0.000000e+00   0.000000e+00
         4.2500   1.701000e-02   8.543000e-01   1.287000e-01   8.801000e-07   3.076000e-19   0.000000e+00   0.000000e+00   0.000000e+00   0.000000e+00   0.000000e+00   0.000000e+00   0.000000e+00   0.000000e+00   0.000000e+00   0.000000e+00   0.000000e+00   0.000000e+00   0.000000e+00   0.000000e+00   0.000000e+00   0.000000e+00   0.000000e+00   0.000000e+00   0.000000e+00   0.000000e+00   0.000000e+00   0.000000e+00
         4.3000   8.182000e-03   6.556000e-01   3.362000e-01   2.255000e-05   4.893000e-16   0.000000e+00   0.000000e+00   0.000000e+00   0.000000e+00   0.000000e+00   0.000000e+00   0.000000e+00   0.000000e+00   0.000000e+00   0.000000e+00   0.000000e+00   0.000000e+00   0.000000e+00   0.000000e+00   0.000000e+00   0.000000e+00   0.000000e+00   0.000000e+00   0.000000e+00   0.000000e+00   0.000000e+00   0.000000e+00
         4.3500   3.182000e-03   3.940000e-01   6.025000e-01   3.132000e-04   2.757000e-13   0.000000e+00   0.000000e+00   0.000000e+00   0.000000e+00   0.000000e+00   0.000000e+00   0.000000e+00   0.000000e+00   0.000000e+00   0.000000e+00   0.000000e+00   0.000000e+00   0.000000e+00   0.000000e+00   0.000000e+00   0.000000e+00   0.000000e+00   0.000000e+00   0.000000e+00   0.000000e+00   0.000000e+00   0.000000e+00
         4.4000   1.061000e-03   1.981000e-01   7.982000e-01   2.609000e-03   6.338000e-11   0.000000e+00   0.000000e+00   0.000000e+00   0.000000e+00   0.000000e+00   0.000000e+00   0.000000e+00   0.000000e+00   0.000000e+00   0.000000e+00   0.000000e+00   0.000000e+00   0.000000e+00   0.000000e+00   0.000000e+00   0.000000e+00   0.000000e+00   0.000000e+00   0.000000e+00   0.000000e+00   0.000000e+00   0.000000e+00
         4.4500   3.399000e-04   9.410000e-02   8.904000e-01   1.518000e-02   7.181000e-09   3.431000e-19   0.000000e+00   0.000000e+00   0.000000e+00   0.000000e+00   0.000000e+00   0.000000e+00   0.000000e+00   0.000000e+00   0.000000e+00   0.000000e+00   0.000000e+00   0.000000e+00   0.000000e+00   0.000000e+00   0.000000e+00   0.000000e+00   0.000000e+00   0.000000e+00   0.000000e+00   0.000000e+00   0.000000e+00
         4.5000   1.102000e-04   4.433000e-02   8.888000e-01   6.676000e-02   4.493000e-07   6.480000e-16   0.000000e+00   0.000000e+00   0.000000e+00   0.000000e+00   0.000000e+00   0.000000e+00   0.000000e+00   0.000000e+00   0.000000e+00   0.000000e+00   0.000000e+00   0.000000e+00   0.000000e+00   0.000000e+00   0.000000e+00   0.000000e+00   0.000000e+00   0.000000e+00   0.000000e+00   0.000000e+00   0.000000e+00
         4.5500   3.444000e-05   1.971000e-02   7.640000e-01   2.163000e-01   1.563000e-05   4.754000e-13   0.000000e+00   0.000000e+00   0.000000e+00   0.000000e+00   0.000000e+00   0.000000e+00   0.000000e+00   0.000000e+00   0.000000e+00   0.000000e+00   0.000000e+00   0.000000e+00   0.000000e+00   0.000000e+00   0.000000e+00   0.000000e+00   0.000000e+00   0.000000e+00   0.000000e+00   0.000000e+00   0.000000e+00
         4.6000   9.303000e-06   7.454000e-03   5.158000e-01   4.764000e-01   2.857000e-04   1.329000e-10   1.757000e-20   0.000000e+00   0.000000e+00   0.000000e+00   0.000000e+00   0.000000e+00   0.000000e+00   0.000000e+00   0.000000e+00   0.000000e+00   0.000000e+00   0.000000e+00   0.000000e+00   0.000000e+00   0.000000e+00   0.000000e+00   0.000000e+00   0.000000e+00   0.000000e+00   0.000000e+00   0.000000e+00
         4.6500   2.136000e-06   2.376000e-03   2.739000e-01   7.209000e-01   2.832000e-03   1.509000e-08   5.587000e-17   0.000000e+00   0.000000e+00   0.000000e+00   0.000000e+00   0.000000e+00   0.000000e+00   0.000000e+00   0.000000e+00   0.000000e+00   0.000000e+00   0.000000e+00   0.000000e+00   0.000000e+00   0.000000e+00   0.000000e+00   0.000000e+00   0.000000e+00   0.000000e+00   0.000000e+00   0.000000e+00
         4.7000   4.651000e-07   7.092000e-04   1.288000e-01   8.528000e-01   1.769000e-02   8.326000e-07   6.000000e-14   0.000000e+00   0.000000e+00   0.000000e+00   0.000000e+00   0.000000e+00   0.000000e+00   0.000000e+00   0.000000e+00   0.000000e+00   0.000000e+00   0.000000e+00   0.000000e+00   0.000000e+00   0.000000e+00   0.000000e+00   0.000000e+00   0.000000e+00   0.000000e+00   0.000000e+00   0.000000e+00
         4.7500   1.033000e-07   2.127000e-04   5.820000e-02   8.638000e-01   7.773000e-02   2.557000e-05   2.543000e-11   0.000000e+00   0.000000e+00   0.000000e+00   0.000000e+00   0.000000e+00   0.000000e+00   0.000000e+00   0.000000e+00   0.000000e+00   0.000000e+00   0.000000e+00   0.000000e+00   0.000000e+00   0.000000e+00   0.000000e+00   0.000000e+00   0.000000e+00   0.000000e+00   0.000000e+00   0.000000e+00
         4.8000   2.239000e-08   6.152000e-05   2.448000e-02   7.353000e-01   2.397000e-01   4.460000e-04   4.372000e-09   2.050000e-17   0.000000e+00   0.000000e+00   0.000000e+00   0.000000e+00   0.000000e+00   0.000000e+00   0.000000e+00   0.000000e+00   0.000000e+00   0.000000e+00   0.000000e+00   0.000000e+00   0.000000e+00   0.000000e+00   0.000000e+00   0.000000e+00   0.000000e+00   0.000000e+00   0.000000e+00
         4.8500   4.334000e-09   1.578000e-05   8.868000e-03   4.932000e-01   4.937000e-01   4.289000e-03   2.964000e-07   1.853000e-14   0.000000e+00   0.000000e+00   0.000000e+00   0.000000e+00   0.000000e+00   0.000000e+00   0.000000e+00   0.000000e+00   0.000000e+00   0.000000e+00   0.000000e+00   0.000000e+00   0.000000e+00   0.000000e+00   0.000000e+00   0.000000e+00   0.000000e+00   0.000000e+00   0.000000e+00
         4.9000   7.494000e-10   3.588000e-06   2.778000e-03   2.660000e-01   7.071000e-01   2.415000e-02   8.580000e-06   5.409000e-12   0.000000e+00   0.000000e+00   0.000000e+00   0.000000e+00   0.000000e+00   0.000000e+00   0.000000e+00   0.000000e+00   0.000000e+00   0.000000e+00   0.000000e+00   0.000000e+00   0.000000e+00   0.000000e+00   0.000000e+00   0.000000e+00   0.000000e+00   0.000000e+00   0.000000e+00
         4.9500   1.239000e-10   7.731000e-07   8.089000e-04   1.259000e-01   7.831000e-01   9.009000e-02   1.257000e-04   6.217000e-10   1.264000e-17   0.000000e+00   0.000000e+00   0.000000e+00   0.000000e+00   0.000000e+00   0.000000e+00   0.000000e+00   0.000000e+00   0.000000e+00   0.000000e+00   0.000000e+00   0.000000e+00   0.000000e+00   0.000000e+00   0.000000e+00   0.000000e+00   0.000000e+00   0.000000e+00
         5.0000   1.987000e-11   1.603000e-07   2.232000e-04   5.395000e-02   7.060000e-01   2.388000e-01   1.062000e-03   3.284000e-08   6.139000e-15   0.000000e+00   0.000000e+00   0.000000e+00   0.000000e+00   0.000000e+00   0.000000e+00   0.000000e+00   0.000000e+00   0.000000e+00   0.000000e+00   0.000000e+00   0.000000e+00   0.000000e+00   0.000000e+00   0.000000e+00   0.000000e+00   0.000000e+00   0.000000e+00
         5.0500   2.984000e-12   3.089000e-08   5.656000e-05   2.053000e-02   5.174000e-01   4.565000e-01   5.536000e-03   8.724000e-07   1.176000e-12   0.000000e+00   0.000000e+00   0.000000e+00   0.000000e+00   0.000000e+00   0.000000e+00   0.000000e+00   0.000000e+00   0.000000e+00   0.000000e+00   0.000000e+00   0.000000e+00   0.000000e+00   0.000000e+00   0.000000e+00   0.000000e+00   0.000000e+00   0.000000e+00
         5.1000   4.213000e-13   5.560000e-09   1.324000e-05   7.023000e-03   3.169000e-01   6.568000e-01   1.930000e-02   1.288000e-05   1.008000e-10   1.764000e-19   0.000000e+00   0.000000e+00   0.000000e+00   0.000000e+00   0.000000e+00   0.000000e+00   0.000000e+00   0.000000e+00   0.000000e+00   0.000000e+00   0.000000e+00   0.000000e+00   0.000000e+00   0.000000e+00   0.000000e+00   0.000000e+00   0.000000e+00
         5.1500   5.869000e-14   9.817000e-10   3.016000e-06   2.285000e-03   1.739000e-01   7.735000e-01   5.020000e-02   1.200000e-04   4.500000e-09   8.595000e-17   0.000000e+00   0.000000e+00   0.000000e+00   0.000000e+00   0.000000e+00   0.000000e+00   0.000000e+00   0.000000e+00   0.000000e+00   0.000000e+00   0.000000e+00   0.000000e+00   0.000000e+00   0.000000e+00   0.000000e+00   0.000000e+00   0.000000e+00
         5.2000   8.429000e-15   1.777000e-10   6.990000e-07   7.417000e-04   9.075000e-02   8.012000e-01   1.065000e-01   7.848000e-04   1.187000e-07   1.906000e-14   0.000000e+00   0.000000e+00   0.000000e+00   0.000000e+00   0.000000e+00   0.000000e+00   0.000000e+00   0.000000e+00   0.000000e+00   0.000000e+00   0.000000e+00   0.000000e+00   0.000000e+00   0.000000e+00   0.000000e+00   0.000000e+00   0.000000e+00
         5.2500   1.258000e-15   3.328000e-11   1.667000e-07   2.436000e-04   4.606000e-02   7.564000e-01   1.934000e-01   3.842000e-03   2.012000e-06   2.154000e-12   2.332000e-19   0.000000e+00   0.000000e+00   0.000000e+00   0.000000e+00   0.000000e+00   0.000000e+00   0.000000e+00   0.000000e+00   0.000000e+00   0.000000e+00   0.000000e+00   0.000000e+00   0.000000e+00   0.000000e+00   0.000000e+00   0.000000e+00
         5.3000   1.941000e-16   6.403000e-12   4.063000e-08   8.058000e-05   2.276000e-02   6.566000e-01   3.060000e-01   1.457000e-02   2.307000e-05   1.341000e-10   1.014000e-16   0.000000e+00   0.000000e+00   0.000000e+00   0.000000e+00   0.000000e+00   0.000000e+00   0.000000e+00   0.000000e+00   0.000000e+00   0.000000e+00   0.000000e+00   0.000000e+00   0.000000e+00   0.000000e+00   0.000000e+00   0.000000e+00
         5.3500   3.032000e-17   1.242000e-12   9.926000e-09   2.642000e-05   1.083000e-02   5.221000e-01   4.232000e-01   4.362000e-02   1.854000e-04   4.887000e-09   2.103000e-14   1.092000e-20   0.000000e+00   0.000000e+00   0.000000e+00   0.000000e+00   0.000000e+00   0.000000e+00   0.000000e+00   0.000000e+00   0.000000e+00   0.000000e+00   0.000000e+00   0.000000e+00   0.000000e+00   0.000000e+00   0.000000e+00
         5.4000   4.701000e-18   2.378000e-13   2.383000e-09   8.429000e-06   4.884000e-03   3.779000e-01   5.115000e-01   1.047000e-01   1.076000e-03   1.097000e-07   2.242000e-12   6.362000e-18   0.000000e+00   0.000000e+00   0.000000e+00   0.000000e+00   0.000000e+00   0.000000e+00   0.000000e+00   0.000000e+00   0.000000e+00   0.000000e+00   0.000000e+00   0.000000e+00   0.000000e+00   0.000000e+00   0.000000e+00
         5.4500   7.098000e-19   4.416000e-14   5.533000e-10   2.576000e-06   2.067000e-03   2.481000e-01   5.409000e-01   2.043000e-01   4.643000e-03   1.592000e-06   1.318000e-10   1.715000e-15   0.000000e+00   0.000000e+00   0.000000e+00   0.000000e+00   0.000000e+00   0.000000e+00   0.000000e+00   0.000000e+00   0.000000e+00   0.000000e+00   0.000000e+00   0.000000e+00   0.000000e+00   0.000000e+00   0.000000e+00
         5.5000   1.041000e-19   7.946000e-15   1.241000e-10   7.532000e-07   8.226000e-04   1.484000e-01   5.047000e-01   3.307000e-01   1.537000e-02   1.571000e-05   4.574000e-09   2.339000e-13   2.563000e-18   0.000000e+00   0.000000e+00   0.000000e+00   0.000000e+00   0.000000e+00   0.000000e+00   0.000000e+00   0.000000e+00   0.000000e+00   0.000000e+00   0.000000e+00   0.000000e+00   0.000000e+00   0.000000e+00
         5.5500   1.488000e-20   1.393000e-15   2.708000e-11   2.118000e-07   3.107000e-04   8.172000e-02   4.219000e-01   4.555000e-01   4.047000e-02   1.109000e-04   1.003000e-07   1.759000e-11   7.888000e-16   0.000000e+00   0.000000e+00   0.000000e+00   0.000000e+00   0.000000e+00   0.000000e+00   0.000000e+00   0.000000e+00   0.000000e+00   0.000000e+00   0.000000e+00   0.000000e+00   0.000000e+00   0.000000e+00
         5.6000   0.000000e+00   2.403000e-16   5.788000e-12   5.790000e-08   1.124000e-04   4.207000e-02   3.215000e-01   5.478000e-01   8.787000e-02   5.880000e-04   1.482000e-06   7.899000e-10   1.261000e-13   4.051000e-18   0.000000e+00   0.000000e+00   0.000000e+00   0.000000e+00   0.000000e+00   0.000000e+00   0.000000e+00   0.000000e+00   0.000000e+00   0.000000e+00   0.000000e+00   0.000000e+00   0.000000e+00
         5.6500   0.000000e+00   4.099000e-17   1.216000e-12   1.548000e-08   3.921000e-05   2.050000e-02   2.269000e-01   5.881000e-01   1.621000e-01   2.441000e-03   1.557000e-05   2.269000e-08   1.141000e-11   1.281000e-15   3.943000e-20   0.000000e+00   0.000000e+00   0.000000e+00   0.000000e+00   0.000000e+00   0.000000e+00   0.000000e+00   0.000000e+00   0.000000e+00   0.000000e+00   0.000000e+00   0.000000e+00
         5.7000   0.000000e+00   6.932000e-18   2.528000e-13   4.072000e-09   1.330000e-05   9.525000e-03   1.497000e-01   5.727000e-01   2.597000e-01   8.193000e-03   1.216000e-04   4.411000e-07   6.263000e-10   2.186000e-13   2.314000e-17   0.000000e+00   0.000000e+00   0.000000e+00   0.000000e+00   0.000000e+00   0.000000e+00   0.000000e+00   0.000000e+00   0.000000e+00   0.000000e+00   0.000000e+00   0.000000e+00
         5.7500   0.000000e+00   1.161000e-18   5.205000e-14   1.054000e-09   4.402000e-06   4.239000e-03   9.300000e-02   5.114000e-01   3.678000e-01   2.281000e-02   7.308000e-04   6.080000e-06   2.215000e-08   2.164000e-11   7.035000e-15   5.226000e-19   0.000000e+00   0.000000e+00   0.000000e+00   0.000000e+00   0.000000e+00   0.000000e+00   0.000000e+00   0.000000e+00   0.000000e+00   0.000000e+00   0.000000e+00
         5.8000   0.000000e+00   1.926000e-19   1.061000e-14   2.680000e-10   1.420000e-06   1.808000e-03   5.449000e-02   4.213000e-01   4.652000e-01   5.365000e-02   3.477000e-03   6.165000e-05   5.296000e-07   1.320000e-09   1.193000e-12   2.888000e-16   2.064000e-19   0.000000e+00   0.000000e+00   0.000000e+00   0.000000e+00   0.000000e+00   0.000000e+00   0.000000e+00   0.000000e+00   0.000000e+00   0.000000e+00
         5.8500   0.000000e+00   3.154000e-20   2.125000e-15   6.638000e-11   4.432000e-07   7.354000e-04   3.002000e-02   3.202000e-01   5.275000e-01   1.077000e-01   1.333000e-02   4.725000e-04   8.879000e-06   5.206000e-08   1.197000e-10   8.547000e-14   1.922000e-16   0.000000e+00   0.000000e+00   0.000000e+00   0.000000e+00   0.000000e+00   0.000000e+00   0.000000e+00   0.000000e+00   0.000000e+00   0.000000e+00
         5.9000   0.000000e+00   0.000000e+00   4.106000e-16   1.578000e-11   1.315000e-07   2.814000e-04   1.536000e-02   2.224000e-01   5.332000e-01   1.845000e-01   4.144000e-02   2.775000e-03   1.068000e-04   1.370000e-06   7.427000e-09   1.435000e-11   9.127000e-14   0.000000e+00   0.000000e+00   0.000000e+00   0.000000e+00   0.000000e+00   0.000000e+00   0.000000e+00   0.000000e+00   0.000000e+00   0.000000e+00
         5.9500   0.000000e+00   0.000000e+00   7.433000e-17   3.506000e-12   3.610000e-08   9.889000e-05   7.132000e-03   1.381000e-01   4.715000e-01   2.661000e-01   1.037000e-01   1.248000e-02   9.279000e-04   2.445000e-05   2.923000e-07   1.416000e-09   2.299000e-11   9.580000e-18   0.000000e+00   0.000000e+00   0.000000e+00   0.000000e+00   0.000000e+00   0.000000e+00   0.000000e+00   0.000000e+00   0.000000e+00
         6.0000   0.000000e+00   0.000000e+00   1.216000e-17   7.006000e-13   8.865000e-09   3.082000e-05   2.905000e-03   7.431000e-02   3.543000e-01   3.152000e-01   2.048000e-01   4.241000e-02   5.787000e-03   2.962000e-04   7.365000e-06   8.370000e-08   3.122000e-09   8.205000e-15   0.000000e+00   0.000000e+00   0.000000e+00   0.000000e+00   0.000000e+00   0.000000e+00   0.000000e+00   0.000000e+00   0.000000e+00
         6.0500   0.000000e+00   0.000000e+00   1.733000e-18   1.212000e-13   1.882000e-09   8.229000e-06   1.003000e-03   3.353000e-02   2.194000e-01   2.986000e-01   3.123000e-01   1.070000e-01   2.562000e-02   2.428000e-03   1.191000e-04   2.988000e-06   2.306000e-07   3.095000e-12   6.541000e-18   0.000000e+00   0.000000e+00   0.000000e+00   0.000000e+00   0.000000e+00   0.000000e+00   0.000000e+00   0.000000e+00
         6.1000   0.000000e+00   0.000000e+00   2.110000e-19   1.782000e-14   3.375000e-10   1.833000e-06   2.859000e-04   1.238000e-02   1.095000e-01   2.220000e-01   3.622000e-01   1.986000e-01   8.018000e-02   1.348000e-02   1.245000e-03   6.507000e-05   9.396000e-06   5.320000e-10   5.574000e-15   0.000000e+00   0.000000e+00   0.000000e+00   0.000000e+00   0.000000e+00   0.000000e+00   0.000000e+00   0.000000e+00
         6.1500   0.000000e+00   0.000000e+00   2.161000e-20   2.194000e-15   5.018000e-11   3.346000e-07   6.617000e-05   3.676000e-03   4.336000e-02   1.281000e-01   3.170000e-01   2.700000e-01   1.774000e-01   5.094000e-02   8.487000e-03   8.747000e-04   2.157000e-04   4.342000e-08   1.888000e-12   1.462000e-17   0.000000e+00   0.000000e+00   0.000000e+00   0.000000e+00   0.000000e+00   0.000000e+00   0.000000e+00
         6.2000   0.000000e+00   0.000000e+00   0.000000e+00   2.196000e-16   6.035000e-12   4.905000e-08   1.220000e-05   8.630000e-04   1.341000e-02   5.651000e-02   2.070000e-01   2.666000e-01   2.764000e-01   1.312000e-01   3.788000e-02   7.293000e-03   2.846000e-03   1.749000e-06   2.687000e-10   8.602000e-15   8.845000e-20   0.000000e+00   0.000000e+00   0.000000e+00   0.000000e+00   0.000000e+00   0.000000e+00
         6.2500   0.000000e+00   0.000000e+00   0.000000e+00   1.713000e-17   5.649000e-13   5.590000e-09   1.733000e-06   1.551000e-04   3.143000e-03   1.856000e-02   9.839000e-02   1.872000e-01   2.977000e-01   2.267000e-01   1.093000e-01   3.727000e-02   2.162000e-02   3.553000e-05   1.671000e-08   1.893000e-12   7.674000e-17   0.000000e+00   0.000000e+00   0.000000e+00   0.000000e+00   0.000000e+00   0.000000e+00
         6.3000   0.000000e+00   0.000000e+00   0.000000e+00   9.995000e-19   3.941000e-14   4.722000e-10   1.812000e-07   2.037000e-05   5.334000e-04   4.341000e-03   3.266000e-02   8.985000e-02   2.139000e-01   2.543000e-01   1.976000e-01   1.133000e-01   9.318000e-02   3.648000e-04   4.619000e-07   1.612000e-10   2.227000e-14   9.442000e-19   0.000000e+00   0.000000e+00   0.000000e+00   0.000000e+00   0.000000e+00
         6.3500   0.000000e+00   0.000000e+00   0.000000e+00   4.398000e-20   2.057000e-15   2.956000e-11   1.394000e-08   1.957000e-06   6.565000e-05   7.257000e-04   7.611000e-03   2.971000e-02   1.035000e-01   1.874000e-01   2.269000e-01   2.082000e-01   2.339000e-01   1.979000e-03   6.029000e-06   5.725000e-09   2.365000e-12   3.297000e-16   1.893000e-20   0.000000e+00   0.000000e+00   0.000000e+00   0.000000e+00
         6.4000   0.000000e+00   0.000000e+00   0.000000e+00   0.000000e+00   8.974000e-17   1.535000e-12   8.835000e-10   1.541000e-07   6.574000e-06   9.740000e-05   1.401000e-03   7.630000e-03   3.811000e-02   1.026000e-01   1.878000e-01   2.632000e-01   3.926000e-01   6.602000e-03   4.394000e-05   1.017000e-07   1.118000e-10   4.531000e-14   8.307000e-18   0.000000e+00   0.000000e+00   0.000000e+00   0.000000e+00
         6.4500   0.000000e+00   0.000000e+00   0.000000e+00   0.000000e+00   3.776000e-18   7.650000e-14   5.345000e-11   1.151000e-08   6.204000e-07   1.217000e-05   2.367000e-04   1.771000e-03   1.244000e-02   4.879000e-02   1.309000e-01   2.688000e-01   5.206000e-01   1.624000e-02   2.171000e-04   1.114000e-06   2.939000e-09   3.100000e-12   1.618000e-15   3.654000e-19   0.000000e+00   0.000000e+00   0.000000e+00
         6.5000   0.000000e+00   0.000000e+00   0.000000e+00   0.000000e+00   1.674000e-19   4.000000e-15   3.374000e-12   8.935000e-10   6.040000e-08   1.552000e-06   4.027000e-05   4.080000e-04   3.965000e-03   2.218000e-02   8.492000e-02   2.461000e-01   6.084000e-01   3.317000e-02   8.305000e-04   8.693000e-06   5.029000e-08   1.252000e-10   1.678000e-13   1.043000e-16   5.354000e-20   0.000000e+00   0.000000e+00
         6.5500   0.000000e+00   0.000000e+00   0.000000e+00   0.000000e+00   0.000000e+00   2.272000e-16   2.302000e-13   7.458000e-11   6.288000e-09   2.095000e-07   7.165000e-06   9.701000e-05   1.283000e-03   1.005000e-02   5.356000e-02   2.122000e-01   6.602000e-01   5.992000e-02   2.644000e-03   5.263000e-05   6.170000e-07   3.326000e-09   1.044000e-11   1.615000e-14   2.151000e-17   0.000000e+00   0.000000e+00
         6.6000   0.000000e+00   0.000000e+00   0.000000e+00   0.000000e+00   0.000000e+00   1.409000e-17   1.708000e-14   6.737000e-12   7.044000e-10   3.013000e-08   1.344000e-06   2.404000e-05   4.265000e-04   4.594000e-03   3.332000e-02   1.755000e-01   6.801000e-01   9.853000e-02   7.285000e-03   2.596000e-04   5.759000e-06   6.232000e-08   4.222000e-10   1.485000e-12   4.698000e-15   0.000000e+00   0.000000e+00
         6.6500   0.000000e+00   0.000000e+00   0.000000e+00   0.000000e+00   0.000000e+00   9.460000e-19   1.366000e-15   6.536000e-13   8.429000e-11   4.590000e-09   2.643000e-07   6.173000e-06   1.449000e-04   2.113000e-03   2.043000e-02   1.398000e-01   6.692000e-01   1.494000e-01   1.772000e-02   1.074000e-03   4.252000e-05   8.652000e-07   1.176000e-08   8.694000e-11   6.029000e-13   0.000000e+00   0.000000e+00
         6.7000   0.000000e+00   0.000000e+00   0.000000e+00   0.000000e+00   0.000000e+00   6.774000e-20   1.161000e-16   6.709000e-14   1.062000e-11   7.300000e-10   5.376000e-08   1.624000e-06   4.982000e-05   9.677000e-04   1.226000e-02   1.070000e-01   6.277000e-01   2.096000e-01   3.843000e-02   3.792000e-03   2.547000e-04   9.204000e-06   2.357000e-07   3.413000e-09   4.833000e-11   0.000000e+00   0.000000e+00
         6.7500   0.000000e+00   0.000000e+00   0.000000e+00   0.000000e+00   0.000000e+00   0.000000e+00   1.028000e-17   7.145000e-15   1.381000e-12   1.190000e-10   1.111000e-08   4.298000e-07   1.704000e-05   4.349000e-04   7.099000e-03   7.777000e-02   5.566000e-01   2.708000e-01   7.437000e-02   1.151000e-02   1.256000e-03   7.672000e-05   3.500000e-06   9.339000e-08   2.535000e-09   4.373000e-18   0.000000e+00
         6.8000   0.000000e+00   0.000000e+00   0.000000e+00   0.000000e+00   0.000000e+00   0.000000e+00   9.260000e-19   7.709000e-16   1.810000e-13   1.942000e-11   2.282000e-09   1.121000e-07   5.678000e-06   1.880000e-04   3.901000e-03   5.297000e-02   4.603000e-01   3.192000e-01   1.277000e-01   3.000000e-02   5.125000e-03   5.073000e-04   3.926000e-05   1.830000e-06   8.997000e-08   1.295000e-15   0.000000e+00
         6.8500   0.000000e+00   0.000000e+00   0.000000e+00   0.000000e+00   0.000000e+00   0.000000e+00   8.241000e-20   8.191000e-17   2.328000e-14   3.089000e-12   4.532000e-10   2.804000e-08   1.798000e-06   7.634000e-05   1.989000e-03   3.311000e-02   3.482000e-01   3.376000e-01   1.922000e-01   6.664000e-02   1.725000e-02   2.667000e-03   3.354000e-04   2.608000e-05   2.206000e-06   2.137000e-13   0.000000e+00
         6.9000   0.000000e+00   0.000000e+00   0.000000e+00   0.000000e+00   0.000000e+00   0.000000e+00   0.000000e+00   8.287000e-18   2.839000e-15   4.631000e-13   8.428000e-11   6.517000e-09   5.243000e-07   2.825000e-05   9.143000e-04   1.850000e-02   2.347000e-01   3.129000e-01   2.482000e-01   1.240000e-01   4.730000e-02   1.106000e-02   2.179000e-03   2.713000e-04   3.770000e-05   2.028000e-11   1.950000e-18
         6.9500   0.000000e+00   0.000000e+00   0.000000e+00   0.000000e+00   0.000000e+00   0.000000e+00   0.000000e+00   7.673000e-19   3.155000e-16   6.295000e-14   1.412000e-11   1.356000e-09   1.357000e-07   9.186000e-06   3.660000e-04   8.937000e-03   1.365000e-01   2.464000e-01   2.674000e-01   1.884000e-01   1.034000e-01   3.554000e-02   1.061000e-02   2.042000e-03   4.473000e-04   1.125000e-09   5.418000e-16
         7.0000   0.000000e+00   0.000000e+00   0.000000e+00   0.000000e+00   0.000000e+00   0.000000e+00   0.000000e+00   6.214000e-20   3.056000e-17   7.417000e-15   2.039000e-12   2.414000e-10   2.985000e-08   2.517000e-06   1.225000e-04   3.587000e-03   6.578000e-02   1.589000e-01   2.320000e-01   2.262000e-01   1.747000e-01   8.623000e-02   3.793000e-02   1.093000e-02   3.629000e-03   3.663000e-08   7.526000e-14
         7.0500   0.000000e+00   0.000000e+00   0.000000e+00   0.000000e+00   0.000000e+00   0.000000e+00   0.000000e+00   0.000000e+00   2.460000e-18   7.227000e-16   2.421000e-13   3.517000e-11   5.333000e-09   5.558000e-07   3.279000e-05   1.146000e-03   2.520000e-02   8.044000e-02   1.558000e-01   2.068000e-01   2.206000e-01   1.530000e-01   9.665000e-02   4.052000e-02   1.969000e-02   6.956000e-07   5.288000e-12
         7.1000   0.000000e+00   0.000000e+00   0.000000e+00   0.000000e+00   0.000000e+00   0.000000e+00   0.000000e+00   0.000000e+00   1.586000e-19   5.618000e-17   2.282000e-14   4.044000e-12   7.478000e-10   9.561000e-08   6.798000e-06   2.825000e-04   7.435000e-03   3.104000e-02   7.874000e-02   1.401000e-01   2.031000e-01   1.941000e-01   1.722000e-01   1.025000e-01   7.048000e-02   7.707000e-06   1.910000e-10
         7.1500   0.000000e+00   0.000000e+00   0.000000e+00   0.000000e+00   0.000000e+00   0.000000e+00   0.000000e+00   0.000000e+00   0.000000e+00   3.505000e-18   1.719000e-15   3.697000e-13   8.287000e-11   1.292000e-08   1.101000e-06   5.421000e-05   1.705000e-03   9.223000e-03   3.029000e-02   7.134000e-02   1.383000e-01   1.792000e-01   2.187000e-01   1.806000e-01   1.704000e-01   5.171000e-05   3.729000e-09
         7.2000   0.000000e+00   0.000000e+00   0.000000e+00   0.000000e+00   0.000000e+00   0.000000e+00   0.000000e+00   0.000000e+00   0.000000e+00   1.868000e-19   1.101000e-16   2.862000e-14   7.737000e-12   1.461000e-09   1.486000e-07   8.649000e-06   3.246000e-04   2.256000e-03   9.492000e-03   2.922000e-02   7.483000e-02   1.295000e-01   2.134000e-01   2.395000e-01   3.012000e-01   2.299000e-04   4.364000e-08
         7.2500   0.000000e+00   0.000000e+00   0.000000e+00   0.000000e+00   0.000000e+00   0.000000e+00   0.000000e+00   0.000000e+00   0.000000e+00   0.000000e+00   6.540000e-18   2.046000e-15   6.638000e-13   1.511000e-10   1.827000e-08   1.253000e-06   5.605000e-05   4.969000e-04   2.653000e-03   1.056000e-02   3.526000e-02   8.037000e-02   1.760000e-01   2.635000e-01   4.303000e-01   7.569000e-04   3.458000e-07
         7.3000   0.000000e+00   0.000000e+00   0.000000e+00   0.000000e+00   0.000000e+00   0.000000e+00   0.000000e+00   0.000000e+00   0.000000e+00   0.000000e+00   3.858000e-19   1.447000e-16   5.610000e-14   1.532000e-11   2.195000e-09   1.771000e-07   9.423000e-06   1.058000e-04   7.107000e-04   3.620000e-03   1.559000e-02   4.626000e-02   1.326000e-01   2.602000e-01   5.389000e-01   2.021000e-03   2.052000e-06
         7.3500   0.000000e+00   0.000000e+00   0.000000e+00   0.000000e+00   0.000000e+00   0.000000e+00   0.000000e+00   0.000000e+00   0.000000e+00   0.000000e+00   2.352000e-20   1.053000e-17   4.862000e-15   1.587000e-12   2.684000e-10   2.542000e-08   1.608000e-06   2.270000e-05   1.905000e-04   1.231000e-03   6.769000e-03   2.585000e-02   9.563000e-02   2.422000e-01   6.234000e-01   4.651000e-03   9.777000e-06
         7.4000   0.000000e+00   0.000000e+00   0.000000e+00   0.000000e+00   0.000000e+00   0.000000e+00   0.000000e+00   0.000000e+00   0.000000e+00   0.000000e+00   0.000000e+00   8.049000e-19   4.406000e-16   1.712000e-13   3.408000e-11   3.786000e-09   2.841000e-07   5.016000e-06   5.219000e-05   4.241000e-04   2.952000e-03   1.436000e-02   6.775000e-02   2.184000e-01   6.865000e-01   9.580000e-03   3.916000e-05
         7.4500   0.000000e+00   0.000000e+00   0.000000e+00   0.000000e+00   0.000000e+00   0.000000e+00   0.000000e+00   0.000000e+00   0.000000e+00   0.000000e+00   0.000000e+00   6.491000e-20   4.201000e-17   1.936000e-14   4.527000e-12   5.890000e-10   5.237000e-08   1.149000e-06   1.474000e-05   1.495000e-04   1.306000e-03   8.024000e-03   4.770000e-02   1.932000e-01   7.314000e-01   1.809000e-02   1.359000e-04
         7.5000   0.000000e+00   0.000000e+00   0.000000e+00   0.000000e+00   0.000000e+00   0.000000e+00   0.000000e+00   0.000000e+00   0.000000e+00   0.000000e+00   0.000000e+00   0.000000e+00   4.211000e-18   2.295000e-15   6.287000e-13   9.568000e-11   1.006000e-08   2.732000e-07   4.292000e-06   5.397000e-05   5.872000e-04   4.520000e-03   3.353000e-02   1.687000e-01   7.604000e-01   3.177000e-02   4.175000e-04
         7.5500   0.000000e+00   0.000000e+00   0.000000e+00   0.000000e+00   0.000000e+00   0.000000e+00   0.000000e+00   0.000000e+00   0.000000e+00   0.000000e+00   0.000000e+00   0.000000e+00   4.418000e-19   2.840000e-16   9.096000e-14   1.617000e-11   2.010000e-09   6.714000e-08   1.285000e-06   1.991000e-05   2.680000e-04   2.565000e-03   2.352000e-02   1.456000e-01   7.745000e-01   5.241000e-02   1.152000e-03
         7.6000   0.000000e+00   0.000000e+00   0.000000e+00   0.000000e+00   0.000000e+00   0.000000e+00   0.000000e+00   0.000000e+00   0.000000e+00   0.000000e+00   0.000000e+00   0.000000e+00   4.822000e-20   3.647000e-17   1.363000e-14   2.829000e-12   4.146000e-10   1.696000e-08   3.937000e-07   7.470000e-06   1.236000e-04   1.461000e-03   1.643000e-02   1.240000e-01   7.734000e-01   8.171000e-02   2.887000e-03
         7.6500   0.000000e+00   0.000000e+00   0.000000e+00   0.000000e+00   0.000000e+00   0.000000e+00   0.000000e+00   0.000000e+00   0.000000e+00   0.000000e+00   0.000000e+00   0.000000e+00   0.000000e+00   4.825000e-18   2.101000e-15   5.084000e-13   8.773000e-11   4.378000e-09   1.226000e-07   2.834000e-06   5.730000e-05   8.309000e-04   1.138000e-02   1.040000e-01   7.564000e-01   1.208000e-01   6.620000e-03
         7.7000   0.000000e+00   0.000000e+00   0.000000e+00   0.000000e+00   0.000000e+00   0.000000e+00   0.000000e+00   0.000000e+00   0.000000e+00   0.000000e+00   0.000000e+00   0.000000e+00   0.000000e+00   6.529000e-19   3.306000e-16   9.323000e-14   1.891000e-11   1.146000e-09   3.858000e-08   1.080000e-06   2.655000e-05   4.697000e-04   7.783000e-03   8.547000e-02   7.228000e-01   1.695000e-01   1.396000e-02
         7.7500   0.000000e+00   0.000000e+00   0.000000e+00   0.000000e+00   0.000000e+00   0.000000e+00   0.000000e+00   0.000000e+00   0.000000e+00   0.000000e+00   0.000000e+00   0.000000e+00   0.000000e+00   8.969000e-20   5.274000e-17   1.731000e-14   4.122000e-12   3.020000e-10   1.217000e-08   4.112000e-07   1.222000e-05   2.623000e-04   5.228000e-03   6.863000e-02   6.729000e-01   2.258000e-01   2.716000e-02
         7.8000   0.000000e+00   0.000000e+00   0.000000e+00   0.000000e+00   0.000000e+00   0.000000e+00   0.000000e+00   0.000000e+00   0.000000e+00   0.000000e+00   0.000000e+00   0.000000e+00   0.000000e+00   1.242000e-20   8.468000e-18   3.233000e-15   9.019000e-13   7.961000e-11   3.829000e-09   1.553000e-07   5.555000e-06   1.439000e-04   3.433000e-03   5.361000e-02   6.083000e-01   2.856000e-01   4.889000e-02
         7.8500   0.000000e+00   0.000000e+00   0.000000e+00   0.000000e+00   0.000000e+00   0.000000e+00   0.000000e+00   0.000000e+00   0.000000e+00   0.000000e+00   0.000000e+00   0.000000e+00   0.000000e+00   0.000000e+00   1.361000e-18   6.035000e-16   1.970000e-13   2.087000e-11   1.194000e-09   5.792000e-08   2.482000e-06   7.728000e-05   2.195000e-03   4.061000e-02   5.325000e-01   3.429000e-01   8.163000e-02
         7.9000   0.000000e+00   0.000000e+00   0.000000e+00   0.000000e+00   0.000000e+00   0.000000e+00   0.000000e+00   0.000000e+00   0.000000e+00   0.000000e+00   0.000000e+00   0.000000e+00   0.000000e+00   0.000000e+00   2.178000e-19   1.121000e-16   4.275000e-14   5.419000e-12   3.676000e-10   2.124000e-08   1.086000e-06   4.047000e-05   1.364000e-03   2.977000e-02   4.509000e-01   3.911000e-01   1.268000e-01
         7.9500   0.000000e+00   0.000000e+00   0.000000e+00   0.000000e+00   0.000000e+00   0.000000e+00   0.000000e+00   0.000000e+00   0.000000e+00   0.000000e+00   0.000000e+00   0.000000e+00   0.000000e+00   0.000000e+00   3.465000e-20   2.070000e-17   9.201000e-15   1.391000e-12   1.116000e-10   7.652000e-09   4.653000e-07   2.066000e-05   8.229000e-04   2.113000e-02   3.693000e-01   4.247000e-01   1.841000e-01
         8.0000   0.000000e+00   0.000000e+00   0.000000e+00   0.000000e+00   0.000000e+00   0.000000e+00   0.000000e+00   0.000000e+00   0.000000e+00   0.000000e+00   0.000000e+00   0.000000e+00   0.000000e+00   0.000000e+00   0.000000e+00   3.794000e-18   1.964000e-15   3.531000e-13   3.339000e-11   2.710000e-09   1.952000e-07   1.029000e-05   4.829000e-04   1.455000e-02   2.932000e-01   4.407000e-01   2.510000e-01
         8.0500   0.000000e+00   0.000000e+00   0.000000e+00   0.000000e+00   0.000000e+00   0.000000e+00   0.000000e+00   0.000000e+00   0.000000e+00   0.000000e+00   0.000000e+00   0.000000e+00   0.000000e+00   0.000000e+00   0.000000e+00   6.925000e-19   4.169000e-16   8.884000e-14   9.885000e-12   9.462000e-10   8.048000e-08   5.021000e-06   2.767000e-04   9.757000e-03   2.267000e-01   4.393000e-01   3.240000e-01
         8.1000   0.000000e+00   0.000000e+00   0.000000e+00   0.000000e+00   0.000000e+00   0.000000e+00   0.000000e+00   0.000000e+00   0.000000e+00   0.000000e+00   0.000000e+00   0.000000e+00   0.000000e+00   0.000000e+00   0.000000e+00   1.263000e-19   8.827000e-17   2.224000e-14   2.904000e-12   3.270000e-10   3.275000e-08   2.409000e-06   1.556000e-04   6.405000e-03   1.714000e-01   4.234000e-01   3.986000e-01
         8.1500   0.000000e+00   0.000000e+00   0.000000e+00   0.000000e+00   0.000000e+00   0.000000e+00   0.000000e+00   0.000000e+00   0.000000e+00   0.000000e+00   0.000000e+00   0.000000e+00   0.000000e+00   0.000000e+00   0.000000e+00   2.308000e-20   1.872000e-17   5.560000e-15   8.506000e-13   1.123000e-10   1.321000e-08   1.143000e-06   8.625000e-05   4.138000e-03   1.276000e-01   3.971000e-01   4.711000e-01
         8.2000   0.000000e+00   0.000000e+00   0.000000e+00   0.000000e+00   0.000000e+00   0.000000e+00   0.000000e+00   0.000000e+00   0.000000e+00   0.000000e+00   0.000000e+00   0.000000e+00   0.000000e+00   0.000000e+00   0.000000e+00   0.000000e+00   3.989000e-18   1.394000e-15   2.493000e-13   3.854000e-11   5.308000e-09   5.388000e-07   4.740000e-05   2.645000e-03   9.387000e-02   3.645000e-01   5.389000e-01
         8.2500   0.000000e+00   0.000000e+00   0.000000e+00   0.000000e+00   0.000000e+00   0.000000e+00   0.000000e+00   0.000000e+00   0.000000e+00   0.000000e+00   0.000000e+00   0.000000e+00   0.000000e+00   0.000000e+00   0.000000e+00   0.000000e+00   8.574000e-19   3.518000e-16   7.341000e-14   1.325000e-11   2.133000e-09   2.534000e-07   2.593000e-05   1.681000e-03   6.861000e-02   3.293000e-01   6.003000e-01
         8.3000   0.000000e+00   0.000000e+00   0.000000e+00   0.000000e+00   0.000000e+00   0.000000e+00   0.000000e+00   0.000000e+00   0.000000e+00   0.000000e+00   0.000000e+00   0.000000e+00   0.000000e+00   0.000000e+00   0.000000e+00   0.000000e+00   1.863000e-19   8.956000e-17   2.177000e-14   4.582000e-12   8.597000e-10   1.192000e-07   1.418000e-05   1.065000e-03   5.001000e-02   2.941000e-01   6.548000e-01
         8.3500   0.000000e+00   0.000000e+00   0.000000e+00   0.000000e+00   0.000000e+00   0.000000e+00   0.000000e+00   0.000000e+00   0.000000e+00   0.000000e+00   0.000000e+00   0.000000e+00   0.000000e+00   0.000000e+00   0.000000e+00   0.000000e+00   4.103000e-20   2.306000e-17   6.521000e-15   1.596000e-12   3.486000e-10   5.633000e-08   7.766000e-06   6.758000e-04   3.645000e-02   2.606000e-01   7.022000e-01
         8.4000   0.000000e+00   0.000000e+00   0.000000e+00   0.000000e+00   0.000000e+00   0.000000e+00   0.000000e+00   0.000000e+00   0.000000e+00   0.000000e+00   0.000000e+00   0.000000e+00   0.000000e+00   0.000000e+00   0.000000e+00   0.000000e+00   0.000000e+00   6.016000e-18   1.975000e-15   5.616000e-13   1.424000e-10   2.676000e-08   4.272000e-06   4.299000e-04   2.662000e-02   2.298000e-01   7.432000e-01
         8.4500   0.000000e+00   0.000000e+00   0.000000e+00   0.000000e+00   0.000000e+00   0.000000e+00   0.000000e+00   0.000000e+00   0.000000e+00   0.000000e+00   0.000000e+00   0.000000e+00   0.000000e+00   0.000000e+00   0.000000e+00   0.000000e+00   0.000000e+00   1.591000e-18   6.060000e-16   1.997000e-13   5.873000e-11   1.281000e-08   2.364000e-06   2.747000e-04   1.951000e-02   2.019000e-01   7.783000e-01
         8.5000   0.000000e+00   0.000000e+00   0.000000e+00   0.000000e+00   0.000000e+00   0.000000e+00   0.000000e+00   0.000000e+00   0.000000e+00   0.000000e+00   0.000000e+00   0.000000e+00   0.000000e+00   0.000000e+00   0.000000e+00   0.000000e+00   0.000000e+00   4.270000e-19   1.884000e-16   7.185000e-14   2.445000e-11   6.180000e-09   1.317000e-06   1.765000e-04   1.437000e-02   1.771000e-01   8.083000e-01
         8.5500   0.000000e+00   0.000000e+00   0.000000e+00   0.000000e+00   0.000000e+00   0.000000e+00   0.000000e+00   0.000000e+00   0.000000e+00   0.000000e+00   0.000000e+00   0.000000e+00   0.000000e+00   0.000000e+00   0.000000e+00   0.000000e+00   0.000000e+00   1.163000e-19   5.933000e-17   2.615000e-14   1.029000e-11   3.007000e-09   7.387000e-07   1.141000e-04   1.064000e-02   1.553000e-01   8.340000e-01
         8.6000   0.000000e+00   0.000000e+00   0.000000e+00   0.000000e+00   0.000000e+00   0.000000e+00   0.000000e+00   0.000000e+00   0.000000e+00   0.000000e+00   0.000000e+00   0.000000e+00   0.000000e+00   0.000000e+00   0.000000e+00   0.000000e+00   0.000000e+00   3.211000e-20   1.893000e-17   9.631000e-15   4.372000e-12   1.476000e-09   4.175000e-07   7.417000e-05   7.917000e-03   1.362000e-01   8.558000e-01
         8.6500   0.000000e+00   0.000000e+00   0.000000e+00   0.000000e+00   0.000000e+00   0.000000e+00   0.000000e+00   0.000000e+00   0.000000e+00   0.000000e+00   0.000000e+00   0.000000e+00   0.000000e+00   0.000000e+00   0.000000e+00   0.000000e+00   0.000000e+00   0.000000e+00   6.121000e-18   3.588000e-15   1.877000e-12   7.305000e-10   2.377000e-07   4.854000e-05   5.923000e-03   1.195000e-01   8.745000e-01
         8.7000   0.000000e+00   0.000000e+00   0.000000e+00   0.000000e+00   0.000000e+00   0.000000e+00   0.000000e+00   0.000000e+00   0.000000e+00   0.000000e+00   0.000000e+00   0.000000e+00   0.000000e+00   0.000000e+00   0.000000e+00   0.000000e+00   0.000000e+00   0.000000e+00   2.003000e-18   1.351000e-15   8.134000e-13   3.646000e-10   1.363000e-07   3.196000e-05   4.455000e-03   1.050000e-01   8.906000e-01
         8.7500   0.000000e+00   0.000000e+00   0.000000e+00   0.000000e+00   0.000000e+00   0.000000e+00   0.000000e+00   0.000000e+00   0.000000e+00   0.000000e+00   0.000000e+00   0.000000e+00   0.000000e+00   0.000000e+00   0.000000e+00   0.000000e+00   0.000000e+00   0.000000e+00   6.636000e-19   5.145000e-16   3.559000e-13   1.834000e-10   7.868000e-08   2.116000e-05   3.367000e-03   9.229000e-02   9.043000e-01
         8.8000   0.000000e+00   0.000000e+00   0.000000e+00   0.000000e+00   0.000000e+00   0.000000e+00   0.000000e+00   0.000000e+00   0.000000e+00   0.000000e+00   0.000000e+00   0.000000e+00   0.000000e+00   0.000000e+00   0.000000e+00   0.000000e+00   0.000000e+00   0.000000e+00   2.223000e-19   1.978000e-16   1.571000e-13   9.300000e-11   4.573000e-08   1.409000e-05   2.557000e-03   8.124000e-02   9.162000e-01
         8.8500   0.000000e+00   0.000000e+00   0.000000e+00   0.000000e+00   0.000000e+00   0.000000e+00   0.000000e+00   0.000000e+00   0.000000e+00   0.000000e+00   0.000000e+00   0.000000e+00   0.000000e+00   0.000000e+00   0.000000e+00   0.000000e+00   0.000000e+00   0.000000e+00   7.525000e-20   7.681000e-17   6.992000e-14   4.748000e-11   2.673000e-08   9.433000e-06   1.950000e-03   7.161000e-02   9.264000e-01
         8.9000   0.000000e+00   0.000000e+00   0.000000e+00   0.000000e+00   0.000000e+00   0.000000e+00   0.000000e+00   0.000000e+00   0.000000e+00   0.000000e+00   0.000000e+00   0.000000e+00   0.000000e+00   0.000000e+00   0.000000e+00   0.000000e+00   0.000000e+00   0.000000e+00   2.573000e-20   3.008000e-17   3.136000e-14   2.440000e-11   1.572000e-08   6.344000e-06   1.493000e-03   6.319000e-02   9.353000e-01
         8.9500   0.000000e+00   0.000000e+00   0.000000e+00   0.000000e+00   0.000000e+00   0.000000e+00   0.000000e+00   0.000000e+00   0.000000e+00   0.000000e+00   0.000000e+00   0.000000e+00   0.000000e+00   0.000000e+00   0.000000e+00   0.000000e+00   0.000000e+00   0.000000e+00   0.000000e+00   1.187000e-17   1.416000e-14   1.262000e-11   9.290000e-09   4.285000e-06   1.148000e-03   5.582000e-02   9.430000e-01
         9.0000   0.000000e+00   0.000000e+00   0.000000e+00   0.000000e+00   0.000000e+00   0.000000e+00   0.000000e+00   0.000000e+00   0.000000e+00   0.000000e+00   0.000000e+00   0.000000e+00   0.000000e+00   0.000000e+00   0.000000e+00   0.000000e+00   0.000000e+00   0.000000e+00   0.000000e+00   4.721000e-18   6.438000e-15   6.558000e-12   5.515000e-09   2.905000e-06   8.847000e-04   4.936000e-02   9.498000e-01
