# pyathena.photchem atomic data : MgII
# CHIANTI source : ion mg_2
# Levels kept    : lowest 3 of CHIANTI (padded to 5 if smaller)
# T grid tier    : hot
# T grid         : 80 log-spaced points, 1e+03 K -> 1e+07 K
# Generated by   : pyathena/photchem/data/build_chianti_tables.py
#
# Indices below are 0-based pyathena indices (level 0 = ground).
# CHIANTI level numbers are 1-based and shown for cross-reference.
#
LEVELS N=3
# idx  chianti_lvl  conf            term       j     g    E_erg            E_K
0     1            3s              2S0.5      0.5   2     0.000000e+00   0.000000e+00
1     2            3p              2P0.5      0.5   2     7.083923e-12   5.130865e+04
2     3            3p              2P1.5      1.5   4     7.102114e-12   5.144040e+04

A_COEFFS N=2
# upper_idx  lower_idx   A [s^-1]
1           0            2.510000e+08
2           0            2.520000e+08

T_GRID N=80
 1.000000e+03
 1.123655e+03
 1.262600e+03
 1.418727e+03
 1.594159e+03
 1.791284e+03
 2.012785e+03
 2.261676e+03
 2.541343e+03
 2.855592e+03
 3.208700e+03
 3.605471e+03
 4.051305e+03
 4.552268e+03
 5.115178e+03
 5.747694e+03
 6.458424e+03
 7.257040e+03
 8.154407e+03
 9.162739e+03
 1.029576e+04
 1.156888e+04
 1.299942e+04
 1.460686e+04
 1.641307e+04
 1.844263e+04
 2.072315e+04
 2.328566e+04
 2.616505e+04
 2.940048e+04
 3.303599e+04
 3.712105e+04
 4.171125e+04
 4.686904e+04
 5.266462e+04
 5.917686e+04
 6.649436e+04
 7.471671e+04
 8.395579e+04
 9.433732e+04
 1.060026e+05
 1.191103e+05
 1.338389e+05
 1.503887e+05
 1.689850e+05
 1.898808e+05
 2.133605e+05
 2.397435e+05
 2.693889e+05
 3.027002e+05
 3.401305e+05
 3.821893e+05
 4.294488e+05
 4.825522e+05
 5.422221e+05
 6.092705e+05
 6.846097e+05
 7.692650e+05
 8.643883e+05
 9.712740e+05
 1.091377e+06
 1.226331e+06
 1.377972e+06
 1.548365e+06
 1.739828e+06
 1.954966e+06
 2.196707e+06
 2.468340e+06
 2.773563e+06
 3.116527e+06
 3.501900e+06
 3.934927e+06
 4.421500e+06
 4.968240e+06
 5.582586e+06
 6.272900e+06
 7.048574e+06
 7.920164e+06
 8.899530e+06
 1.000000e+07

UPSILON_E N_trans=3
# upper_idx  lower_idx   upsilon(T_GRID[0]..T_GRID[N-1])
1           0            5.329685e+00  5.341462e+00  5.354513e+00  5.368925e+00  5.384774e+00  5.402119e+00  5.420984e+00  5.441398e+00  5.463502e+00  5.487513e+00  5.513717e+00  5.542493e+00  5.574329e+00  5.609744e+00  5.649039e+00  5.692461e+00  5.740239e+00  5.792584e+00  5.849686e+00  5.911729e+00  5.978896e+00  6.051380e+00  6.129396e+00  6.213191e+00  6.303065e+00  6.399384e+00  6.502601e+00  6.613931e+00  6.735665e+00  6.870060e+00  7.019183e+00  7.184880e+00  7.368793e+00  7.573191e+00  7.801045e+00  8.054756e+00  8.336138e+00  8.646515e+00  8.986828e+00  9.358728e+00  9.764436e+00  1.020542e+01  1.068247e+01  1.119587e+01  1.174547e+01  1.233079e+01  1.295093e+01  1.360176e+01  1.427767e+01  1.497419e+01  1.568782e+01  1.641576e+01  1.715586e+01  1.790758e+01  1.867116e+01  1.944661e+01  2.023370e+01  2.103207e+01  2.184123e+01  2.266031e+01  2.348833e+01  2.432437e+01  2.516757e+01  2.601718e+01  2.687248e+01  2.773283e+01  2.859766e+01  2.946664e+01  3.033947e+01  3.121589e+01  3.209563e+01  3.297844e+01  3.386408e+01  3.475238e+01  3.564319e+01  3.653634e+01  3.743169e+01  3.832910e+01  3.922844e+01  4.012958e+01
2           0            1.063618e+01  1.065687e+01  1.067982e+01  1.070523e+01  1.073332e+01  1.076430e+01  1.079837e+01  1.083582e+01  1.087719e+01  1.092332e+01  1.097526e+01  1.103441e+01  1.110255e+01  1.118134e+01  1.127094e+01  1.137071e+01  1.147950e+01  1.159555e+01  1.171653e+01  1.184070e+01  1.196917e+01  1.210388e+01  1.224713e+01  1.240154e+01  1.256996e+01  1.275537e+01  1.296079e+01  1.318885e+01  1.344152e+01  1.372070e+01  1.402820e+01  1.436578e+01  1.473523e+01  1.514177e+01  1.559479e+01  1.610201e+01  1.666924e+01  1.730065e+01  1.799907e+01  1.876562e+01  1.959997e+01  2.050143e+01  2.146908e+01  2.250175e+01  2.359810e+01  2.475660e+01  2.597541e+01  2.725050e+01  2.857655e+01  2.994901e+01  3.136395e+01  3.281793e+01  3.430772e+01  3.582900e+01  3.737692e+01  3.894741e+01  4.053700e+01  4.214271e+01  4.376211e+01  4.539444e+01  4.703978e+01  4.869796e+01  5.036861e+01  5.205125e+01  5.374530e+01  5.545013e+01  5.716508e+01  5.888953e+01  6.062289e+01  6.236453e+01  6.411390e+01  6.587042e+01  6.763358e+01  6.940294e+01  7.117808e+01  7.295863e+01  7.474422e+01  7.653451e+01  7.832918e+01  8.012795e+01
2           1            5.781119e+00  5.775685e+00  5.769657e+00  5.763010e+00  5.755745e+00  5.747894e+00  5.739545e+00  5.730914e+00  5.722570e+00  5.715493e+00  5.711226e+00  5.712107e+00  5.721583e+00  5.743642e+00  5.780359e+00  5.832810e+00  5.900986e+00  5.983172e+00  6.075143e+00  6.171486e+00  6.269872e+00  6.368025e+00  6.462906e+00  6.550610e+00  6.626269e+00  6.683999e+00  6.716926e+00  6.719929e+00  6.692701e+00  6.636832e+00  6.555515e+00  6.453516e+00  6.336964e+00  6.211009e+00  6.078378e+00  5.941803e+00  5.804112e+00  5.668068e+00  5.536236e+00  5.410860e+00  5.293776e+00  5.186366e+00  5.089538e+00  5.003747e+00  4.929042e+00  4.865124e+00  4.811402e+00  4.766835e+00  4.730162e+00  4.700222e+00  4.675972e+00  4.656487e+00  4.640982e+00  4.629034e+00  4.620358e+00  4.614576e+00  4.611273e+00  4.610027e+00  4.610432e+00  4.612019e+00  4.614371e+00  4.617181e+00  4.620228e+00  4.623358e+00  4.626462e+00  4.629467e+00  4.632363e+00  4.635336e+00  4.638530e+00  4.641978e+00  4.645647e+00  4.649479e+00  4.653383e+00  4.657196e+00  4.660795e+00  4.664114e+00  4.667126e+00  4.669831e+00  4.672239e+00  4.674373e+00

UPSILON_P N_trans=0
# upper_idx  lower_idx   upsilon(T_GRID[0]..T_GRID[N-1])

