# pyathena.photchem atomic data : NI
# CHIANTI source : ion n_1
# Levels kept    : lowest 5 of CHIANTI (padded to 5 if smaller)
# T grid         : 80 log-spaced points, 100 K -> 1e+06 K
# Generated by   : pyathena/photchem/data/build_chianti_tables.py
#
# Indices below are 0-based pyathena indices (level 0 = ground).
# CHIANTI level numbers are 1-based and shown for cross-reference.
#
LEVELS N=5
# idx  chianti_lvl  conf            term       j     g    E_erg            E_K
0     1            2s2.2p3         4S1.5      1.5   4     0.000000e+00   0.000000e+00
1     3            2s2.2p3         2D2.5      2.5   6     3.817979e-12   2.765351e+04
2     2            2s2.2p3         2D1.5      1.5   4     3.819709e-12   2.766604e+04
3     4            2s2.2p3         2P0.5      0.5   2     5.727410e-12   4.148346e+04
4     5            2s2.2p3         2P1.5      1.5   4     5.727486e-12   4.148401e+04

A_COEFFS N=9
# upper_idx  lower_idx   A [s^-1]
1           0            7.797000e-06
2           0            2.060000e-05
2           1            1.069000e-08
3           0            2.611000e-03
3           1            3.303000e-02
3           2            5.055000e-02
4           0            6.518000e-03
4           1            5.881000e-02
4           2            2.637000e-02

T_GRID N=80
 1.000000e+02
 1.123655e+02
 1.262600e+02
 1.418727e+02
 1.594159e+02
 1.791284e+02
 2.012785e+02
 2.261676e+02
 2.541343e+02
 2.855592e+02
 3.208700e+02
 3.605471e+02
 4.051305e+02
 4.552268e+02
 5.115178e+02
 5.747694e+02
 6.458424e+02
 7.257040e+02
 8.154407e+02
 9.162739e+02
 1.029576e+03
 1.156888e+03
 1.299942e+03
 1.460686e+03
 1.641307e+03
 1.844263e+03
 2.072315e+03
 2.328566e+03
 2.616505e+03
 2.940048e+03
 3.303599e+03
 3.712105e+03
 4.171125e+03
 4.686904e+03
 5.266462e+03
 5.917686e+03
 6.649436e+03
 7.471671e+03
 8.395579e+03
 9.433732e+03
 1.060026e+04
 1.191103e+04
 1.338389e+04
 1.503887e+04
 1.689850e+04
 1.898808e+04
 2.133605e+04
 2.397435e+04
 2.693889e+04
 3.027002e+04
 3.401305e+04
 3.821893e+04
 4.294488e+04
 4.825522e+04
 5.422221e+04
 6.092705e+04
 6.846097e+04
 7.692650e+04
 8.643883e+04
 9.712740e+04
 1.091377e+05
 1.226331e+05
 1.377972e+05
 1.548365e+05
 1.739828e+05
 1.954966e+05
 2.196707e+05
 2.468340e+05
 2.773563e+05
 3.116527e+05
 3.501900e+05
 3.934927e+05
 4.421500e+05
 4.968240e+05
 5.582586e+05
 6.272900e+05
 7.048574e+05
 7.920164e+05
 8.899530e+05
 1.000000e+06

UPSILON_E N_trans=10
# upper_idx  lower_idx   upsilon(T_GRID[0]..T_GRID[N-1])
1           0            2.839501e-03  3.205364e-03  3.620138e-03  4.090752e-03  4.625190e-03  5.232660e-03  5.923790e-03  6.710851e-03  7.608015e-03  8.631638e-03  9.800588e-03  1.113659e-02  1.266461e-02  1.441325e-02  1.641512e-02  1.870727e-02  2.133143e-02  2.433430e-02  2.776760e-02  3.168792e-02  3.615633e-02  4.124185e-02  4.702672e-02  5.360037e-02  6.105672e-02  6.949142e-02  7.899799e-02  8.965480e-02  1.015119e-01  1.145970e-01  1.289251e-01  1.445693e-01  1.616090e-01  1.800859e-01  2.000003e-01  2.214127e-01  2.444391e-01  2.691117e-01  2.953362e-01  3.227983e-01  3.511417e-01  3.804043e-01  4.108677e-01  4.426024e-01  4.753594e-01  5.083508e-01  5.409139e-01  5.735977e-01  6.074104e-01  6.427618e-01  6.789384e-01  7.133947e-01  7.443224e-01  7.708354e-01  7.926712e-01  8.099667e-01  8.230960e-01  8.325554e-01  8.388860e-01  8.426229e-01  8.442657e-01  8.442617e-01  8.429994e-01  8.408077e-01  8.379592e-01  8.346752e-01  8.311323e-01  8.274683e-01  8.237888e-01  8.201724e-01  8.166761e-01  8.133392e-01  8.101875e-01  8.072357e-01  8.044905e-01  8.019525e-01  7.996176e-01  7.974787e-01  7.955264e-01  7.937500e-01
2           0            1.612758e-03  1.828643e-03  2.075257e-03  2.357343e-03  2.680435e-03  3.050991e-03  3.476548e-03  3.965894e-03  4.529274e-03  5.178604e-03  5.927714e-03  6.792607e-03  7.791724e-03  8.946209e-03  1.028016e-02  1.182083e-02  1.359879e-02  1.564793e-02  1.800543e-02  2.071138e-02  2.380836e-02  2.734039e-02  3.135163e-02  3.588509e-02  4.098089e-02  4.667426e-02  5.299374e-02  5.999004e-02  6.776266e-02  7.641462e-02  8.603347e-02  9.664050e-02  1.082124e-01  1.206999e-01  1.340314e-01  1.482162e-01  1.633438e-01  1.794523e-01  1.965342e-01  2.145823e-01  2.335402e-01  2.533729e-01  2.740464e-01  2.954444e-01  3.173352e-01  3.392926e-01  3.609695e-01  3.827561e-01  4.053079e-01  4.288863e-01  4.530076e-01  4.759754e-01  4.965873e-01  5.142543e-01  5.288028e-01  5.403249e-01  5.490705e-01  5.553706e-01  5.595859e-01  5.620733e-01  5.631655e-01  5.631608e-01  5.623179e-01  5.608560e-01  5.589567e-01  5.567675e-01  5.544059e-01  5.519638e-01  5.495116e-01  5.471015e-01  5.447715e-01  5.425478e-01  5.404475e-01  5.384805e-01  5.366512e-01  5.349600e-01  5.334042e-01  5.319790e-01  5.306781e-01  5.294944e-01
2           1            6.846553e-04  7.815122e-04  8.934443e-04  1.023085e-03  1.173578e-03  1.348678e-03  1.552877e-03  1.791550e-03  2.071129e-03  2.399307e-03  2.785272e-03  3.239978e-03  3.776453e-03  4.410128e-03  5.159203e-03  6.045020e-03  7.092428e-03  8.330122e-03  9.790908e-03  1.151185e-02  1.353431e-02  1.591478e-02  1.874137e-02  2.212140e-02  2.617907e-02  3.105359e-02  3.689530e-02  4.383312e-02  5.194240e-02  6.127377e-02  7.187135e-02  8.388001e-02  9.746730e-02  1.127584e-01  1.298257e-01  1.487369e-01  1.695492e-01  1.922348e-01  2.167292e-01  2.430795e-01  2.712681e-01  3.014763e-01  3.339720e-01  3.687547e-01  4.054594e-01  4.431430e-01  4.810321e-01  5.203555e-01  5.630342e-01  6.098503e-01  6.596336e-01  7.081645e-01  7.523766e-01  7.906739e-01  8.224635e-01  8.478034e-01  8.671467e-01  8.811593e-01  8.905961e-01  8.962196e-01  8.987505e-01  8.988402e-01  8.970576e-01  8.938869e-01  8.897309e-01  8.849179e-01  8.797104e-01  8.743139e-01  8.688862e-01  8.635453e-01  8.583766e-01  8.534397e-01  8.487736e-01  8.444011e-01  8.403328e-01  8.365699e-01  8.331070e-01  8.299338e-01  8.270367e-01  8.244000e-01
3           0            1.907549e-04  2.245304e-04  2.648607e-04  3.130652e-04  3.707163e-04  4.396793e-04  5.221528e-04  6.207102e-04  7.383371e-04  8.784615e-04  1.044968e-03  1.242193e-03  1.474880e-03  1.748092e-03  2.067059e-03  2.436945e-03  2.862504e-03  3.347636e-03  3.894788e-03  4.504240e-03  5.173312e-03  5.904174e-03  6.716817e-03  7.640208e-03  8.711651e-03  9.977338e-03  1.149191e-02  1.328634e-02  1.533492e-02  1.759291e-02  2.001044e-02  2.258528e-02  2.533606e-02  2.827862e-02  3.142592e-02  3.483710e-02  3.861783e-02  4.285350e-02  4.755336e-02  5.250824e-02  5.749215e-02  6.249953e-02  6.767921e-02  7.312605e-02  7.881996e-02  8.451613e-02  9.000617e-02  9.536997e-02  1.008162e-01  1.064526e-01  1.121991e-01  1.176752e-01  1.226030e-01  1.268425e-01  1.303484e-01  1.331380e-01  1.352664e-01  1.368090e-01  1.378494e-01  1.384714e-01  1.387539e-01  1.387681e-01  1.385761e-01  1.382310e-01  1.377769e-01  1.372498e-01  1.366787e-01  1.360862e-01  1.354897e-01  1.349022e-01  1.343334e-01  1.337897e-01  1.332756e-01  1.327936e-01  1.323450e-01  1.319299e-01  1.315478e-01  1.311975e-01  1.308776e-01  1.305865e-01
3           1            1.608535e-02  1.648623e-02  1.693426e-02  1.743462e-02  1.799296e-02  1.861541e-02  1.930858e-02  2.007954e-02  2.093582e-02  2.188532e-02  2.293623e-02  2.409692e-02  2.537576e-02  2.678089e-02  2.831991e-02  2.999957e-02  3.182524e-02  3.380049e-02  3.592647e-02  3.820126e-02  4.061932e-02  4.317479e-02  4.586702e-02  4.869618e-02  5.166264e-02  5.476714e-02  5.801126e-02  6.143282e-02  6.513798e-02  6.925131e-02  7.388616e-02  7.903474e-02  8.462782e-02  9.058404e-02  9.681775e-02  1.033484e-01  1.102994e-01  1.177623e-01  1.257940e-01  1.344407e-01  1.437091e-01  1.536099e-01  1.641451e-01  1.752588e-01  1.868370e-01  1.986968e-01  2.106976e-01  2.233791e-01  2.374926e-01  2.533446e-01  2.705034e-01  2.874029e-01  3.028969e-01  3.163770e-01  3.276030e-01  3.365747e-01  3.434387e-01  3.484219e-01  3.517862e-01  3.537984e-01  3.547121e-01  3.547572e-01  3.541353e-01  3.530182e-01  3.515488e-01  3.498441e-01  3.479976e-01  3.460824e-01  3.441550e-01  3.422575e-01  3.404206e-01  3.386654e-01  3.370061e-01  3.354508e-01  3.340035e-01  3.326646e-01  3.314322e-01  3.303029e-01  3.292716e-01  3.283330e-01
3           2            2.576123e-02  2.620749e-02  2.671050e-02  2.727732e-02  2.791579e-02  2.863449e-02  2.944279e-02  3.035077e-02  3.136910e-02  3.250885e-02  3.378113e-02  3.519669e-02  3.676520e-02  3.849436e-02  4.038873e-02  4.244825e-02  4.466636e-02  4.702786e-02  4.950644e-02  5.206195e-02  5.463790e-02  5.719045e-02  5.973503e-02  6.231255e-02  6.498658e-02  6.784502e-02  7.099912e-02  7.450805e-02  7.830665e-02  8.230007e-02  8.640010e-02  9.065805e-02  9.518500e-02  1.000849e-01  1.054440e-01  1.112526e-01  1.174040e-01  1.237859e-01  1.303517e-01  1.373000e-01  1.448221e-01  1.530830e-01  1.622059e-01  1.722119e-01  1.829652e-01  1.940506e-01  2.051453e-01  2.168487e-01  2.300836e-01  2.452600e-01  2.619766e-01  2.786089e-01  2.939533e-01  3.073603e-01  3.185609e-01  3.275352e-01  3.344167e-01  3.394238e-01  3.428129e-01  3.448480e-01  3.457812e-01  3.458417e-01  3.452310e-01  3.441212e-01  3.426560e-01  3.409526e-01  3.391051e-01  3.371873e-01  3.352560e-01  3.333536e-01  3.315112e-01  3.297502e-01  3.280849e-01  3.265237e-01  3.250706e-01  3.237261e-01  3.224884e-01  3.213540e-01  3.203181e-01  3.193751e-01
4           0            4.964037e-04  5.714312e-04  6.590104e-04  7.614321e-04  8.814180e-04  1.022196e-03  1.187583e-03  1.382083e-03  1.610982e-03  1.880453e-03  2.197667e-03  2.570881e-03  3.009527e-03  3.524261e-03  4.126968e-03  4.830711e-03  5.649577e-03  6.598429e-03  7.692513e-03  8.946910e-03  1.037586e-02  1.199620e-02  1.383330e-02  1.591596e-02  1.827541e-02  2.094470e-02  2.395779e-02  2.734089e-02  3.110358e-02  3.524646e-02  3.977105e-02  4.473794e-02  5.023181e-02  5.632934e-02  6.309040e-02  7.048972e-02  7.841052e-02  8.672382e-02  9.534041e-02  1.043404e-01  1.138072e-01  1.237857e-01  1.342813e-01  1.452519e-01  1.565733e-01  1.679616e-01  1.791749e-01  1.902852e-01  2.015010e-01  2.129069e-01  2.243093e-01  2.350326e-01  2.445980e-01  2.527750e-01  2.595043e-01  2.648370e-01  2.688912e-01  2.718191e-01  2.737857e-01  2.749542e-01  2.754767e-01  2.754901e-01  2.751132e-01  2.744472e-01  2.735760e-01  2.725680e-01  2.714779e-01  2.703485e-01  2.692127e-01  2.680950e-01  2.670134e-01  2.659802e-01  2.650037e-01  2.640885e-01  2.632369e-01  2.624492e-01  2.617243e-01  2.610599e-01  2.604533e-01  2.599012e-01
4           1            5.870833e-02  5.984387e-02  6.111973e-02  6.255263e-02  6.416102e-02  6.596506e-02  6.798666e-02  7.024936e-02  7.277808e-02  7.559880e-02  7.873791e-02  8.222134e-02  8.607335e-02  9.031481e-02  9.496104e-02  1.000191e-01  1.054842e-01  1.113361e-01  1.175342e-01  1.240126e-01  1.306758e-01  1.374450e-01  1.443335e-01  1.513913e-01  1.587005e-01  1.663779e-01  1.745744e-01  1.834157e-01  1.929424e-01  2.031796e-01  2.141491e-01  2.259153e-01  2.385488e-01  2.520972e-01  2.665806e-01  2.820666e-01  2.986643e-01  3.164205e-01  3.353394e-01  3.554645e-01  3.767897e-01  3.995548e-01  4.241215e-01  4.505991e-01  4.787684e-01  5.079157e-01  5.374677e-01  5.688650e-01  6.042109e-01  6.443868e-01  6.882812e-01  7.317459e-01  7.717277e-01  8.065917e-01  8.356747e-01  8.589493e-01  8.767773e-01  8.897355e-01  8.984958e-01  9.037463e-01  9.061426e-01  9.062803e-01  9.046821e-01  9.017940e-01  8.979878e-01  8.935673e-01  8.887758e-01  8.838040e-01  8.787987e-01  8.738698e-01  8.690970e-01  8.645360e-01  8.602233e-01  8.561807e-01  8.524182e-01  8.489373e-01  8.457332e-01  8.427966e-01  8.401151e-01  8.376742e-01
4           2            2.497069e-02  2.552939e-02  2.615566e-02  2.685731e-02  2.764286e-02  2.852165e-02  2.950375e-02  3.060001e-02  3.182189e-02  3.318140e-02  3.469083e-02  3.636248e-02  3.820813e-02  4.023852e-02  4.246254e-02  4.488621e-02  4.751154e-02  5.033505e-02  5.334620e-02  5.652562e-02  5.984350e-02  6.327903e-02  6.685134e-02  7.059688e-02  7.456744e-02  7.883097e-02  8.347063e-02  8.854466e-02  9.404783e-02  9.995860e-02  1.062588e-01  1.130176e-01  1.203357e-01  1.282987e-01  1.369676e-01  1.463233e-01  1.562652e-01  1.666762e-01  1.775031e-01  1.889648e-01  2.012601e-01  2.145455e-01  2.289206e-01  2.443654e-01  2.607027e-01  2.775063e-01  2.944380e-01  3.122060e-01  3.318684e-01  3.538673e-01  3.776224e-01  4.009872e-01  4.223910e-01  4.410022e-01  4.564945e-01  4.688716e-01  4.783382e-01  4.852089e-01  4.898458e-01  4.926178e-01  4.938749e-01  4.939345e-01  4.930745e-01  4.915320e-01  4.895042e-01  4.871523e-01  4.846050e-01  4.819634e-01  4.793052e-01  4.766883e-01  4.741551e-01  4.717348e-01  4.694467e-01  4.673022e-01  4.653065e-01  4.634604e-01  4.617613e-01  4.602042e-01  4.587824e-01  4.574883e-01
4           3            9.118869e-03  9.357229e-03  9.622725e-03  9.918164e-03  1.024658e-02  1.061125e-02  1.101567e-02  1.146359e-02  1.195899e-02  1.250610e-02  1.310936e-02  1.377345e-02  1.450327e-02  1.530394e-02  1.618079e-02  1.713943e-02  1.818568e-02  1.932570e-02  2.056597e-02  2.191335e-02  2.337517e-02  2.496357e-02  2.670212e-02  2.862135e-02  3.075818e-02  3.315568e-02  3.586214e-02  3.892546e-02  4.238718e-02  4.628495e-02  5.065588e-02  5.556619e-02  6.108656e-02  6.727125e-02  7.415242e-02  8.172198e-02  8.993053e-02  9.870712e-02  1.079939e-01  1.178379e-01  1.282734e-01  1.394139e-01  1.514053e-01  1.642799e-01  1.778968e-01  1.918146e-01  2.056709e-01  2.198413e-01  2.349729e-01  2.513385e-01  2.685618e-01  2.852496e-01  3.003940e-01  3.134773e-01  3.243156e-01  3.329411e-01  3.395159e-01  3.442722e-01  3.474702e-01  3.493712e-01  3.502217e-01  3.502437e-01  3.496307e-01  3.485476e-01  3.471311e-01  3.454926e-01  3.437211e-01  3.418863e-01  3.400417e-01  3.382271e-01  3.364714e-01  3.347949e-01  3.332106e-01  3.317261e-01  3.303451e-01  3.290679e-01  3.278927e-01  3.268158e-01  3.258327e-01  3.249380e-01

UPSILON_P N_trans=0
# upper_idx  lower_idx   upsilon(T_GRID[0]..T_GRID[N-1])

