# pyathena.photchem atomic data : NII
# CHIANTI source : ion n_2
# Levels kept    : lowest 5 of CHIANTI (padded to 5 if smaller)
# T grid         : 80 log-spaced points, 100 K -> 1e+06 K
# Generated by   : pyathena/photchem/data/build_chianti_tables.py
#
# Indices below are 0-based pyathena indices (level 0 = ground).
# CHIANTI level numbers are 1-based and shown for cross-reference.
#
LEVELS N=5
# idx  chianti_lvl  conf            term       j     g    E_erg            E_K
0     1            2s2.2p2         3P0        0.0   1     0.000000e+00   0.000000e+00
1     2            2s2.2p2         3P1        1.0   3     9.671820e-15   7.005271e+01
2     3            2s2.2p2         3P2        2.0   5     2.597688e-14   1.881498e+02
3     4            2s2.2p2         1D2        2.0   5     3.041797e-12   2.203165e+04
4     5            2s2.2p2         1S0        0.0   1     6.491996e-12   4.702133e+04

A_COEFFS N=8
# upper_idx  lower_idx   A [s^-1]
1           0            2.080000e-06
2           1            7.460000e-06
3           0            5.250000e-07
3           1            9.849000e-04
3           2            2.919000e-03
4           1            3.180000e-02
4           2            1.550000e-04
4           3            1.140000e+00

T_GRID N=80
 1.000000e+02
 1.123655e+02
 1.262600e+02
 1.418727e+02
 1.594159e+02
 1.791284e+02
 2.012785e+02
 2.261676e+02
 2.541343e+02
 2.855592e+02
 3.208700e+02
 3.605471e+02
 4.051305e+02
 4.552268e+02
 5.115178e+02
 5.747694e+02
 6.458424e+02
 7.257040e+02
 8.154407e+02
 9.162739e+02
 1.029576e+03
 1.156888e+03
 1.299942e+03
 1.460686e+03
 1.641307e+03
 1.844263e+03
 2.072315e+03
 2.328566e+03
 2.616505e+03
 2.940048e+03
 3.303599e+03
 3.712105e+03
 4.171125e+03
 4.686904e+03
 5.266462e+03
 5.917686e+03
 6.649436e+03
 7.471671e+03
 8.395579e+03
 9.433732e+03
 1.060026e+04
 1.191103e+04
 1.338389e+04
 1.503887e+04
 1.689850e+04
 1.898808e+04
 2.133605e+04
 2.397435e+04
 2.693889e+04
 3.027002e+04
 3.401305e+04
 3.821893e+04
 4.294488e+04
 4.825522e+04
 5.422221e+04
 6.092705e+04
 6.846097e+04
 7.692650e+04
 8.643883e+04
 9.712740e+04
 1.091377e+05
 1.226331e+05
 1.377972e+05
 1.548365e+05
 1.739828e+05
 1.954966e+05
 2.196707e+05
 2.468340e+05
 2.773563e+05
 3.116527e+05
 3.501900e+05
 3.934927e+05
 4.421500e+05
 4.968240e+05
 5.582586e+05
 6.272900e+05
 7.048574e+05
 7.920164e+05
 8.899530e+05
 1.000000e+06

UPSILON_E N_trans=10
# upper_idx  lower_idx   upsilon(T_GRID[0]..T_GRID[N-1])
1           0            4.082860e-01  4.074520e-01  4.065265e-01  4.055010e-01  4.043667e-01  4.031146e-01  4.017354e-01  4.002202e-01  3.985602e-01  3.967476e-01  3.947754e-01  3.926386e-01  3.903342e-01  3.878627e-01  3.852279e-01  3.824390e-01  3.795106e-01  3.764646e-01  3.733308e-01  3.701477e-01  3.669638e-01  3.638373e-01  3.608365e-01  3.580385e-01  3.555278e-01  3.533931e-01  3.517239e-01  3.506051e-01  3.501106e-01  3.502971e-01  3.511964e-01  3.528089e-01  3.550977e-01  3.579853e-01  3.613525e-01  3.650405e-01  3.688576e-01  3.725877e-01  3.760034e-01  3.789743e-01  3.816001e-01  3.840138e-01  3.863418e-01  3.886956e-01  3.911665e-01  3.938213e-01  3.967019e-01  3.998257e-01  4.031883e-01  4.067675e-01  4.105275e-01  4.144235e-01  4.184059e-01  4.224243e-01  4.264299e-01  4.303779e-01  4.342293e-01  4.379512e-01  4.415175e-01  4.449084e-01  4.481101e-01  4.511144e-01  4.539176e-01  4.565200e-01  4.589250e-01  4.611387e-01  4.631689e-01  4.650248e-01  4.667163e-01  4.682542e-01  4.696490e-01  4.709116e-01  4.720523e-01  4.730812e-01  4.740078e-01  4.748414e-01  4.755903e-01  4.762625e-01  4.768652e-01  4.774052e-01
2           0            1.071232e-01  1.070842e-01  1.070423e-01  1.069976e-01  1.069505e-01  1.069013e-01  1.068507e-01  1.067997e-01  1.067496e-01  1.067023e-01  1.066602e-01  1.066267e-01  1.066057e-01  1.066026e-01  1.066242e-01  1.066789e-01  1.067769e-01  1.069311e-01  1.071569e-01  1.074728e-01  1.079009e-01  1.084668e-01  1.092004e-01  1.101358e-01  1.113111e-01  1.127680e-01  1.145519e-01  1.167098e-01  1.192899e-01  1.223388e-01  1.258997e-01  1.300093e-01  1.346951e-01  1.399719e-01  1.458391e-01  1.522783e-01  1.592519e-01  1.667024e-01  1.745805e-01  1.828895e-01  1.916353e-01  2.008149e-01  2.104144e-01  2.204069e-01  2.307521e-01  2.413278e-01  2.518725e-01  2.621402e-01  2.719281e-01  2.810810e-01  2.894904e-01  2.970919e-01  3.038599e-01  3.098011e-01  3.149473e-01  3.193489e-01  3.230683e-01  3.261745e-01  3.287389e-01  3.308318e-01  3.325198e-01  3.338647e-01  3.349221e-01  3.357414e-01  3.363654e-01  3.368311e-01  3.371696e-01  3.374072e-01  3.375656e-01  3.376626e-01  3.377126e-01  3.377274e-01  3.377162e-01  3.376865e-01  3.376439e-01  3.375930e-01  3.375372e-01  3.374791e-01  3.374205e-01  3.373629e-01
2           1            1.215834e+00  1.215281e+00  1.214682e+00  1.214037e+00  1.213345e+00  1.212609e+00  1.211833e+00  1.211026e+00  1.210196e+00  1.209360e+00  1.208538e+00  1.207756e+00  1.207050e+00  1.206464e+00  1.206053e+00  1.205886e+00  1.206044e+00  1.206624e+00  1.207741e+00  1.209524e+00  1.212117e+00  1.215679e+00  1.220373e+00  1.226365e+00  1.233812e+00  1.242846e+00  1.253562e+00  1.265993e+00  1.280092e+00  1.295708e+00  1.312563e+00  1.330233e+00  1.348139e+00  1.365554e+00  1.381946e+00  1.397153e+00  1.411069e+00  1.423636e+00  1.434838e+00  1.444707e+00  1.453371e+00  1.461041e+00  1.467947e+00  1.474311e+00  1.480334e+00  1.486171e+00  1.491585e+00  1.496106e+00  1.499399e+00  1.501265e+00  1.501630e+00  1.500517e+00  1.498026e+00  1.494310e+00  1.489556e+00  1.483963e+00  1.477733e+00  1.471058e+00  1.464112e+00  1.457049e+00  1.450000e+00  1.443072e+00  1.436349e+00  1.429897e+00  1.423762e+00  1.417975e+00  1.412554e+00  1.407507e+00  1.402832e+00  1.398523e+00  1.394567e+00  1.390947e+00  1.387646e+00  1.384644e+00  1.381920e+00  1.379454e+00  1.377226e+00  1.375217e+00  1.373407e+00  1.371779e+00
3           0            2.609722e-01  2.609393e-01  2.609042e-01  2.608672e-01  2.608286e-01  2.607889e-01  2.607488e-01  2.607094e-01  2.606719e-01  2.606382e-01  2.606107e-01  2.605922e-01  2.605865e-01  2.605981e-01  2.606329e-01  2.606974e-01  2.608000e-01  2.609501e-01  2.611587e-01  2.614383e-01  2.618027e-01  2.622667e-01  2.628457e-01  2.635551e-01  2.644093e-01  2.654203e-01  2.665960e-01  2.679391e-01  2.694439e-01  2.710953e-01  2.728658e-01  2.747147e-01  2.765863e-01  2.784100e-01  2.801018e-01  2.815657e-01  2.827238e-01  2.836115e-01  2.843081e-01  2.849037e-01  2.854932e-01  2.861694e-01  2.870174e-01  2.880854e-01  2.893236e-01  2.906650e-01  2.920501e-01  2.934286e-01  2.947604e-01  2.960154e-01  2.971730e-01  2.982206e-01  2.991531e-01  2.999704e-01  3.006769e-01  3.012799e-01  3.017883e-01  3.022122e-01  3.025616e-01  3.028467e-01  3.030767e-01  3.032603e-01  3.034051e-01  3.035178e-01  3.036043e-01  3.036697e-01  3.037179e-01  3.037527e-01  3.037768e-01  3.037926e-01  3.038021e-01  3.038067e-01  3.038078e-01  3.038062e-01  3.038028e-01  3.037981e-01  3.037926e-01  3.037866e-01  3.037805e-01  3.037743e-01
3           1            7.459706e-01  7.460025e-01  7.460380e-01  7.460774e-01  7.461210e-01  7.461693e-01  7.462226e-01  7.462814e-01  7.463460e-01  7.464168e-01  7.464943e-01  7.465787e-01  7.466702e-01  7.467692e-01  7.468758e-01  7.469898e-01  7.471112e-01  7.472398e-01  7.473749e-01  7.475160e-01  7.476624e-01  7.478133e-01  7.479679e-01  7.481257e-01  7.482866e-01  7.484516e-01  7.486226e-01  7.488038e-01  7.490020e-01  7.492273e-01  7.494947e-01  7.498243e-01  7.502429e-01  7.507846e-01  7.514910e-01  7.524116e-01  7.536029e-01  7.551097e-01  7.569298e-01  7.590435e-01  7.614194e-01  7.640162e-01  7.667844e-01  7.697443e-01  7.730728e-01  7.769482e-01  7.815164e-01  7.868820e-01  7.931017e-01  8.000622e-01  8.074214e-01  8.148681e-01  8.221545e-01  8.290943e-01  8.355577e-01  8.414640e-01  8.467738e-01  8.514796e-01  8.555981e-01  8.591628e-01  8.622179e-01  8.648132e-01  8.670008e-01  8.688317e-01  8.703543e-01  8.716134e-01  8.726493e-01  8.734975e-01  8.741891e-01  8.747509e-01  8.752056e-01  8.755724e-01  8.758675e-01  8.761041e-01  8.762933e-01  8.764443e-01  8.765645e-01  8.766599e-01  8.767354e-01  8.767951e-01
3           2            1.416956e+00  1.416726e+00  1.416474e+00  1.416199e+00  1.415898e+00  1.415572e+00  1.415219e+00  1.414841e+00  1.414437e+00  1.414011e+00  1.413564e+00  1.413102e+00  1.412632e+00  1.412163e+00  1.411708e+00  1.411282e+00  1.410905e+00  1.410603e+00  1.410405e+00  1.410345e+00  1.410465e+00  1.410810e+00  1.411430e+00  1.412378e+00  1.413705e+00  1.415463e+00  1.417691e+00  1.420415e+00  1.423641e+00  1.427342e+00  1.431452e+00  1.435853e+00  1.440372e+00  1.444771e+00  1.448745e+00  1.451949e+00  1.454366e+00  1.456280e+00  1.458056e+00  1.460117e+00  1.462921e+00  1.466901e+00  1.472166e+00  1.478612e+00  1.486105e+00  1.494491e+00  1.503602e+00  1.513243e+00  1.523063e+00  1.532689e+00  1.541831e+00  1.550278e+00  1.557897e+00  1.564618e+00  1.570423e+00  1.575335e+00  1.579408e+00  1.582714e+00  1.585336e+00  1.587361e+00  1.588875e+00  1.589961e+00  1.590693e+00  1.591138e+00  1.591357e+00  1.591398e+00  1.591305e+00  1.591112e+00  1.590850e+00  1.590540e+00  1.590202e+00  1.589849e+00  1.589493e+00  1.589142e+00  1.588802e+00  1.588476e+00  1.588167e+00  1.587878e+00  1.587609e+00  1.587360e+00
4           0            3.605439e-02  3.604036e-02  3.602466e-02  3.600711e-02  3.598749e-02  3.596558e-02  3.594113e-02  3.591388e-02  3.588352e-02  3.584975e-02  3.581221e-02  3.577057e-02  3.572443e-02  3.567341e-02  3.561711e-02  3.555511e-02  3.548702e-02  3.541247e-02  3.533111e-02  3.524266e-02  3.514691e-02  3.504377e-02  3.493330e-02  3.481572e-02  3.469151e-02  3.456139e-02  3.442642e-02  3.428801e-02  3.414797e-02  3.400853e-02  3.387236e-02  3.374254e-02  3.362253e-02  3.351609e-02  3.342695e-02  3.335734e-02  3.330839e-02  3.328061e-02  3.327385e-02  3.328728e-02  3.332117e-02  3.338455e-02  3.348850e-02  3.364215e-02  3.385209e-02  3.412207e-02  3.444944e-02  3.481426e-02  3.519492e-02  3.557397e-02  3.593807e-02  3.627770e-02  3.658676e-02  3.686196e-02  3.710230e-02  3.730846e-02  3.748235e-02  3.762662e-02  3.774437e-02  3.783888e-02  3.791336e-02  3.797088e-02  3.801424e-02  3.804596e-02  3.806825e-02  3.808299e-02  3.809180e-02  3.809601e-02  3.809673e-02  3.809486e-02  3.809113e-02  3.808611e-02  3.808025e-02  3.807391e-02  3.806735e-02  3.806076e-02  3.805430e-02  3.804806e-02  3.804213e-02  3.803653e-02
4           1            8.794717e-02  8.793482e-02  8.792135e-02  8.790673e-02  8.789094e-02  8.787399e-02  8.785594e-02  8.783689e-02  8.781700e-02  8.779656e-02  8.777592e-02  8.775560e-02  8.773630e-02  8.771893e-02  8.770467e-02  8.769502e-02  8.769187e-02  8.769753e-02  8.771487e-02  8.774732e-02  8.779894e-02  8.787452e-02  8.797955e-02  8.812024e-02  8.830348e-02  8.853665e-02  8.882750e-02  8.918380e-02  8.961291e-02  9.012128e-02  9.071380e-02  9.139303e-02  9.215845e-02  9.300566e-02  9.392569e-02  9.490449e-02  9.592322e-02  9.696563e-02  9.801822e-02  9.906618e-02  1.000937e-01  1.010849e-01  1.020257e-01  1.029210e-01  1.037870e-01  1.046397e-01  1.054931e-01  1.063585e-01  1.072409e-01  1.081153e-01  1.089477e-01  1.097123e-01  1.103921e-01  1.109773e-01  1.114646e-01  1.118556e-01  1.121558e-01  1.123732e-01  1.125175e-01  1.125988e-01  1.126273e-01  1.126129e-01  1.125645e-01  1.124902e-01  1.123969e-01  1.122906e-01  1.121762e-01  1.120577e-01  1.119383e-01  1.118204e-01  1.117058e-01  1.115960e-01  1.114918e-01  1.113937e-01  1.113021e-01  1.112172e-01  1.111387e-01  1.110666e-01  1.110006e-01  1.109404e-01
4           2            1.515154e-01  1.515651e-01  1.516206e-01  1.516824e-01  1.517513e-01  1.518278e-01  1.519128e-01  1.520072e-01  1.521117e-01  1.522273e-01  1.523550e-01  1.524958e-01  1.526506e-01  1.528206e-01  1.530068e-01  1.532102e-01  1.534321e-01  1.536734e-01  1.539353e-01  1.542189e-01  1.545256e-01  1.548566e-01  1.552138e-01  1.555993e-01  1.560159e-01  1.564673e-01  1.569584e-01  1.574958e-01  1.580879e-01  1.587455e-01  1.594821e-01  1.603138e-01  1.612600e-01  1.623423e-01  1.635800e-01  1.649603e-01  1.664519e-01  1.680157e-01  1.696063e-01  1.711747e-01  1.726814e-01  1.741430e-01  1.755930e-01  1.770623e-01  1.785765e-01  1.801546e-01  1.817944e-01  1.834332e-01  1.850060e-01  1.864641e-01  1.877746e-01  1.889181e-01  1.898872e-01  1.906837e-01  1.913165e-01  1.917991e-01  1.921479e-01  1.923807e-01  1.925154e-01  1.925691e-01  1.925577e-01  1.924955e-01  1.923948e-01  1.922662e-01  1.921187e-01  1.919594e-01  1.917943e-01  1.916279e-01  1.914638e-01  1.913044e-01  1.911517e-01  1.910070e-01  1.908709e-01  1.907440e-01  1.906264e-01  1.905178e-01  1.904181e-01  1.903269e-01  1.902438e-01  1.901682e-01
4           3            2.426083e-01  2.422751e-01  2.419132e-01  2.415221e-01  2.411020e-01  2.406541e-01  2.401808e-01  2.396860e-01  2.391760e-01  2.386595e-01  2.381489e-01  2.376604e-01  2.372157e-01  2.368428e-01  2.365770e-01  2.364629e-01  2.365552e-01  2.369207e-01  2.376397e-01  2.388071e-01  2.405337e-01  2.429460e-01  2.461864e-01  2.504107e-01  2.557857e-01  2.624832e-01  2.706732e-01  2.805137e-01  2.921384e-01  3.056422e-01  3.210650e-01  3.383750e-01  3.574526e-01  3.780779e-01  3.999217e-01  4.225442e-01  4.454020e-01  4.678924e-01  4.896293e-01  5.103761e-01  5.299199e-01  5.480789e-01  5.647088e-01  5.797080e-01  5.930320e-01  6.047756e-01  6.150994e-01  6.241671e-01  6.321379e-01  6.391606e-01  6.453694e-01  6.508825e-01  6.558011e-01  6.602104e-01  6.641810e-01  6.677707e-01  6.710266e-01  6.739870e-01  6.766832e-01  6.791413e-01  6.813830e-01  6.834270e-01  6.852897e-01  6.869856e-01  6.885279e-01  6.899288e-01  6.911995e-01  6.923506e-01  6.933919e-01  6.943326e-01  6.951814e-01  6.959463e-01  6.966347e-01  6.972538e-01  6.978099e-01  6.983090e-01  6.987565e-01  6.991575e-01  6.995166e-01  6.998379e-01

UPSILON_P N_trans=3
# upper_idx  lower_idx   upsilon(T_GRID[0]..T_GRID[N-1])
1           0            0.000000e+00  0.000000e+00  0.000000e+00  0.000000e+00  0.000000e+00  0.000000e+00  0.000000e+00  0.000000e+00  0.000000e+00  0.000000e+00  0.000000e+00  0.000000e+00  0.000000e+00  0.000000e+00  0.000000e+00  0.000000e+00  0.000000e+00  0.000000e+00  0.000000e+00  0.000000e+00  0.000000e+00  0.000000e+00  0.000000e+00  0.000000e+00  0.000000e+00  0.000000e+00  0.000000e+00  0.000000e+00  0.000000e+00  0.000000e+00  0.000000e+00  0.000000e+00  0.000000e+00  0.000000e+00  0.000000e+00  0.000000e+00  0.000000e+00  0.000000e+00  1.884764e-11  5.064318e-11  9.104339e-11  1.414230e-10  2.031787e-10  2.776586e-10  3.660683e-10  4.693546e-10  5.880679e-10  7.222097e-10  8.710787e-10  1.033482e-09  1.208050e-09  1.392765e-09  1.584876e-09  1.780936e-09  1.977664e-09  2.172987e-09  2.364965e-09  2.551704e-09  2.731400e-09  2.902261e-09  3.062687e-09  3.211400e-09  3.347521e-09  3.471524e-09  3.584997e-09  3.689440e-09  3.786162e-09  3.876196e-09  3.958771e-09  4.031822e-09  4.094159e-09  4.145403e-09  4.185799e-09  4.216038e-09  4.237101e-09  4.250130e-09  4.256324e-09  4.256866e-09  4.252870e-09  4.245347e-09
2           0            0.000000e+00  0.000000e+00  0.000000e+00  0.000000e+00  0.000000e+00  0.000000e+00  0.000000e+00  0.000000e+00  0.000000e+00  0.000000e+00  0.000000e+00  0.000000e+00  0.000000e+00  0.000000e+00  0.000000e+00  0.000000e+00  0.000000e+00  0.000000e+00  0.000000e+00  0.000000e+00  0.000000e+00  0.000000e+00  0.000000e+00  0.000000e+00  0.000000e+00  0.000000e+00  0.000000e+00  0.000000e+00  0.000000e+00  0.000000e+00  0.000000e+00  0.000000e+00  1.101085e-11  7.781233e-11  1.637838e-10  2.722146e-10  4.065356e-10  5.701803e-10  7.663945e-10  9.979911e-10  1.267052e-09  1.574583e-09  1.920147e-09  2.301633e-09  2.715914e-09  3.158357e-09  3.622346e-09  4.099282e-09  4.579347e-09  5.056344e-09  5.526212e-09  5.985042e-09  6.429217e-09  6.856372e-09  7.265716e-09  7.656900e-09  8.029861e-09  8.384225e-09  8.717946e-09  9.029169e-09  9.316750e-09  9.580212e-09  9.820560e-09  1.004251e-08  1.025051e-08  1.044762e-08  1.063585e-08  1.081634e-08  1.098963e-08  1.115584e-08  1.131484e-08  1.146639e-08  1.161021e-08  1.174607e-08  1.187380e-08  1.199334e-08  1.210470e-08  1.220800e-08  1.230346e-08  1.239134e-08
2           1            0.000000e+00  0.000000e+00  0.000000e+00  0.000000e+00  0.000000e+00  0.000000e+00  0.000000e+00  0.000000e+00  0.000000e+00  0.000000e+00  0.000000e+00  0.000000e+00  0.000000e+00  0.000000e+00  0.000000e+00  0.000000e+00  0.000000e+00  0.000000e+00  0.000000e+00  0.000000e+00  0.000000e+00  0.000000e+00  0.000000e+00  0.000000e+00  0.000000e+00  0.000000e+00  0.000000e+00  0.000000e+00  0.000000e+00  0.000000e+00  0.000000e+00  2.879597e-11  1.134279e-10  2.186421e-10  3.476583e-10  5.037565e-10  6.901088e-10  9.095539e-10  1.164308e-09  1.455619e-09  1.783362e-09  2.145618e-09  2.538313e-09  2.957177e-09  3.398897e-09  3.859059e-09  4.332014e-09  4.810997e-09  5.289689e-09  5.763176e-09  6.226642e-09  6.675431e-09  7.105802e-09  7.516645e-09  7.907802e-09  8.279454e-09  8.631978e-09  8.965355e-09  9.279392e-09  9.574125e-09  9.849785e-09  1.010677e-08  1.034557e-08  1.056679e-08  1.077112e-08  1.095933e-08  1.113222e-08  1.129065e-08  1.143548e-08  1.156758e-08  1.168781e-08  1.179703e-08  1.189607e-08  1.198572e-08  1.206674e-08  1.213986e-08  1.220575e-08  1.226507e-08  1.231840e-08  1.236631e-08

