# pyathena.photchem atomic data : NIII
# CHIANTI source : ion n_3
# Levels kept    : lowest 2 of CHIANTI (padded to 5 if smaller)
# T grid tier    : hot
# T grid         : 80 log-spaced points, 1e+03 K -> 1e+07 K
# Generated by   : pyathena/photchem/data/build_chianti_tables.py
#
# Indices below are 0-based pyathena indices (level 0 = ground).
# CHIANTI level numbers are 1-based and shown for cross-reference.
#
LEVELS N=2
# idx  chianti_lvl  conf            term       j     g    E_erg            E_K
0     1            2s2_2p          2P0.5      0.5   2     0.000000e+00   0.000000e+00
1     2            2s2_2p          2P1.5      1.5   4     3.463584e-14   2.508664e+02

A_COEFFS N=1
# upper_idx  lower_idx   A [s^-1]
1           0            4.770000e-05

T_GRID N=80
 1.000000e+03
 1.123655e+03
 1.262600e+03
 1.418727e+03
 1.594159e+03
 1.791284e+03
 2.012785e+03
 2.261676e+03
 2.541343e+03
 2.855592e+03
 3.208700e+03
 3.605471e+03
 4.051305e+03
 4.552268e+03
 5.115178e+03
 5.747694e+03
 6.458424e+03
 7.257040e+03
 8.154407e+03
 9.162739e+03
 1.029576e+04
 1.156888e+04
 1.299942e+04
 1.460686e+04
 1.641307e+04
 1.844263e+04
 2.072315e+04
 2.328566e+04
 2.616505e+04
 2.940048e+04
 3.303599e+04
 3.712105e+04
 4.171125e+04
 4.686904e+04
 5.266462e+04
 5.917686e+04
 6.649436e+04
 7.471671e+04
 8.395579e+04
 9.433732e+04
 1.060026e+05
 1.191103e+05
 1.338389e+05
 1.503887e+05
 1.689850e+05
 1.898808e+05
 2.133605e+05
 2.397435e+05
 2.693889e+05
 3.027002e+05
 3.401305e+05
 3.821893e+05
 4.294488e+05
 4.825522e+05
 5.422221e+05
 6.092705e+05
 6.846097e+05
 7.692650e+05
 8.643883e+05
 9.712740e+05
 1.091377e+06
 1.226331e+06
 1.377972e+06
 1.548365e+06
 1.739828e+06
 1.954966e+06
 2.196707e+06
 2.468340e+06
 2.773563e+06
 3.116527e+06
 3.501900e+06
 3.934927e+06
 4.421500e+06
 4.968240e+06
 5.582586e+06
 6.272900e+06
 7.048574e+06
 7.920164e+06
 8.899530e+06
 1.000000e+07

UPSILON_E N_trans=1
# upper_idx  lower_idx   upsilon(T_GRID[0]..T_GRID[N-1])
1           0            9.551213e-01  9.610739e-01  9.677144e-01  9.751216e-01  9.833853e-01  9.926082e-01  1.002911e+00  1.014434e+00  1.027350e+00  1.041869e+00  1.058257e+00  1.076850e+00  1.098091e+00  1.122563e+00  1.150894e+00  1.183342e+00  1.219872e+00  1.260076e+00  1.302960e+00  1.346656e+00  1.388914e+00  1.428871e+00  1.466168e+00  1.500894e+00  1.533856e+00  1.566931e+00  1.602194e+00  1.639770e+00  1.679344e+00  1.720436e+00  1.762364e+00  1.804218e+00  1.844839e+00  1.882811e+00  1.916735e+00  1.945487e+00  1.967976e+00  1.983164e+00  1.990112e+00  1.988036e+00  1.976485e+00  1.955421e+00  1.925077e+00  1.885932e+00  1.838694e+00  1.784264e+00  1.723892e+00  1.659095e+00  1.591356e+00  1.522053e+00  1.452423e+00  1.383539e+00  1.316293e+00  1.251380e+00  1.189068e+00  1.129401e+00  1.072452e+00  1.018302e+00  9.670264e-01  9.186875e-01  8.733866e-01  8.311974e-01  7.921200e-01  7.560963e-01  7.230254e-01  6.927704e-01  6.651336e-01  6.399096e-01  6.169145e-01  5.959803e-01  5.769509e-01  5.596799e-01  5.440290e-01  5.298703e-01  5.170940e-01  5.055936e-01  4.952621e-01  4.859958e-01  4.776958e-01  4.702662e-01

UPSILON_P N_trans=1
# upper_idx  lower_idx   upsilon(T_GRID[0]..T_GRID[N-1])
1           0            0.000000e+00  0.000000e+00  0.000000e+00  0.000000e+00  0.000000e+00  0.000000e+00  0.000000e+00  0.000000e+00  0.000000e+00  0.000000e+00  0.000000e+00  0.000000e+00  0.000000e+00  0.000000e+00  0.000000e+00  0.000000e+00  0.000000e+00  0.000000e+00  0.000000e+00  2.090315e-11  8.964756e-11  1.777266e-10  2.883776e-10  4.249435e-10  5.907220e-10  7.887613e-10  1.021599e-09  1.290946e-09  1.597328e-09  1.939700e-09  2.315253e-09  2.720517e-09  3.150813e-09  3.599604e-09  4.058512e-09  4.518032e-09  4.972312e-09  5.417829e-09  5.851310e-09  6.269812e-09  6.670661e-09  7.051463e-09  7.410340e-09  7.745962e-09  8.058640e-09  8.353244e-09  8.634932e-09  8.907732e-09  9.174513e-09  9.436130e-09  9.688943e-09  9.929199e-09  1.015436e-08  1.036291e-08  1.055418e-08  1.072815e-08  1.088529e-08  1.102642e-08  1.115257e-08  1.126491e-08  1.136462e-08  1.145293e-08  1.153100e-08  1.159992e-08  1.166070e-08  1.171429e-08  1.176150e-08  1.180311e-08  1.183978e-08  1.187210e-08  1.190061e-08  1.192575e-08  1.194794e-08  1.196754e-08  1.198486e-08  1.200016e-08  1.201370e-08  1.202568e-08  1.203629e-08  1.204568e-08

