# pyathena.photchem atomic data : NV
# CHIANTI source : ion n_5
# Levels kept    : lowest 3 of CHIANTI (padded to 5 if smaller)
# T grid         : 60 log-spaced points, 1e+03 K -> 1e+06 K
# Generated by   : pyathena/photchem/data/build_chianti_tables.py
#
# Indices below are 0-based pyathena indices (level 0 = ground).
# CHIANTI level numbers are 1-based and shown for cross-reference.
#
LEVELS N=3
# idx  chianti_lvl  conf            term       j     g    E_erg            E_K
0     1            1s2.2s          2S0.5      0.5   2     0.000000e+00   0.000000e+00
1     2            1s2.2p          2P0.5      0.5   2     1.597999e-11   1.157426e+05
2     3            1s2.2p          2P1.5      1.5   4     1.603137e-11   1.161147e+05

A_COEFFS N=2
# upper_idx  lower_idx   A [s^-1]
1           0            3.370000e+08
2           0            3.400000e+08

T_GRID N=60
 1.000000e+03
 1.124210e+03
 1.263848e+03
 1.420831e+03
 1.597312e+03
 1.795714e+03
 2.018760e+03
 2.269511e+03
 2.551407e+03
 2.868317e+03
 3.224591e+03
 3.625117e+03
 4.075393e+03
 4.581598e+03
 5.150678e+03
 5.790444e+03
 6.509675e+03
 7.318242e+03
 8.227241e+03
 9.249147e+03
 1.039798e+04
 1.168952e+04
 1.314147e+04
 1.477378e+04
 1.660883e+04
 1.867181e+04
 2.099104e+04
 2.359833e+04
 2.652948e+04
 2.982471e+04
 3.352924e+04
 3.769391e+04
 4.237587e+04
 4.763938e+04
 5.355667e+04
 6.020894e+04
 6.768750e+04
 7.609497e+04
 8.554673e+04
 9.617249e+04
 1.081181e+05
 1.215474e+05
 1.366448e+05
 1.536175e+05
 1.726983e+05
 1.941492e+05
 2.182645e+05
 2.453751e+05
 2.758532e+05
 3.101169e+05
 3.486365e+05
 3.919407e+05
 4.406236e+05
 4.953535e+05
 5.568814e+05
 6.260517e+05
 7.038136e+05
 7.912343e+05
 8.895135e+05
 1.000000e+06

UPSILON_E N_trans=3
# upper_idx  lower_idx   upsilon(T_GRID[0]..T_GRID[N-1])
1           0            2.140047e+00  2.140301e+00  2.140587e+00  2.140909e+00  2.141270e+00  2.141677e+00  2.142134e+00  2.142647e+00  2.143225e+00  2.143875e+00  2.144605e+00  2.145426e+00  2.146349e+00  2.147387e+00  2.148555e+00  2.149867e+00  2.151343e+00  2.153002e+00  2.154868e+00  2.156966e+00  2.159324e+00  2.161975e+00  2.164955e+00  2.168304e+00  2.172067e+00  2.176294e+00  2.181042e+00  2.186373e+00  2.192354e+00  2.199064e+00  2.206584e+00  2.215006e+00  2.224431e+00  2.234965e+00  2.246726e+00  2.259835e+00  2.274425e+00  2.290633e+00  2.308600e+00  2.328471e+00  2.350392e+00  2.374492e+00  2.400808e+00  2.429320e+00  2.459973e+00  2.492680e+00  2.527323e+00  2.563760e+00  2.601948e+00  2.642113e+00  2.684513e+00  2.729387e+00  2.776953e+00  2.827395e+00  2.880862e+00  2.937465e+00  2.997283e+00  3.060358e+00  3.126695e+00  3.196267e+00
2           0            4.253071e+00  4.253699e+00  4.254405e+00  4.255198e+00  4.256090e+00  4.257091e+00  4.258216e+00  4.259479e+00  4.260897e+00  4.262490e+00  4.264278e+00  4.266286e+00  4.268539e+00  4.271067e+00  4.273903e+00  4.277084e+00  4.280651e+00  4.284649e+00  4.289128e+00  4.294146e+00  4.299764e+00  4.306050e+00  4.313081e+00  4.320939e+00  4.329718e+00  4.339517e+00  4.350447e+00  4.362626e+00  4.376185e+00  4.391263e+00  4.408013e+00  4.426595e+00  4.447182e+00  4.469954e+00  4.495104e+00  4.522830e+00  4.553337e+00  4.586834e+00  4.623531e+00  4.663636e+00  4.707352e+00  4.754869e+00  4.806361e+00  4.861979e+00  4.921847e+00  4.986052e+00  5.054639e+00  5.127607e+00  5.204904e+00  5.286427e+00  5.372224e+00  5.462564e+00  5.557767e+00  5.658179e+00  5.764160e+00  5.876073e+00  5.994268e+00  6.119043e+00  6.250523e+00  6.388740e+00
2           1            6.708181e-01  6.787262e-01  6.866838e-01  6.945859e-01  7.023165e-01  7.097520e-01  7.167662e-01  7.232359e-01  7.290482e-01  7.341082e-01  7.383468e-01  7.417285e-01  7.442583e-01  7.459867e-01  7.470129e-01  7.474862e-01  7.476033e-01  7.475143e-01  7.471935e-01  7.465897e-01  7.456513e-01  7.443280e-01  7.425717e-01  7.403376e-01  7.375851e-01  7.342995e-01  7.306881e-01  7.270788e-01  7.237846e-01  7.210971e-01  7.192834e-01  7.185839e-01  7.192116e-01  7.213521e-01  7.251643e-01  7.307614e-01  7.378825e-01  7.459930e-01  7.546046e-01  7.632824e-01  7.716425e-01  7.793473e-01  7.861029e-01  7.916545e-01  7.957832e-01  7.983021e-01  7.990535e-01  7.979053e-01  7.947483e-01  7.894936e-01  7.820741e-01  7.725928e-01  7.613480e-01  7.486230e-01  7.346724e-01  7.197255e-01  7.039886e-01  6.876467e-01  6.708659e-01  6.537953e-01

