# pyathena.photchem atomic data : NeII
# CHIANTI source : ion ne_2
# Levels kept    : lowest 2 of CHIANTI (padded to 5 if smaller)
# T grid tier    : hot
# T grid         : 80 log-spaced points, 1e+03 K -> 1e+07 K
# Generated by   : pyathena/photchem/data/build_chianti_tables.py
#
# Indices below are 0-based pyathena indices (level 0 = ground).
# CHIANTI level numbers are 1-based and shown for cross-reference.
#
LEVELS N=2
# idx  chianti_lvl  conf            term       j     g    E_erg            E_K
0     1            2s22p5          2P1.5      1.5   4     0.000000e+00   0.000000e+00
1     2            2s22p5          2P0.5      0.5   2     1.549874e-13   1.122569e+03

A_COEFFS N=1
# upper_idx  lower_idx   A [s^-1]
1           0            8.321000e-03

T_GRID N=80
 1.000000e+03
 1.123655e+03
 1.262600e+03
 1.418727e+03
 1.594159e+03
 1.791284e+03
 2.012785e+03
 2.261676e+03
 2.541343e+03
 2.855592e+03
 3.208700e+03
 3.605471e+03
 4.051305e+03
 4.552268e+03
 5.115178e+03
 5.747694e+03
 6.458424e+03
 7.257040e+03
 8.154407e+03
 9.162739e+03
 1.029576e+04
 1.156888e+04
 1.299942e+04
 1.460686e+04
 1.641307e+04
 1.844263e+04
 2.072315e+04
 2.328566e+04
 2.616505e+04
 2.940048e+04
 3.303599e+04
 3.712105e+04
 4.171125e+04
 4.686904e+04
 5.266462e+04
 5.917686e+04
 6.649436e+04
 7.471671e+04
 8.395579e+04
 9.433732e+04
 1.060026e+05
 1.191103e+05
 1.338389e+05
 1.503887e+05
 1.689850e+05
 1.898808e+05
 2.133605e+05
 2.397435e+05
 2.693889e+05
 3.027002e+05
 3.401305e+05
 3.821893e+05
 4.294488e+05
 4.825522e+05
 5.422221e+05
 6.092705e+05
 6.846097e+05
 7.692650e+05
 8.643883e+05
 9.712740e+05
 1.091377e+06
 1.226331e+06
 1.377972e+06
 1.548365e+06
 1.739828e+06
 1.954966e+06
 2.196707e+06
 2.468340e+06
 2.773563e+06
 3.116527e+06
 3.501900e+06
 3.934927e+06
 4.421500e+06
 4.968240e+06
 5.582586e+06
 6.272900e+06
 7.048574e+06
 7.920164e+06
 8.899530e+06
 1.000000e+07

UPSILON_E N_trans=1
# upper_idx  lower_idx   upsilon(T_GRID[0]..T_GRID[N-1])
1           0            2.660000e-01  2.686674e-01  2.717115e-01  2.751005e-01  2.787557e-01  2.825316e-01  2.861913e-01  2.894543e-01  2.922246e-01  2.944906e-01  2.962994e-01  2.977776e-01  2.991525e-01  3.006719e-01  3.023690e-01  3.042224e-01  3.061997e-01  3.082567e-01  3.103391e-01  3.124155e-01  3.145344e-01  3.167479e-01  3.190808e-01  3.215524e-01  3.241777e-01  3.269660e-01  3.299197e-01  3.330464e-01  3.363637e-01  3.398766e-01  3.435763e-01  3.474414e-01  3.514448e-01  3.557395e-01  3.606515e-01  3.663678e-01  3.729452e-01  3.803442e-01  3.884388e-01  3.964330e-01  4.031825e-01  4.090790e-01  4.152865e-01  4.224457e-01  4.308024e-01  4.403502e-01  4.508577e-01  4.608682e-01  4.686953e-01  4.735670e-01  4.753172e-01  4.741376e-01  4.704104e-01  4.645981e-01  4.571751e-01  4.485871e-01  4.392295e-01  4.294388e-01  4.194914e-01  4.096067e-01  3.999535e-01  3.906564e-01  3.818031e-01  3.734509e-01  3.656331e-01  3.583634e-01  3.516415e-01  3.454557e-01  3.397870e-01  3.346104e-01  3.298981e-01  3.256198e-01  3.217448e-01  3.182422e-01  3.150820e-01  3.122352e-01  3.096743e-01  3.073735e-01  3.053085e-01  3.034569e-01

UPSILON_P N_trans=1
# upper_idx  lower_idx   upsilon(T_GRID[0]..T_GRID[N-1])
1           0            0.000000e+00  0.000000e+00  0.000000e+00  0.000000e+00  0.000000e+00  0.000000e+00  0.000000e+00  0.000000e+00  0.000000e+00  0.000000e+00  0.000000e+00  0.000000e+00  0.000000e+00  0.000000e+00  8.057984e-14  4.094067e-13  1.023649e-12  2.322505e-12  4.790616e-12  9.043027e-12  1.632524e-11  2.830205e-11  4.668935e-11  7.314772e-11  1.094330e-10  1.574087e-10  2.185415e-10  2.937648e-10  3.834394e-10  4.873992e-10  6.049056e-10  7.346918e-10  8.750631e-10  1.023884e-09  1.178263e-09  1.335339e-09  1.492583e-09  1.647831e-09  1.799286e-09  1.945512e-09  2.085406e-09  2.218174e-09  2.343287e-09  2.460447e-09  2.569550e-09  2.670646e-09  2.763912e-09  2.849617e-09  2.928099e-09  2.999742e-09  3.064962e-09  3.124188e-09  3.177851e-09  3.226380e-09  3.270189e-09  3.309675e-09  3.345215e-09  3.377164e-09  3.405853e-09  3.431590e-09  3.454657e-09  3.475317e-09  3.493807e-09  3.510345e-09  3.525129e-09  3.538338e-09  3.550135e-09  3.560668e-09  3.570067e-09  3.578453e-09  3.585933e-09  3.592602e-09  3.598549e-09  3.603849e-09  3.608572e-09  3.612781e-09  3.616531e-09  3.619872e-09  3.622847e-09  3.625497e-09

