# pyathena.photchem atomic data : NeIII
# CHIANTI source : ion ne_3
# Levels kept    : lowest 5 of CHIANTI (padded to 5 if smaller)
# T grid         : 80 log-spaced points, 100 K -> 1e+06 K
# Generated by   : pyathena/photchem/data/build_chianti_tables.py
#
# Indices below are 0-based pyathena indices (level 0 = ground).
# CHIANTI level numbers are 1-based and shown for cross-reference.
#
LEVELS N=5
# idx  chianti_lvl  conf            term       j     g    E_erg            E_K
0     1            2s2.2p4         3P2        2.0   5     0.000000e+00   0.000000e+00
1     2            2s2.2p4         3P1        1.0   3     1.276799e-13   9.247820e+02
2     3            2s2.2p4         3P0        0.0   1     1.828113e-13   1.324097e+03
3     4            2s2.2p4         1D2        2.0   5     5.131983e-12   3.717080e+04
4     5            2s2.2p4         1S0        0.0   1     1.107207e-11   8.019467e+04

A_COEFFS N=9
# upper_idx  lower_idx   A [s^-1]
1           0            5.971000e-03
2           0            2.524000e-08
2           1            1.154000e-03
3           0            1.653000e-01
3           1            5.107000e-02
3           2            1.555000e-05
4           0            3.142000e-03
4           1            1.940000e+00
4           3            2.550000e+00

T_GRID N=80
 1.000000e+02
 1.123655e+02
 1.262600e+02
 1.418727e+02
 1.594159e+02
 1.791284e+02
 2.012785e+02
 2.261676e+02
 2.541343e+02
 2.855592e+02
 3.208700e+02
 3.605471e+02
 4.051305e+02
 4.552268e+02
 5.115178e+02
 5.747694e+02
 6.458424e+02
 7.257040e+02
 8.154407e+02
 9.162739e+02
 1.029576e+03
 1.156888e+03
 1.299942e+03
 1.460686e+03
 1.641307e+03
 1.844263e+03
 2.072315e+03
 2.328566e+03
 2.616505e+03
 2.940048e+03
 3.303599e+03
 3.712105e+03
 4.171125e+03
 4.686904e+03
 5.266462e+03
 5.917686e+03
 6.649436e+03
 7.471671e+03
 8.395579e+03
 9.433732e+03
 1.060026e+04
 1.191103e+04
 1.338389e+04
 1.503887e+04
 1.689850e+04
 1.898808e+04
 2.133605e+04
 2.397435e+04
 2.693889e+04
 3.027002e+04
 3.401305e+04
 3.821893e+04
 4.294488e+04
 4.825522e+04
 5.422221e+04
 6.092705e+04
 6.846097e+04
 7.692650e+04
 8.643883e+04
 9.712740e+04
 1.091377e+05
 1.226331e+05
 1.377972e+05
 1.548365e+05
 1.739828e+05
 1.954966e+05
 2.196707e+05
 2.468340e+05
 2.773563e+05
 3.116527e+05
 3.501900e+05
 3.934927e+05
 4.421500e+05
 4.968240e+05
 5.582586e+05
 6.272900e+05
 7.048574e+05
 7.920164e+05
 8.899530e+05
 1.000000e+06

UPSILON_E N_trans=10
# upper_idx  lower_idx   upsilon(T_GRID[0]..T_GRID[N-1])
1           0            6.923041e-01  6.925126e-01  6.927463e-01  6.930081e-01  6.933014e-01  6.936297e-01  6.939972e-01  6.944083e-01  6.948679e-01  6.953814e-01  6.959547e-01  6.965943e-01  6.973071e-01  6.981008e-01  6.989835e-01  6.999640e-01  7.010513e-01  7.022552e-01  7.035857e-01  7.050529e-01  7.066669e-01  7.084377e-01  7.103742e-01  7.124844e-01  7.147746e-01  7.172485e-01  7.199064e-01  7.227442e-01  7.257525e-01  7.289146e-01  7.322057e-01  7.355912e-01  7.390251e-01  7.424491e-01  7.457915e-01  7.489673e-01  7.518794e-01  7.544207e-01  7.564791e-01  7.579442e-01  7.587181e-01  7.587293e-01  7.579501e-01  7.564182e-01  7.542615e-01  7.517246e-01  7.491951e-01  7.485984e-01  7.570957e-01  7.848933e-01  8.445162e-01  9.505588e-01  1.119402e+00  1.369043e+00  1.717704e+00  2.182576e+00  2.776855e+00  3.489455e+00  4.292934e+00  5.158611e+00  6.058262e+00  6.956402e+00  7.806987e+00  8.572027e+00  9.224045e+00  9.745836e+00  1.012975e+01  1.037640e+01  1.049266e+01  1.048991e+01  1.038254e+01  1.018651e+01  9.918228e+00  9.593685e+00  9.227780e+00  8.833926e+00  8.423824e+00  8.007382e+00  7.592749e+00  7.186425e+00
2           0            1.918529e-01  1.919082e-01  1.919703e-01  1.920398e-01  1.921176e-01  1.922047e-01  1.923022e-01  1.924112e-01  1.925330e-01  1.926690e-01  1.928208e-01  1.929900e-01  1.931785e-01  1.933883e-01  1.936213e-01  1.938799e-01  1.941664e-01  1.944831e-01  1.948327e-01  1.952176e-01  1.956401e-01  1.961026e-01  1.966071e-01  1.971552e-01  1.977478e-01  1.983852e-01  1.990665e-01  1.997895e-01  2.005502e-01  2.013425e-01  2.021577e-01  2.029842e-01  2.038069e-01  2.046070e-01  2.053618e-01  2.060445e-01  2.066249e-01  2.070697e-01  2.073447e-01  2.074167e-01  2.072568e-01  2.068455e-01  2.061781e-01  2.052724e-01  2.041766e-01  2.029792e-01  2.018184e-01  2.009023e-01  2.008193e-01  2.026781e-01  2.078834e-01  2.181074e-01  2.352359e-01  2.610288e-01  2.969349e-01  3.442664e-01  4.041265e-01  4.765925e-01  5.590254e-01  6.481332e-01  7.406564e-01  8.333977e-01  9.220445e-01  1.002224e+00  1.070648e+00  1.125141e+00  1.164598e+00  1.189108e+00  1.199582e+00  1.197354e+00  1.184023e+00  1.161327e+00  1.131033e+00  1.094848e+00  1.054358e+00  1.010987e+00  9.659755e-01  9.203752e-01  8.750490e-01  8.306855e-01
2           1            2.097617e-01  2.098426e-01  2.099332e-01  2.100348e-01  2.101486e-01  2.102759e-01  2.104184e-01  2.105778e-01  2.107559e-01  2.109549e-01  2.111769e-01  2.114246e-01  2.117005e-01  2.120075e-01  2.123488e-01  2.127276e-01  2.131474e-01  2.136119e-01  2.141248e-01  2.146898e-01  2.153106e-01  2.159907e-01  2.167334e-01  2.175412e-01  2.184162e-01  2.193590e-01  2.203692e-01  2.214443e-01  2.225796e-01  2.237676e-01  2.249975e-01  2.262547e-01  2.275202e-01  2.287703e-01  2.299768e-01  2.311070e-01  2.321249e-01  2.329929e-01  2.336744e-01  2.341384e-01  2.343654e-01  2.343554e-01  2.341380e-01  2.337847e-01  2.334237e-01  2.332551e-01  2.335673e-01  2.347531e-01  2.378415e-01  2.456066e-01  2.618170e-01  2.910322e-01  3.385023e-01  4.094734e-01  5.078293e-01  6.368847e-01  7.994130e-01  9.968232e-01  1.223895e+00  1.471665e+00  1.731068e+00  1.993420e+00  2.248273e+00  2.483181e+00  2.688256e+00  2.856638e+00  2.984389e+00  3.070576e+00  3.116917e+00  3.126566e+00  3.103617e+00  3.052712e+00  2.978704e+00  2.886387e+00  2.780293e+00  2.664555e+00  2.542818e+00  2.418210e+00  2.293335e+00  2.170298e+00
3           0            6.562366e-01  6.563148e-01  6.564025e-01  6.565009e-01  6.566112e-01  6.567349e-01  6.568735e-01  6.570288e-01  6.572028e-01  6.573976e-01  6.576156e-01  6.578594e-01  6.581320e-01  6.584365e-01  6.587765e-01  6.591558e-01  6.595784e-01  6.600490e-01  6.605723e-01  6.611535e-01  6.617981e-01  6.625118e-01  6.633005e-01  6.641702e-01  6.651272e-01  6.661772e-01  6.673260e-01  6.685784e-01  6.699386e-01  6.714095e-01  6.729921e-01  6.746854e-01  6.764858e-01  6.783862e-01  6.803757e-01  6.824392e-01  6.845570e-01  6.867045e-01  6.888532e-01  6.909711e-01  6.930248e-01  6.949827e-01  6.968192e-01  6.985213e-01  7.000961e-01  7.015814e-01  7.030579e-01  7.046629e-01  7.066044e-01  7.091763e-01  7.127281e-01  7.173666e-01  7.230234e-01  7.295632e-01  7.367808e-01  7.444274e-01  7.524037e-01  7.606984e-01  7.692957e-01  7.781693e-01  7.870730e-01  7.954731e-01  8.028551e-01  8.087747e-01  8.128614e-01  8.147802e-01  8.143118e-01  8.113736e-01  8.060074e-01  7.982888e-01  7.880991e-01  7.754322e-01  7.604565e-01  7.434636e-01  7.248224e-01  7.049382e-01  6.842211e-01  6.630620e-01  6.418162e-01  6.207933e-01
3           1            3.937830e-01  3.938300e-01  3.938828e-01  3.939420e-01  3.940083e-01  3.940827e-01  3.941661e-01  3.942595e-01  3.943642e-01  3.944813e-01  3.946124e-01  3.947591e-01  3.949230e-01  3.951061e-01  3.953105e-01  3.955385e-01  3.957927e-01  3.960755e-01  3.963901e-01  3.967394e-01  3.971267e-01  3.975555e-01  3.980293e-01  3.985518e-01  3.991264e-01  3.997569e-01  4.004464e-01  4.011980e-01  4.020140e-01  4.028961e-01  4.038449e-01  4.048597e-01  4.059382e-01  4.070762e-01  4.082670e-01  4.095016e-01  4.107682e-01  4.120522e-01  4.133367e-01  4.146028e-01  4.158313e-01  4.170038e-01  4.181063e-01  4.191321e-01  4.200873e-01  4.209965e-01  4.219098e-01  4.229112e-01  4.241267e-01  4.257323e-01  4.279135e-01  4.307064e-01  4.340814e-01  4.379755e-01  4.422907e-01  4.469133e-01  4.517836e-01  4.568518e-01  4.620603e-01  4.673392e-01  4.725099e-01  4.773180e-01  4.815310e-01  4.849529e-01  4.873850e-01  4.885908e-01  4.884088e-01  4.867660e-01  4.836700e-01  4.791236e-01  4.730471e-01  4.654605e-01  4.564830e-01  4.463034e-01  4.351516e-01  4.232758e-01  4.109236e-01  3.983290e-01  3.857028e-01  3.732274e-01
3           2            1.311361e-01  1.311528e-01  1.311716e-01  1.311926e-01  1.312162e-01  1.312426e-01  1.312722e-01  1.313054e-01  1.313425e-01  1.313841e-01  1.314306e-01  1.314826e-01  1.315407e-01  1.316055e-01  1.316779e-01  1.317586e-01  1.318485e-01  1.319485e-01  1.320596e-01  1.321828e-01  1.323194e-01  1.324704e-01  1.326370e-01  1.328205e-01  1.330220e-01  1.332426e-01  1.334835e-01  1.337453e-01  1.340289e-01  1.343345e-01  1.346620e-01  1.350108e-01  1.353799e-01  1.357671e-01  1.361698e-01  1.365843e-01  1.370058e-01  1.374289e-01  1.378472e-01  1.382539e-01  1.386422e-01  1.390061e-01  1.393416e-01  1.396478e-01  1.399292e-01  1.401978e-01  1.404754e-01  1.407970e-01  1.412132e-01  1.417915e-01  1.425719e-01  1.435430e-01  1.446780e-01  1.459354e-01  1.472614e-01  1.486370e-01  1.501005e-01  1.516968e-01  1.534716e-01  1.554274e-01  1.574203e-01  1.592797e-01  1.608511e-01  1.620088e-01  1.627007e-01  1.629257e-01  1.626997e-01  1.620528e-01  1.610205e-01  1.595761e-01  1.576767e-01  1.553223e-01  1.525461e-01  1.494042e-01  1.459664e-01  1.423089e-01  1.385077e-01  1.346346e-01  1.307545e-01  1.269231e-01
4           0            8.468578e-02  8.468280e-02  8.467944e-02  8.467567e-02  8.467144e-02  8.466668e-02  8.466135e-02  8.465536e-02  8.464863e-02  8.464108e-02  8.463261e-02  8.462310e-02  8.461244e-02  8.460048e-02  8.458706e-02  8.457203e-02  8.455518e-02  8.453631e-02  8.451517e-02  8.449152e-02  8.446507e-02  8.443550e-02  8.440248e-02  8.436564e-02  8.432458e-02  8.427888e-02  8.422809e-02  8.417176e-02  8.410941e-02  8.404058e-02  8.396486e-02  8.388187e-02  8.379134e-02  8.369318e-02  8.358752e-02  8.347483e-02  8.335605e-02  8.323278e-02  8.310746e-02  8.298367e-02  8.286647e-02  8.276277e-02  8.268185e-02  8.263588e-02  8.264052e-02  8.271557e-02  8.288563e-02  8.318060e-02  8.363620e-02  8.429405e-02  8.518610e-02  8.631177e-02  8.765523e-02  8.918721e-02  9.086465e-02  9.264484e-02  9.450620e-02  9.642737e-02  9.838440e-02  1.003471e-01  1.022537e-01  1.040324e-01  1.056192e-01  1.069608e-01  1.080034e-01  1.086959e-01  1.090079e-01  1.089301e-01  1.084708e-01  1.076235e-01  1.063686e-01  1.047154e-01  1.026977e-01  1.003654e-01  9.777829e-02  9.499991e-02  9.209317e-02  8.911704e-02  8.612449e-02  8.316121e-02
4           1            4.997287e-02  4.997443e-02  4.997618e-02  4.997814e-02  4.998034e-02  4.998279e-02  4.998552e-02  4.998857e-02  4.999198e-02  4.999577e-02  4.999999e-02  5.000467e-02  5.000987e-02  5.001563e-02  5.002199e-02  5.002901e-02  5.003673e-02  5.004521e-02  5.005448e-02  5.006457e-02  5.007552e-02  5.008733e-02  5.010000e-02  5.011348e-02  5.012771e-02  5.014258e-02  5.015790e-02  5.017343e-02  5.018887e-02  5.020378e-02  5.021763e-02  5.022976e-02  5.023938e-02  5.024555e-02  5.024722e-02  5.024322e-02  5.023237e-02  5.021350e-02  5.018568e-02  5.014838e-02  5.010180e-02  5.004732e-02  4.998799e-02  4.992929e-02  4.987998e-02  4.985314e-02  4.986732e-02  4.994779e-02  5.012783e-02  5.044986e-02  5.096350e-02  5.168211e-02  5.257542e-02  5.359385e-02  5.466878e-02  5.571727e-02  5.671106e-02  5.768149e-02  5.866726e-02  5.970995e-02  6.081905e-02  6.192661e-02  6.295684e-02  6.384185e-02  6.452675e-02  6.498061e-02  6.518955e-02  6.515121e-02  6.487353e-02  6.437010e-02  6.363828e-02  6.267860e-02  6.150634e-02  6.014743e-02  5.863441e-02  5.700304e-02  5.528955e-02  5.352851e-02  5.175149e-02  4.998606e-02
4           2            1.710628e-02  1.711063e-02  1.711549e-02  1.712091e-02  1.712695e-02  1.713366e-02  1.714113e-02  1.714940e-02  1.715857e-02  1.716871e-02  1.717989e-02  1.719220e-02  1.720570e-02  1.722046e-02  1.723655e-02  1.725399e-02  1.727281e-02  1.729299e-02  1.731447e-02  1.733714e-02  1.736081e-02  1.738520e-02  1.740992e-02  1.743446e-02  1.745812e-02  1.748005e-02  1.749917e-02  1.751419e-02  1.752362e-02  1.752572e-02  1.751865e-02  1.750048e-02  1.746943e-02  1.742411e-02  1.736393e-02  1.728971e-02  1.720446e-02  1.711449e-02  1.703085e-02  1.697115e-02  1.696176e-02  1.704053e-02  1.725979e-02  1.768968e-02  1.842150e-02  1.957096e-02  2.128057e-02  2.368372e-02  2.681564e-02  3.066777e-02  3.519896e-02  4.033312e-02  4.598260e-02  5.210699e-02  5.866521e-02  6.560321e-02  7.284672e-02  8.022040e-02  8.749520e-02  9.445594e-02  1.009131e-01  1.066867e-01  1.116040e-01  1.155457e-01  1.184495e-01  1.203053e-01  1.211229e-01  1.209148e-01  1.197392e-01  1.176919e-01  1.148930e-01  1.114751e-01  1.075737e-01  1.033198e-01  9.883464e-02  9.422620e-02  8.958761e-02  8.499650e-02  8.051547e-02  7.619312e-02
4           3            3.467458e-01  3.466777e-01  3.466013e-01  3.465156e-01  3.464195e-01  3.463117e-01  3.461909e-01  3.460555e-01  3.459037e-01  3.457338e-01  3.455436e-01  3.453308e-01  3.450928e-01  3.448267e-01  3.445296e-01  3.441979e-01  3.438280e-01  3.434158e-01  3.429571e-01  3.424471e-01  3.418808e-01  3.412531e-01  3.405582e-01  3.397906e-01  3.389443e-01  3.380135e-01  3.369925e-01  3.358757e-01  3.346583e-01  3.333362e-01  3.319064e-01  3.303674e-01  3.287196e-01  3.269660e-01  3.251124e-01  3.231679e-01  3.211459e-01  3.190640e-01  3.169445e-01  3.148149e-01  3.127073e-01  3.106586e-01  3.087094e-01  3.069034e-01  3.052852e-01  3.038994e-01  3.027878e-01  3.019872e-01  3.015276e-01  3.014296e-01  3.017029e-01  3.023456e-01  3.033434e-01  3.046706e-01  3.062877e-01  3.081189e-01  3.100720e-01  3.120568e-01  3.139903e-01  3.158008e-01  3.174305e-01  3.188375e-01  3.199952e-01  3.208917e-01  3.215283e-01  3.219168e-01  3.220769e-01  3.220339e-01  3.218164e-01  3.214539e-01  3.209756e-01  3.204091e-01  3.197795e-01  3.191091e-01  3.184167e-01  3.177183e-01  3.170268e-01  3.163523e-01  3.157024e-01  3.150828e-01

UPSILON_P N_trans=3
# upper_idx  lower_idx   upsilon(T_GRID[0]..T_GRID[N-1])
1           0            0.000000e+00  0.000000e+00  0.000000e+00  0.000000e+00  0.000000e+00  0.000000e+00  0.000000e+00  0.000000e+00  0.000000e+00  0.000000e+00  0.000000e+00  0.000000e+00  0.000000e+00  0.000000e+00  0.000000e+00  0.000000e+00  0.000000e+00  0.000000e+00  0.000000e+00  0.000000e+00  0.000000e+00  0.000000e+00  0.000000e+00  0.000000e+00  0.000000e+00  0.000000e+00  0.000000e+00  0.000000e+00  0.000000e+00  0.000000e+00  0.000000e+00  0.000000e+00  0.000000e+00  0.000000e+00  0.000000e+00  0.000000e+00  0.000000e+00  0.000000e+00  0.000000e+00  0.000000e+00  0.000000e+00  0.000000e+00  0.000000e+00  3.274213e-12  9.472584e-12  1.831125e-11  3.062369e-11  4.744122e-11  7.001726e-11  9.984574e-11  1.386403e-10  1.876369e-10  2.472902e-10  3.177173e-10  3.986725e-10  4.895161e-10  5.892160e-10  6.963720e-10  8.092587e-10  9.259027e-10  1.044443e-09  1.163779e-09  1.282955e-09  1.401031e-09  1.517077e-09  1.629914e-09  1.738348e-09  1.841423e-09  1.938425e-09  2.028902e-09  2.112828e-09  2.190417e-09  2.261925e-09  2.327636e-09  2.387856e-09  2.442905e-09  2.493109e-09  2.538794e-09  2.580283e-09  2.617891e-09
2           0            0.000000e+00  0.000000e+00  0.000000e+00  0.000000e+00  0.000000e+00  0.000000e+00  0.000000e+00  0.000000e+00  0.000000e+00  0.000000e+00  0.000000e+00  0.000000e+00  0.000000e+00  0.000000e+00  0.000000e+00  0.000000e+00  3.141460e-14  7.760860e-14  1.275585e-13  1.812626e-13  2.386160e-13  2.993779e-13  3.631335e-13  4.292489e-13  4.968204e-13  5.646177e-13  6.310254e-13  6.939852e-13  7.509460e-13  7.988334e-13  8.340539e-13  8.525572e-13  8.499897e-13  8.219831e-13  7.646400e-13  6.752932e-13  5.536396e-13  4.033712e-13  2.344489e-13  6.618292e-14  0.000000e+00  0.000000e+00  0.000000e+00  3.739687e-13  1.178069e-12  2.608563e-12  4.932782e-12  8.492045e-12  1.371112e-11  2.110134e-11  3.115228e-11  4.426783e-11  6.084150e-11  8.124497e-11  1.058046e-10  1.346223e-10  1.674899e-10  2.040551e-10  2.438465e-10  2.863150e-10  3.309137e-10  3.770652e-10  4.241704e-10  4.716372e-10  5.189368e-10  5.656014e-10  6.112111e-10  6.554021e-10  6.978727e-10  7.383841e-10  7.767596e-10  8.128816e-10  8.466864e-10  8.781568e-10  9.073150e-10  9.342151e-10  9.589363e-10  9.815762e-10  1.002246e-09  1.021064e-09
2           1            0.000000e+00  0.000000e+00  0.000000e+00  0.000000e+00  0.000000e+00  0.000000e+00  0.000000e+00  0.000000e+00  0.000000e+00  0.000000e+00  0.000000e+00  0.000000e+00  0.000000e+00  0.000000e+00  0.000000e+00  0.000000e+00  0.000000e+00  0.000000e+00  0.000000e+00  0.000000e+00  0.000000e+00  0.000000e+00  0.000000e+00  0.000000e+00  1.532004e-14  5.255809e-14  9.147292e-14  1.316451e-13  1.724932e-13  2.132450e-13  2.529090e-13  2.902517e-13  3.237824e-13  3.517569e-13  3.722078e-13  3.830169e-13  3.820489e-13  3.673712e-13  3.375887e-13  2.923320e-13  2.329385e-13  1.633706e-13  9.141405e-14  3.018916e-14  0.000000e+00  3.046032e-14  1.629819e-13  4.532735e-13  9.738985e-13  1.816484e-12  3.100241e-12  5.019081e-12  7.828763e-12  1.182786e-11  1.735080e-11  2.473868e-11  3.419709e-11  4.583386e-11  5.970809e-11  7.582354e-11  9.411301e-11  1.144350e-10  1.365927e-10  1.603427e-10  1.853455e-10  2.110378e-10  2.368588e-10  2.623230e-10  2.870298e-10  3.106113e-10  3.325947e-10  3.526270e-10  3.705188e-10  3.862128e-10  3.997525e-10  4.112538e-10  4.208796e-10  4.288197e-10  4.352746e-10  4.404437e-10

