# pyathena.photchem atomic data : NII
# CHIANTI source : ion n_2
# Levels kept    : lowest 5 of CHIANTI (padded to 5 if smaller)
# T grid         : 60 log-spaced points, 1e+03 K -> 1e+06 K
# Generated by   : pyathena/photchem/data/build_chianti_tables.py
#
# Indices below are 0-based pyathena indices (level 0 = ground).
# CHIANTI level numbers are 1-based and shown for cross-reference.
#
LEVELS N=5
# idx  chianti_lvl  conf            term       j     g    E_erg            E_K
0     1            2s2.2p2         3P0        0.0   1     0.000000e+00   0.000000e+00
1     2            2s2.2p2         3P1        1.0   3     9.671820e-15   7.005271e+01
2     3            2s2.2p2         3P2        2.0   5     2.597688e-14   1.881498e+02
3     4            2s2.2p2         1D2        2.0   5     3.041797e-12   2.203165e+04
4     5            2s2.2p2         1S0        0.0   1     6.491996e-12   4.702133e+04

A_COEFFS N=8
# upper_idx  lower_idx   A [s^-1]
1           0            2.080000e-06
2           1            7.460000e-06
3           0            5.250000e-07
3           1            9.849000e-04
3           2            2.919000e-03
4           1            3.180000e-02
4           2            1.550000e-04
4           3            1.140000e+00

T_GRID N=60
 1.000000e+03
 1.124210e+03
 1.263848e+03
 1.420831e+03
 1.597312e+03
 1.795714e+03
 2.018760e+03
 2.269511e+03
 2.551407e+03
 2.868317e+03
 3.224591e+03
 3.625117e+03
 4.075393e+03
 4.581598e+03
 5.150678e+03
 5.790444e+03
 6.509675e+03
 7.318242e+03
 8.227241e+03
 9.249147e+03
 1.039798e+04
 1.168952e+04
 1.314147e+04
 1.477378e+04
 1.660883e+04
 1.867181e+04
 2.099104e+04
 2.359833e+04
 2.652948e+04
 2.982471e+04
 3.352924e+04
 3.769391e+04
 4.237587e+04
 4.763938e+04
 5.355667e+04
 6.020894e+04
 6.768750e+04
 7.609497e+04
 8.554673e+04
 9.617249e+04
 1.081181e+05
 1.215474e+05
 1.366448e+05
 1.536175e+05
 1.726983e+05
 1.941492e+05
 2.182645e+05
 2.453751e+05
 2.758532e+05
 3.101169e+05
 3.486365e+05
 3.919407e+05
 4.406236e+05
 4.953535e+05
 5.568814e+05
 6.260517e+05
 7.038136e+05
 7.912343e+05
 8.895135e+05
 1.000000e+06

UPSILON_E N_trans=10
# upper_idx  lower_idx   upsilon(T_GRID[0]..T_GRID[N-1])
1           0            3.677568e-01  3.645968e-01  3.615458e-01  3.586797e-01  3.560826e-01  3.538437e-01  3.520538e-01  3.508003e-01  3.501614e-01  3.501987e-01  3.509505e-01  3.524244e-01  3.545911e-01  3.573806e-01  3.606803e-01  3.643370e-01  3.681620e-01  3.719403e-01  3.754423e-01  3.784987e-01  3.811843e-01  3.836341e-01  3.859777e-01  3.883310e-01  3.907897e-01  3.934256e-01  3.962846e-01  3.993878e-01  4.027336e-01  4.063016e-01  4.100571e-01  4.139557e-01  4.179476e-01  4.219814e-01  4.260075e-01  4.299802e-01  4.338592e-01  4.376105e-01  4.412070e-01  4.446282e-01  4.478596e-01  4.508923e-01  4.537224e-01  4.563498e-01  4.587779e-01  4.610126e-01  4.630617e-01  4.649345e-01  4.666410e-01  4.681920e-01  4.695983e-01  4.708708e-01  4.720201e-01  4.730563e-01  4.739892e-01  4.748280e-01  4.755813e-01  4.762571e-01  4.768628e-01  4.774052e-01
2           0            1.077820e-01  1.083134e-01  1.090061e-01  1.098937e-01  1.110136e-01  1.124075e-01  1.141204e-01  1.161998e-01  1.186942e-01  1.216515e-01  1.251163e-01  1.291275e-01  1.337151e-01  1.388968e-01  1.446754e-01  1.510358e-01  1.579438e-01  1.653447e-01  1.731812e-01  1.814505e-01  1.901599e-01  1.993080e-01  2.088826e-01  2.188587e-01  2.291978e-01  2.397998e-01  2.504095e-01  2.607720e-01  2.706758e-01  2.799570e-01  2.884997e-01  2.962335e-01  3.031279e-01  3.091863e-01  3.144384e-01  3.189336e-01  3.227339e-01  3.259090e-01  3.285309e-01  3.306710e-01  3.323974e-01  3.337729e-01  3.348545e-01  3.356925e-01  3.363308e-01  3.368073e-01  3.371538e-01  3.373972e-01  3.375597e-01  3.376595e-01  3.377114e-01  3.377274e-01  3.377168e-01  3.376874e-01  3.376449e-01  3.375939e-01  3.375379e-01  3.374796e-01  3.374208e-01  3.373629e-01
2           1            1.211384e+00  1.214705e+00  1.219126e+00  1.224817e+00  1.231939e+00  1.240633e+00  1.251006e+00  1.263107e+00  1.276910e+00  1.292285e+00  1.308980e+00  1.326599e+00  1.344588e+00  1.362232e+00  1.378908e+00  1.394413e+00  1.408633e+00  1.421500e+00  1.432989e+00  1.443125e+00  1.452013e+00  1.459864e+00  1.466906e+00  1.473367e+00  1.479455e+00  1.485344e+00  1.490872e+00  1.495559e+00  1.499044e+00  1.501111e+00  1.501666e+00  1.500724e+00  1.498376e+00  1.494774e+00  1.490103e+00  1.484564e+00  1.478363e+00  1.471694e+00  1.464737e+00  1.457649e+00  1.450564e+00  1.443594e+00  1.436825e+00  1.430325e+00  1.424141e+00  1.418308e+00  1.412843e+00  1.407754e+00  1.403042e+00  1.398699e+00  1.394711e+00  1.391065e+00  1.387740e+00  1.384717e+00  1.381975e+00  1.379494e+00  1.377253e+00  1.375233e+00  1.373414e+00  1.371779e+00
3           0            2.617028e-01  2.621426e-01  2.626945e-01  2.633742e-01  2.641967e-01  2.651746e-01  2.663174e-01  2.676289e-01  2.691056e-01  2.707343e-01  2.724902e-01  2.743348e-01  2.762149e-01  2.780621e-01  2.797937e-01  2.813147e-01  2.825350e-01  2.834699e-01  2.841970e-01  2.848058e-01  2.853922e-01  2.860510e-01  2.868701e-01  2.879097e-01  2.891319e-01  2.904677e-01  2.918557e-01  2.932436e-01  2.945893e-01  2.958610e-01  2.970365e-01  2.981023e-01  2.990523e-01  2.998859e-01  3.006071e-01  3.012230e-01  3.017426e-01  3.021759e-01  3.025333e-01  3.028248e-01  3.030600e-01  3.032477e-01  3.033958e-01  3.035110e-01  3.035995e-01  3.036663e-01  3.037157e-01  3.037512e-01  3.037759e-01  3.037921e-01  3.038018e-01  3.038066e-01  3.038078e-01  3.038062e-01  3.038028e-01  3.037982e-01  3.037926e-01  3.037867e-01  3.037805e-01  3.037743e-01
3           1            7.476254e-01  7.477759e-01  7.479303e-01  7.480880e-01  7.482488e-01  7.484134e-01  7.485835e-01  7.487627e-01  7.489573e-01  7.491767e-01  7.494348e-01  7.497510e-01  7.501509e-01  7.506675e-01  7.513414e-01  7.522212e-01  7.533630e-01  7.548182e-01  7.565918e-01  7.586658e-01  7.610103e-01  7.635851e-01  7.663410e-01  7.692738e-01  7.725486e-01  7.763502e-01  7.808316e-01  7.861051e-01  7.922360e-01  7.991481e-01  8.065067e-01  8.139887e-01  8.213355e-01  8.283512e-01  8.348983e-01  8.408903e-01  8.462830e-01  8.510662e-01  8.552547e-01  8.588812e-01  8.619896e-01  8.646303e-01  8.668557e-01  8.687178e-01  8.702658e-01  8.715454e-01  8.725974e-01  8.734584e-01  8.741600e-01  8.747294e-01  8.751900e-01  8.755612e-01  8.758596e-01  8.760987e-01  8.762898e-01  8.764421e-01  8.765631e-01  8.766592e-01  8.767351e-01  8.767951e-01
3           2            1.410416e+00  1.410702e+00  1.411252e+00  1.412120e+00  1.413359e+00  1.415020e+00  1.417148e+00  1.419772e+00  1.422903e+00  1.426521e+00  1.430570e+00  1.434942e+00  1.439473e+00  1.443937e+00  1.448036e+00  1.451418e+00  1.453972e+00  1.455961e+00  1.457739e+00  1.459728e+00  1.462387e+00  1.466171e+00  1.471259e+00  1.477557e+00  1.484934e+00  1.493234e+00  1.502291e+00  1.511916e+00  1.521777e+00  1.531487e+00  1.540741e+00  1.549317e+00  1.557070e+00  1.563922e+00  1.569851e+00  1.574875e+00  1.579046e+00  1.582436e+00  1.585128e+00  1.587210e+00  1.588770e+00  1.589891e+00  1.590650e+00  1.591116e+00  1.591349e+00  1.591400e+00  1.591313e+00  1.591124e+00  1.590863e+00  1.590554e+00  1.590215e+00  1.589861e+00  1.589504e+00  1.589151e+00  1.588809e+00  1.588481e+00  1.588171e+00  1.587881e+00  1.587610e+00  1.587360e+00
4           0            3.517154e-02  3.506980e-02  3.496064e-02  3.484424e-02  3.472102e-02  3.459164e-02  3.445709e-02  3.431872e-02  3.417826e-02  3.403790e-02  3.390022e-02  3.376826e-02  3.364547e-02  3.353558e-02  3.344249e-02  3.336878e-02  3.331574e-02  3.328401e-02  3.327354e-02  3.328363e-02  3.331385e-02  3.337187e-02  3.346912e-02  3.361520e-02  3.381722e-02  3.407941e-02  3.440087e-02  3.476343e-02  3.514468e-02  3.552638e-02  3.589449e-02  3.623891e-02  3.655307e-02  3.683335e-02  3.707848e-02  3.728901e-02  3.746675e-02  3.761434e-02  3.773489e-02  3.783169e-02  3.790803e-02  3.796702e-02  3.801153e-02  3.804413e-02  3.806707e-02  3.808230e-02  3.809144e-02  3.809589e-02  3.809676e-02  3.809498e-02  3.809130e-02  3.808630e-02  3.808043e-02  3.807407e-02  3.806749e-02  3.806087e-02  3.805438e-02  3.804812e-02  3.804215e-02  3.803653e-02
4           1            8.778399e-02  8.785344e-02  8.795116e-02  8.808328e-02  8.825659e-02  8.847849e-02  8.875676e-02  8.909928e-02  8.951366e-02  9.000669e-02  9.058369e-02  9.124783e-02  9.199929e-02  9.283447e-02  9.374522e-02  9.471836e-02  9.573547e-02  9.677896e-02  9.783526e-02  9.888955e-02  9.992600e-02  1.009284e-01  1.018817e-01  1.027867e-01  1.036598e-01  1.045171e-01  1.053733e-01  1.062402e-01  1.071246e-01  1.080059e-01  1.088486e-01  1.096258e-01  1.103190e-01  1.109176e-01  1.114176e-01  1.118201e-01  1.121303e-01  1.123562e-01  1.125074e-01  1.125941e-01  1.126267e-01  1.126153e-01  1.125689e-01  1.124959e-01  1.124033e-01  1.122972e-01  1.121827e-01  1.120638e-01  1.119438e-01  1.118253e-01  1.117101e-01  1.115996e-01  1.114948e-01  1.113961e-01  1.113040e-01  1.112185e-01  1.111397e-01  1.110672e-01  1.110009e-01  1.109404e-01
4           2            1.544467e-01  1.547729e-01  1.551250e-01  1.555051e-01  1.559158e-01  1.563607e-01  1.568444e-01  1.573730e-01  1.579548e-01  1.586001e-01  1.593219e-01  1.601361e-01  1.610614e-01  1.621196e-01  1.633322e-01  1.646934e-01  1.661735e-01  1.677341e-01  1.693302e-01  1.709126e-01  1.724365e-01  1.739093e-01  1.753652e-01  1.768358e-01  1.783483e-01  1.799228e-01  1.815635e-01  1.832136e-01  1.848050e-01  1.862864e-01  1.876223e-01  1.887915e-01  1.897852e-01  1.906042e-01  1.912569e-01  1.917564e-01  1.921193e-01  1.923635e-01  1.925070e-01  1.925673e-01  1.925607e-01  1.925017e-01  1.924031e-01  1.922756e-01  1.921285e-01  1.919691e-01  1.918035e-01  1.916364e-01  1.914713e-01  1.913110e-01  1.911574e-01  1.910117e-01  1.908749e-01  1.907471e-01  1.906288e-01  1.905196e-01  1.904193e-01  1.903277e-01  1.902441e-01  1.901682e-01
4           3            2.400430e-01  2.422822e-01  2.453197e-01  2.493106e-01  2.544212e-01  2.608250e-01  2.686955e-01  2.781964e-01  2.894697e-01  3.026214e-01  3.177053e-01  3.347058e-01  3.535213e-01  3.739502e-01  3.956815e-01  4.182910e-01  4.412472e-01  4.639378e-01  4.859177e-01  5.069388e-01  5.267813e-01  5.452550e-01  5.622073e-01  5.775282e-01  5.911595e-01  6.031751e-01  6.137351e-01  6.230053e-01  6.311481e-01  6.383157e-01  6.446462e-01  6.502613e-01  6.552656e-01  6.597473e-01  6.637793e-01  6.674216e-01  6.707228e-01  6.737226e-01  6.764533e-01  6.789417e-01  6.812101e-01  6.832777e-01  6.851613e-01  6.868756e-01  6.884342e-01  6.898494e-01  6.911327e-01  6.922948e-01  6.933457e-01  6.942947e-01  6.951506e-01  6.959216e-01  6.966153e-01  6.972389e-01  6.977987e-01  6.983009e-01  6.987511e-01  6.991543e-01  6.995151e-01  6.998379e-01

