# pyathena.photchem atomic data : OI
# CHIANTI source : ion o_1
# Levels kept    : lowest 5 of CHIANTI (padded to 5 if smaller)
# T grid         : 80 log-spaced points, 100 K -> 1e+06 K
# Generated by   : pyathena/photchem/data/build_chianti_tables.py
#
# Indices below are 0-based pyathena indices (level 0 = ground).
# CHIANTI level numbers are 1-based and shown for cross-reference.
#
LEVELS N=5
# idx  chianti_lvl  conf            term       j     g    E_erg            E_K
0     1            2s2.2p4         3P2        2.0   5     0.000000e+00   0.000000e+00
1     2            2s2.2p4         3P1        1.0   3     3.143143e-14   2.276569e+02
2     3            2s2.2p4         3P0        0.0   1     4.507763e-14   3.264960e+02
3     4            2s2.2p4         1D2        2.0   5     3.151357e-12   2.282519e+04
4     5            2s2.2p4         1S0        0.0   1     6.711207e-12   4.860907e+04

A_COEFFS N=9
# upper_idx  lower_idx   A [s^-1]
1           0            8.542000e-05
2           0            1.380000e-10
2           1            1.643000e-05
3           0            6.503000e-03
3           1            2.101000e-03
3           2            6.181000e-07
4           0            3.494000e-04
4           1            7.842000e-02
4           3            1.260000e+00

T_GRID N=80
 1.000000e+02
 1.123655e+02
 1.262600e+02
 1.418727e+02
 1.594159e+02
 1.791284e+02
 2.012785e+02
 2.261676e+02
 2.541343e+02
 2.855592e+02
 3.208700e+02
 3.605471e+02
 4.051305e+02
 4.552268e+02
 5.115178e+02
 5.747694e+02
 6.458424e+02
 7.257040e+02
 8.154407e+02
 9.162739e+02
 1.029576e+03
 1.156888e+03
 1.299942e+03
 1.460686e+03
 1.641307e+03
 1.844263e+03
 2.072315e+03
 2.328566e+03
 2.616505e+03
 2.940048e+03
 3.303599e+03
 3.712105e+03
 4.171125e+03
 4.686904e+03
 5.266462e+03
 5.917686e+03
 6.649436e+03
 7.471671e+03
 8.395579e+03
 9.433732e+03
 1.060026e+04
 1.191103e+04
 1.338389e+04
 1.503887e+04
 1.689850e+04
 1.898808e+04
 2.133605e+04
 2.397435e+04
 2.693889e+04
 3.027002e+04
 3.401305e+04
 3.821893e+04
 4.294488e+04
 4.825522e+04
 5.422221e+04
 6.092705e+04
 6.846097e+04
 7.692650e+04
 8.643883e+04
 9.712740e+04
 1.091377e+05
 1.226331e+05
 1.377972e+05
 1.548365e+05
 1.739828e+05
 1.954966e+05
 2.196707e+05
 2.468340e+05
 2.773563e+05
 3.116527e+05
 3.501900e+05
 3.934927e+05
 4.421500e+05
 4.968240e+05
 5.582586e+05
 6.272900e+05
 7.048574e+05
 7.920164e+05
 8.899530e+05
 1.000000e+06

UPSILON_E N_trans=10
# upper_idx  lower_idx   upsilon(T_GRID[0]..T_GRID[N-1])
1           0            1.332257e-03  1.411054e-03  1.492630e-03  1.576523e-03  1.662246e-03  1.749315e-03  1.837304e-03  1.925890e-03  2.014914e-03  2.104436e-03  2.194783e-03  2.286584e-03  2.380777e-03  2.478589e-03  2.581488e-03  2.691096e-03  2.809079e-03  2.937046e-03  3.077182e-03  3.232114e-03  3.403900e-03  3.593822e-03  3.802293e-03  4.028830e-03  4.272109e-03  4.530067e-03  4.800059e-03  5.079034e-03  5.363722e-03  5.650808e-03  5.937088e-03  6.219589e-03  6.495667e-03  6.763057e-03  7.019907e-03  7.264780e-03  7.496631e-03  7.714784e-03  7.918885e-03  8.108860e-03  8.284865e-03  8.447246e-03  8.596491e-03  8.733198e-03  8.858039e-03  8.971730e-03  9.075013e-03  9.168635e-03  9.253331e-03  9.329818e-03  9.398781e-03  9.460874e-03  9.516710e-03  9.566863e-03  9.611867e-03  9.652213e-03  9.688355e-03  9.720708e-03  9.749651e-03  9.775528e-03  9.798652e-03  9.819307e-03  9.837749e-03  9.854210e-03  9.868897e-03  9.881998e-03  9.893681e-03  9.904098e-03  9.913383e-03  9.921659e-03  9.929033e-03  9.935604e-03  9.941457e-03  9.946671e-03  9.951315e-03  9.955450e-03  9.959133e-03  9.962413e-03  9.965333e-03  9.967933e-03
2           0            5.263629e-04  5.605010e-04  5.962090e-04  6.333609e-04  6.718201e-04  7.114507e-04  7.521331e-04  7.937819e-04  8.363649e-04  8.799215e-04  9.245790e-04  9.705620e-04  1.018195e-03  1.067893e-03  1.120144e-03  1.175474e-03  1.234412e-03  1.297457e-03  1.365424e-03  1.439408e-03  1.520268e-03  1.608538e-03  1.704386e-03  1.807601e-03  1.917618e-03  2.033556e-03  2.154290e-03  2.278524e-03  2.404868e-03  2.531914e-03  2.658305e-03  2.782782e-03  2.904228e-03  3.021688e-03  3.134384e-03  3.241717e-03  3.343255e-03  3.438723e-03  3.527986e-03  3.611024e-03  3.687920e-03  3.758834e-03  3.823989e-03  3.883651e-03  3.938120e-03  3.987712e-03  4.032754e-03  4.073576e-03  4.110500e-03  4.143840e-03  4.173897e-03  4.200956e-03  4.225287e-03  4.247139e-03  4.266746e-03  4.284323e-03  4.300067e-03  4.314160e-03  4.326766e-03  4.338037e-03  4.348109e-03  4.357105e-03  4.365137e-03  4.372305e-03  4.378701e-03  4.384407e-03  4.389494e-03  4.394030e-03  4.398074e-03  4.401678e-03  4.404889e-03  4.407750e-03  4.410298e-03  4.412569e-03  4.414591e-03  4.416392e-03  4.417995e-03  4.419423e-03  4.420695e-03  4.421827e-03
2           1            8.771683e-07  1.064372e-06  1.295103e-06  1.577841e-06  1.921812e-06  2.336738e-06  2.832544e-06  3.419076e-06  4.105924e-06  4.902407e-06  5.817795e-06  6.861754e-06  8.044943e-06  9.379315e-06  1.087838e-05  1.255770e-05  1.443489e-05  1.652915e-05  1.886047e-05  2.144841e-05  2.431066e-05  2.746139e-05  3.090961e-05  3.465770e-05  3.870024e-05  4.302323e-05  4.760400e-05  5.241157e-05  5.740764e-05  6.254814e-05  6.778497e-05  7.306804e-05  7.834731e-05  8.357462e-05  8.870531e-05  9.369947e-05  9.852282e-05  1.031472e-04  1.075505e-04  1.117170e-04  1.156364e-04  1.193036e-04  1.227180e-04  1.258828e-04  1.288042e-04  1.314910e-04  1.339537e-04  1.362041e-04  1.382550e-04  1.401192e-04  1.418101e-04  1.433407e-04  1.447237e-04  1.459713e-04  1.470951e-04  1.481061e-04  1.490145e-04  1.498300e-04  1.505613e-04  1.512166e-04  1.518034e-04  1.523284e-04  1.527980e-04  1.532176e-04  1.535925e-04  1.539274e-04  1.542262e-04  1.544929e-04  1.547309e-04  1.549431e-04  1.551323e-04  1.553010e-04  1.554513e-04  1.555853e-04  1.557047e-04  1.558110e-04  1.559058e-04  1.559902e-04  1.560653e-04  1.561323e-04
3           0            4.438923e-03  4.608739e-03  4.799823e-03  5.014874e-03  5.256943e-03  5.529479e-03  5.836387e-03  6.182089e-03  6.571594e-03  7.010586e-03  7.505515e-03  8.063709e-03  8.693502e-03  9.404375e-03  1.020713e-02  1.111407e-02  1.213924e-02  1.329866e-02  1.461060e-02  1.609592e-02  1.777841e-02  1.968519e-02  2.184708e-02  2.429907e-02  2.708076e-02  3.023669e-02  3.381676e-02  3.787640e-02  4.247661e-02  4.768380e-02  5.356916e-02  6.020775e-02  6.768135e-02  7.610046e-02  8.559321e-02  9.629476e-02  1.083423e-01  1.218655e-01  1.369612e-01  1.536945e-01  1.720981e-01  1.921676e-01  2.138862e-01  2.372235e-01  2.620997e-01  2.883837e-01  3.159407e-01  3.447153e-01  3.746039e-01  4.054341e-01  4.369781e-01  4.689536e-01  5.010127e-01  5.328149e-01  5.640514e-01  5.944526e-01  6.237916e-01  6.518864e-01  6.785989e-01  7.038322e-01  7.275271e-01  7.496574e-01  7.702255e-01  7.892567e-01  8.067955e-01  8.229001e-01  8.376398e-01  8.510904e-01  8.633322e-01  8.744475e-01  8.845182e-01  8.936253e-01  9.018467e-01  9.092572e-01  9.159276e-01  9.219244e-01  9.273098e-01  9.321414e-01  9.364723e-01  9.403513e-01
3           1            2.664941e-03  2.767162e-03  2.882175e-03  3.011601e-03  3.157272e-03  3.321259e-03  3.505904e-03  3.713859e-03  3.948127e-03  4.212116e-03  4.509688e-03  4.845234e-03  5.223742e-03  5.650885e-03  6.133126e-03  6.677825e-03  7.293378e-03  7.989360e-03  8.776700e-03  9.667870e-03  1.067710e-02  1.182060e-02  1.311683e-02  1.458675e-02  1.625409e-02  1.814560e-02  2.029125e-02  2.272441e-02  2.548187e-02  2.860372e-02  3.213309e-02  3.611552e-02  4.060065e-02  4.565482e-02  5.135466e-02  5.778086e-02  6.501519e-02  7.313475e-02  8.219711e-02  9.224068e-02  1.032845e-01  1.153255e-01  1.283540e-01  1.423537e-01  1.572785e-01  1.730514e-01  1.895913e-01  2.068615e-01  2.247963e-01  2.432897e-01  2.622034e-01  2.813682e-01  3.005792e-01  3.196359e-01  3.383553e-01  3.565772e-01  3.741664e-01  3.910139e-01  4.070367e-01  4.221763e-01  4.363966e-01  4.496813e-01  4.620311e-01  4.734607e-01  4.839962e-01  4.936721e-01  5.025295e-01  5.106136e-01  5.179723e-01  5.246546e-01  5.307098e-01  5.361862e-01  5.411304e-01  5.455874e-01  5.495996e-01  5.532070e-01  5.564467e-01  5.593534e-01  5.619590e-01  5.642930e-01
3           2            8.868839e-04  9.209377e-04  9.592541e-04  1.002374e-03  1.050907e-03  1.105545e-03  1.167069e-03  1.236363e-03  1.314429e-03  1.402404e-03  1.501578e-03  1.613414e-03  1.739579e-03  1.881967e-03  2.042735e-03  2.224341e-03  2.429590e-03  2.661680e-03  2.924261e-03  3.221500e-03  3.558151e-03  3.939630e-03  4.372104e-03  4.862573e-03  5.418962e-03  6.050201e-03  6.766297e-03  7.578381e-03  8.498724e-03  9.540696e-03  1.071866e-02  1.204779e-02  1.354459e-02  1.523102e-02  1.713237e-02  1.927521e-02  2.168639e-02  2.439127e-02  2.740938e-02  3.075424e-02  3.443301e-02  3.844543e-02  4.278862e-02  4.745668e-02  5.243376e-02  5.769374e-02  6.320943e-02  6.896870e-02  7.494974e-02  8.111730e-02  8.742526e-02  9.381779e-02  1.002287e-01  1.065928e-01  1.128499e-01  1.189468e-01  1.248381e-01  1.304868e-01  1.358644e-01  1.409504e-01  1.457318e-01  1.502025e-01  1.543618e-01  1.582140e-01  1.617672e-01  1.650324e-01  1.680230e-01  1.707539e-01  1.732409e-01  1.755002e-01  1.775482e-01  1.794010e-01  1.810743e-01  1.825830e-01  1.839416e-01  1.851633e-01  1.862607e-01  1.872455e-01  1.881284e-01  1.889193e-01
4           0            1.781828e-03  1.772896e-03  1.763144e-03  1.752544e-03  1.741080e-03  1.728758e-03  1.715613e-03  1.701717e-03  1.687195e-03  1.672236e-03  1.657119e-03  1.642232e-03  1.628105e-03  1.615444e-03  1.605179e-03  1.598513e-03  1.596984e-03  1.602541e-03  1.617623e-03  1.645256e-03  1.689158e-03  1.753851e-03  1.844777e-03  1.968421e-03  2.132422e-03  2.345664e-03  2.618350e-03  2.962018e-03  3.389507e-03  3.914837e-03  4.553000e-03  5.319272e-03  6.225282e-03  7.278735e-03  8.484285e-03  9.842933e-03  1.135257e-02  1.301853e-02  1.485076e-02  1.685659e-02  1.903971e-02  2.139871e-02  2.392597e-02  2.660876e-02  2.942956e-02  3.237119e-02  3.543464e-02  3.861907e-02  4.191422e-02  4.530162e-02  4.875395e-02  5.222720e-02  5.567638e-02  5.906241e-02  6.235253e-02  6.552028e-02  6.854527e-02  7.141275e-02  7.411304e-02  7.664083e-02  7.899459e-02  8.117585e-02  8.318860e-02  8.503874e-02  8.673354e-02  8.828127e-02  8.969078e-02  9.097124e-02  9.213190e-02  9.318187e-02  9.413005e-02  9.498494e-02  9.575463e-02  9.644674e-02  9.706840e-02  9.762620e-02  9.812627e-02  9.857422e-02  9.897520e-02  9.933390e-02
4           1            1.110473e-03  1.104971e-03  1.098950e-03  1.092386e-03  1.085264e-03  1.077579e-03  1.069342e-03  1.060586e-03  1.051369e-03  1.041792e-03  1.032001e-03  1.022207e-03  1.012705e-03  1.003890e-03  9.962900e-04  9.905948e-04  9.876956e-04  9.887302e-04  9.951365e-04  1.008713e-03  1.031687e-03  1.066791e-03  1.117343e-03  1.187328e-03  1.281480e-03  1.405353e-03  1.565377e-03  1.768887e-03  2.024107e-03  2.340092e-03  2.726421e-03  3.190693e-03  3.738053e-03  4.372047e-03  5.094271e-03  5.904459e-03  6.805956e-03  7.805170e-03  8.907058e-03  1.011448e-02  1.142762e-02  1.284358e-02  1.435638e-02  1.595697e-02  1.763593e-02  1.939599e-02  2.123999e-02  2.316413e-02  2.515874e-02  2.720846e-02  2.928816e-02  3.137066e-02  3.343144e-02  3.544911e-02  3.740566e-02  3.928655e-02  4.108056e-02  4.277964e-02  4.437854e-02  4.587451e-02  4.726693e-02  4.855690e-02  4.974693e-02  5.084061e-02  5.184234e-02  5.275703e-02  5.358998e-02  5.434661e-02  5.503242e-02  5.565281e-02  5.621304e-02  5.671814e-02  5.717289e-02  5.758181e-02  5.794909e-02  5.827865e-02  5.857410e-02  5.883875e-02  5.907565e-02  5.928758e-02
4           2            3.816775e-04  3.798323e-04  3.778072e-04  3.755927e-04  3.731809e-04  3.705672e-04  3.677516e-04  3.647402e-04  3.615477e-04  3.582005e-04  3.547403e-04  3.512291e-04  3.477548e-04  3.444391e-04  3.414465e-04  3.389955e-04  3.373720e-04  3.369461e-04  3.381910e-04  3.417054e-04  3.482391e-04  3.587215e-04  3.742922e-04  3.963332e-04  4.264997e-04  4.667491e-04  5.193622e-04  5.869541e-04  6.724695e-04  7.790898e-04  9.093783e-04  1.065178e-03  1.247899e-03  1.458406e-03  1.697046e-03  1.965301e-03  2.265496e-03  2.599477e-03  2.968395e-03  3.372528e-03  3.811145e-03  4.282477e-03  4.783729e-03  5.312171e-03  5.869952e-03  6.459150e-03  7.079303e-03  7.727661e-03  8.399298e-03  9.086108e-03  9.779166e-03  1.047011e-02  1.115136e-02  1.181635e-02  1.245952e-02  1.307645e-02  1.366375e-02  1.421902e-02  1.474078e-02  1.522829e-02  1.568152e-02  1.610095e-02  1.648753e-02  1.684250e-02  1.716738e-02  1.746383e-02  1.773362e-02  1.797856e-02  1.820046e-02  1.840110e-02  1.858222e-02  1.874546e-02  1.889238e-02  1.902445e-02  1.914305e-02  1.924944e-02  1.934480e-02  1.943020e-02  1.950664e-02  1.957501e-02
4           3            2.808435e-03  2.859449e-03  2.918184e-03  2.985988e-03  3.064488e-03  3.155659e-03  3.261908e-03  3.386188e-03  3.532136e-03  3.704260e-03  3.908171e-03  4.150880e-03  4.441183e-03  4.790142e-03  5.211672e-03  5.723253e-03  6.346724e-03  7.109086e-03  8.043125e-03  9.187454e-03  1.058530e-02  1.228084e-02  1.431142e-02  1.669341e-02  1.939991e-02  2.235562e-02  2.551105e-02  2.883416e-02  3.231470e-02  3.598362e-02  3.990439e-02  4.407461e-02  4.846588e-02  5.304718e-02  5.778938e-02  6.269506e-02  6.780109e-02  7.316034e-02  7.883688e-02  8.488059e-02  9.129887e-02  9.808643e-02  1.052285e-01  1.127002e-01  1.205132e-01  1.287663e-01  1.375427e-01  1.468925e-01  1.568324e-01  1.673474e-01  1.783939e-01  1.899036e-01  2.017883e-01  2.139454e-01  2.262631e-01  2.386263e-01  2.509211e-01  2.630399e-01  2.748841e-01  2.863672e-01  2.974166e-01  3.079737e-01  3.179945e-01  3.274485e-01  3.363182e-01  3.445969e-01  3.522878e-01  3.594021e-01  3.659573e-01  3.719760e-01  3.774845e-01  3.825115e-01  3.870869e-01  3.912416e-01  3.950063e-01  3.984111e-01  4.014851e-01  4.042561e-01  4.067507e-01  4.089936e-01

UPSILON_P N_trans=0
# upper_idx  lower_idx   upsilon(T_GRID[0]..T_GRID[N-1])

