# pyathena.photchem atomic data : OII
# CHIANTI source : ion o_2
# Levels kept    : lowest 5 of CHIANTI (padded to 5 if smaller)
# T grid tier    : hot
# T grid         : 80 log-spaced points, 1e+03 K -> 1e+07 K
# Generated by   : pyathena/photchem/data/build_chianti_tables.py
#
# Indices below are 0-based pyathena indices (level 0 = ground).
# CHIANTI level numbers are 1-based and shown for cross-reference.
#
LEVELS N=5
# idx  chianti_lvl  conf            term       j     g    E_erg            E_K
0     1            2s2_2p3         4S1.5      1.5   4     0.000000e+00   0.000000e+00
1     3            2s2_2p3         2D2.5      2.5   6     5.324625e-12   3.856610e+04
2     2            2s2_2p3         2D1.5      1.5   4     5.328557e-12   3.859458e+04
3     5            2s2_2p3         2P1.5      1.5   4     8.036925e-12   5.821121e+04
4     4            2s2_2p3         2P0.5      0.5   2     8.037322e-12   5.821409e+04

A_COEFFS N=8
# upper_idx  lower_idx   A [s^-1]
1           0            4.124000e-05
2           0            1.635000e-04
3           0            5.646000e-02
3           1            1.106000e-01
3           2            5.871000e-02
4           0            2.265000e-02
4           1            5.824000e-02
4           2            9.668000e-02

T_GRID N=80
 1.000000e+03
 1.123655e+03
 1.262600e+03
 1.418727e+03
 1.594159e+03
 1.791284e+03
 2.012785e+03
 2.261676e+03
 2.541343e+03
 2.855592e+03
 3.208700e+03
 3.605471e+03
 4.051305e+03
 4.552268e+03
 5.115178e+03
 5.747694e+03
 6.458424e+03
 7.257040e+03
 8.154407e+03
 9.162739e+03
 1.029576e+04
 1.156888e+04
 1.299942e+04
 1.460686e+04
 1.641307e+04
 1.844263e+04
 2.072315e+04
 2.328566e+04
 2.616505e+04
 2.940048e+04
 3.303599e+04
 3.712105e+04
 4.171125e+04
 4.686904e+04
 5.266462e+04
 5.917686e+04
 6.649436e+04
 7.471671e+04
 8.395579e+04
 9.433732e+04
 1.060026e+05
 1.191103e+05
 1.338389e+05
 1.503887e+05
 1.689850e+05
 1.898808e+05
 2.133605e+05
 2.397435e+05
 2.693889e+05
 3.027002e+05
 3.401305e+05
 3.821893e+05
 4.294488e+05
 4.825522e+05
 5.422221e+05
 6.092705e+05
 6.846097e+05
 7.692650e+05
 8.643883e+05
 9.712740e+05
 1.091377e+06
 1.226331e+06
 1.377972e+06
 1.548365e+06
 1.739828e+06
 1.954966e+06
 2.196707e+06
 2.468340e+06
 2.773563e+06
 3.116527e+06
 3.501900e+06
 3.934927e+06
 4.421500e+06
 4.968240e+06
 5.582586e+06
 6.272900e+06
 7.048574e+06
 7.920164e+06
 8.899530e+06
 1.000000e+07

UPSILON_E N_trans=10
# upper_idx  lower_idx   upsilon(T_GRID[0]..T_GRID[N-1])
1           0            7.899362e-01  7.901839e-01  7.904658e-01  7.907862e-01  7.911499e-01  7.915617e-01  7.920267e-01  7.925494e-01  7.931338e-01  7.937823e-01  7.944950e-01  7.952683e-01  7.960929e-01  7.969534e-01  7.978302e-01  7.986950e-01  7.995119e-01  8.002985e-01  8.011463e-01  8.021502e-01  8.033013e-01  8.045788e-01  8.060037e-01  8.076081e-01  8.094271e-01  8.114640e-01  8.136974e-01  8.161562e-01  8.189814e-01  8.223455e-01  8.263920e-01  8.309564e-01  8.357256e-01  8.407999e-01  8.468631e-01  8.538470e-01  8.608276e-01  8.669313e-01  8.714291e-01  8.737653e-01  8.735885e-01  8.711246e-01  8.670069e-01  8.617885e-01  8.559223e-01  8.497653e-01  8.435303e-01  8.364481e-01  8.274009e-01  8.158470e-01  8.016817e-01  7.850934e-01  7.664260e-01  7.458386e-01  7.234891e-01  6.997200e-01  6.749637e-01  6.496742e-01  6.242211e-01  5.983315e-01  5.716967e-01  5.443730e-01  5.166164e-01  4.887682e-01  4.611837e-01  4.341910e-01  4.080492e-01  3.828481e-01  3.586541e-01  3.355558e-01  3.136378e-01  2.929666e-01  2.735231e-01  2.549706e-01  2.370635e-01  2.197306e-01  2.029921e-01  1.869083e-01  1.715495e-01  1.569788e-01
2           0            5.390727e-01  5.393417e-01  5.396845e-01  5.401140e-01  5.406431e-01  5.412837e-01  5.420444e-01  5.429276e-01  5.439250e-01  5.450114e-01  5.461351e-01  5.472065e-01  5.480806e-01  5.486103e-01  5.488389e-01  5.489389e-01  5.491988e-01  5.496617e-01  5.500383e-01  5.500733e-01  5.499885e-01  5.500679e-01  5.503564e-01  5.508576e-01  5.515589e-01  5.523954e-01  5.532570e-01  5.541216e-01  5.551785e-01  5.566745e-01  5.588198e-01  5.613710e-01  5.638685e-01  5.663503e-01  5.695694e-01  5.736163e-01  5.778013e-01  5.814628e-01  5.840453e-01  5.851216e-01  5.844184e-01  5.821204e-01  5.787339e-01  5.746912e-01  5.703359e-01  5.659294e-01  5.616200e-01  5.568585e-01  5.508453e-01  5.431813e-01  5.337722e-01  5.227294e-01  5.102768e-01  4.965421e-01  4.816573e-01  4.658640e-01  4.494543e-01  4.327288e-01  4.159262e-01  3.988317e-01  3.812073e-01  3.630758e-01  3.446038e-01  3.260217e-01  3.075725e-01  2.894826e-01  2.719360e-01  2.550211e-01  2.388048e-01  2.233553e-01  2.087305e-01  1.949718e-01  1.820597e-01  1.697552e-01  1.578828e-01  1.463883e-01  1.352821e-01  1.246033e-01  1.143987e-01  1.047112e-01
2           1            2.136451e+00  2.121448e+00  2.103659e+00  2.082656e+00  2.057998e+00  2.029257e+00  1.996064e+00  1.958179e+00  1.915597e+00  1.868698e+00  1.818456e+00  1.766736e+00  1.716680e+00  1.671785e+00  1.632324e+00  1.596673e+00  1.561524e+00  1.525623e+00  1.490433e+00  1.457388e+00  1.426319e+00  1.396844e+00  1.369350e+00  1.344285e+00  1.322010e+00  1.302699e+00  1.286324e+00  1.272844e+00  1.262382e+00  1.254978e+00  1.250511e+00  1.248436e+00  1.247968e+00  1.248805e+00  1.251392e+00  1.255374e+00  1.259499e+00  1.262595e+00  1.263683e+00  1.262020e+00  1.257139e+00  1.249368e+00  1.239589e+00  1.228571e+00  1.216939e+00  1.205179e+00  1.193577e+00  1.181031e+00  1.165953e+00  1.147563e+00  1.125698e+00  1.100608e+00  1.072763e+00  1.042398e+00  1.009748e+00  9.752935e-01  9.396314e-01  9.033824e-01  8.670476e-01  8.302375e-01  7.925128e-01  7.539396e-01  7.148605e-01  6.757372e-01  6.370515e-01  5.992485e-01  5.626791e-01  5.274621e-01  4.936847e-01  4.614645e-01  4.309134e-01  4.021189e-01  3.750541e-01  3.492718e-01  3.244443e-01  3.004731e-01  2.773801e-01  2.552395e-01  2.341384e-01  2.141545e-01
3           0            2.759279e-01  2.760417e-01  2.761781e-01  2.763405e-01  2.765321e-01  2.767562e-01  2.770148e-01  2.773087e-01  2.776356e-01  2.779894e-01  2.783570e-01  2.787161e-01  2.790309e-01  2.792735e-01  2.794980e-01  2.798220e-01  2.804190e-01  2.812749e-01  2.821196e-01  2.826910e-01  2.831000e-01  2.835304e-01  2.840648e-01  2.847952e-01  2.858214e-01  2.870818e-01  2.883883e-01  2.896447e-01  2.910001e-01  2.926616e-01  2.948165e-01  2.973332e-01  2.999175e-01  3.021407e-01  3.034327e-01  3.038807e-01  3.042861e-01  3.054016e-01  3.078505e-01  3.121012e-01  3.184156e-01  3.260241e-01  3.334806e-01  3.397035e-01  3.439830e-01  3.459282e-01  3.454140e-01  3.426388e-01  3.379796e-01  3.318136e-01  3.244979e-01  3.163580e-01  3.076647e-01  2.984374e-01  2.886324e-01  2.783197e-01  2.676347e-01  2.567404e-01  2.457833e-01  2.347031e-01  2.234270e-01  2.119988e-01  2.005236e-01  1.891295e-01  1.779448e-01  1.670844e-01  1.566352e-01  1.466151e-01  1.370352e-01  1.279186e-01  1.192896e-01  1.111678e-01  1.035431e-01  9.629544e-02  8.933620e-02  8.263732e-02  7.620248e-02  7.004921e-02  6.419844e-02  5.866866e-02
3           1            7.916528e-01  7.922129e-01  7.928336e-01  7.935210e-01  7.942817e-01  7.951231e-01  7.960536e-01  7.970828e-01  7.982220e-01  7.994848e-01  8.008879e-01  8.024522e-01  8.042044e-01  8.061786e-01  8.084174e-01  8.109759e-01  8.139291e-01  8.174372e-01  8.217731e-01  8.272032e-01  8.337558e-01  8.414619e-01  8.505483e-01  8.613073e-01  8.740388e-01  8.887392e-01  9.051571e-01  9.230251e-01  9.421758e-01  9.624018e-01  9.834479e-01  1.005044e+00  1.026900e+00  1.048485e+00  1.068973e+00  1.088149e+00  1.106483e+00  1.124441e+00  1.142414e+00  1.160702e+00  1.179485e+00  1.198419e+00  1.216809e+00  1.234125e+00  1.250003e+00  1.264227e+00  1.276709e+00  1.287538e+00  1.296901e+00  1.304976e+00  1.311926e+00  1.317898e+00  1.323070e+00  1.328137e+00  1.333836e+00  1.340506e+00  1.348214e+00  1.356868e+00  1.366323e+00  1.376761e+00  1.388344e+00  1.400986e+00  1.414470e+00  1.428520e+00  1.442856e+00  1.457215e+00  1.471397e+00  1.485378e+00  1.499131e+00  1.512581e+00  1.525630e+00  1.538187e+00  1.550236e+00  1.562081e+00  1.573930e+00  1.585808e+00  1.597647e+00  1.609339e+00  1.620767e+00  1.631823e+00
3           2            4.703665e-01  4.705496e-01  4.707641e-01  4.710144e-01  4.713048e-01  4.716394e-01  4.720214e-01  4.724520e-01  4.729298e-01  4.734481e-01  4.739934e-01  4.745413e-01  4.750521e-01  4.755007e-01  4.759741e-01  4.766498e-01  4.777887e-01  4.794280e-01  4.812987e-01  4.832240e-01  4.857194e-01  4.893280e-01  4.940304e-01  4.996302e-01  5.058469e-01  5.127056e-01  5.204460e-01  5.291563e-01  5.385654e-01  5.482921e-01  5.579584e-01  5.676429e-01  5.776360e-01  5.877170e-01  5.969394e-01  6.049713e-01  6.122242e-01  6.191185e-01  6.260185e-01  6.332162e-01  6.409057e-01  6.488404e-01  6.564779e-01  6.634107e-01  6.693714e-01  6.742125e-01  6.778884e-01  6.804869e-01  6.821684e-01  6.830869e-01  6.833841e-01  6.831878e-01  6.826133e-01  6.818038e-01  6.808919e-01  6.799651e-01  6.790777e-01  6.782608e-01  6.775471e-01  6.771327e-01  6.772004e-01  6.778032e-01  6.789153e-01  6.804687e-01  6.823764e-01  6.845480e-01  6.869009e-01  6.893810e-01  6.919399e-01  6.945290e-01  6.971039e-01  6.996272e-01  7.020848e-01  7.045478e-01  7.070636e-01  7.096346e-01  7.122392e-01  7.148460e-01  7.174220e-01  7.199365e-01
4           0            1.364951e-01  1.365356e-01  1.365907e-01  1.366632e-01  1.367556e-01  1.368701e-01  1.370080e-01  1.371691e-01  1.373502e-01  1.375438e-01  1.377359e-01  1.379028e-01  1.380068e-01  1.380161e-01  1.379703e-01  1.379640e-01  1.381425e-01  1.385497e-01  1.390899e-01  1.396352e-01  1.401073e-01  1.404570e-01  1.407140e-01  1.409428e-01  1.412320e-01  1.416350e-01  1.421837e-01  1.428992e-01  1.437777e-01  1.448064e-01  1.459631e-01  1.471981e-01  1.484451e-01  1.495496e-01  1.502481e-01  1.505863e-01  1.509490e-01  1.516959e-01  1.531234e-01  1.554523e-01  1.588024e-01  1.627761e-01  1.666375e-01  1.698376e-01  1.720178e-01  1.729825e-01  1.726726e-01  1.712012e-01  1.687753e-01  1.655962e-01  1.618502e-01  1.577047e-01  1.532974e-01  1.486425e-01  1.437216e-01  1.385701e-01  1.332538e-01  1.278513e-01  1.224320e-01  1.169578e-01  1.113847e-01  1.057306e-01  1.000457e-01  9.439337e-02  8.883786e-02  8.343721e-02  7.823585e-02  7.324488e-02  6.847160e-02  6.392864e-02  5.962872e-02  5.558183e-02  5.178296e-02  4.817114e-02  4.470142e-02  4.135960e-02  3.814761e-02  3.507446e-02  3.215088e-02  2.938644e-02
4           1            3.378758e-01  3.380182e-01  3.381772e-01  3.383544e-01  3.385518e-01  3.387710e-01  3.390140e-01  3.392825e-01  3.395781e-01  3.399020e-01  3.402550e-01  3.406369e-01  3.410467e-01  3.414913e-01  3.420146e-01  3.426931e-01  3.436338e-01  3.448500e-01  3.462273e-01  3.476969e-01  3.495099e-01  3.519522e-01  3.551066e-01  3.590126e-01  3.636772e-01  3.690033e-01  3.747994e-01  3.808986e-01  3.872576e-01  3.938392e-01  4.006023e-01  4.075161e-01  4.145489e-01  4.214472e-01  4.276616e-01  4.330598e-01  4.379888e-01  4.427913e-01  4.477601e-01  4.531254e-01  4.590318e-01  4.652113e-01  4.711236e-01  4.763660e-01  4.806773e-01  4.839167e-01  4.860469e-01  4.871885e-01  4.875409e-01  4.872794e-01  4.865532e-01  4.854871e-01  4.841841e-01  4.827283e-01  4.811867e-01  4.796116e-01  4.780428e-01  4.765099e-01  4.750448e-01  4.737759e-01  4.728218e-01  4.722225e-01  4.719695e-01  4.720270e-01  4.723467e-01  4.728765e-01  4.735650e-01  4.743606e-01  4.752193e-01  4.761070e-01  4.769978e-01  4.778727e-01  4.787292e-01  4.796234e-01  4.805934e-01  4.816446e-01  4.827644e-01  4.839323e-01  4.851253e-01  4.863214e-01
4           2            3.139194e-01  3.140842e-01  3.142559e-01  3.144342e-01  3.146187e-01  3.148102e-01  3.150109e-01  3.152252e-01  3.154616e-01  3.157344e-01  3.160669e-01  3.164949e-01  3.170721e-01  3.178441e-01  3.187596e-01  3.196926e-01  3.204558e-01  3.211423e-01  3.222266e-01  3.241452e-01  3.266589e-01  3.294513e-01  3.325645e-01  3.361151e-01  3.402485e-01  3.451056e-01  3.508279e-01  3.574540e-01  3.648008e-01  3.726054e-01  3.805888e-01  3.887023e-01  3.970029e-01  4.054022e-01  4.136057e-01  4.214720e-01  4.290488e-01  4.363910e-01  4.435448e-01  4.505457e-01  4.574150e-01  4.641315e-01  4.706441e-01  4.769091e-01  4.828916e-01  4.885659e-01  4.939190e-01  4.990176e-01  5.039578e-01  5.087917e-01  5.135383e-01  5.181944e-01  5.227546e-01  5.273336e-01  5.320584e-01  5.369657e-01  5.420344e-01  5.472120e-01  5.524611e-01  5.580240e-01  5.641368e-01  5.708402e-01  5.780604e-01  5.856669e-01  5.935088e-01  6.014374e-01  6.093255e-01  6.171062e-01  6.247232e-01  6.321155e-01  6.392268e-01  6.460109e-01  6.524605e-01  6.587102e-01  6.648548e-01  6.709125e-01  6.768611e-01  6.826616e-01  6.882708e-01  6.936494e-01
4           3            3.234634e-01  3.234255e-01  3.233746e-01  3.233081e-01  3.232237e-01  3.231191e-01  3.229926e-01  3.228440e-01  3.226749e-01  3.224904e-01  3.223007e-01  3.221238e-01  3.219884e-01  3.219248e-01  3.219300e-01  3.219795e-01  3.220276e-01  3.220379e-01  3.219865e-01  3.219140e-01  3.220863e-01  3.227656e-01  3.239563e-01  3.255830e-01  3.275408e-01  3.299352e-01  3.330276e-01  3.369808e-01  3.417015e-01  3.470240e-01  3.527630e-01  3.588777e-01  3.653886e-01  3.721960e-01  3.790342e-01  3.857152e-01  3.921579e-01  3.982972e-01  4.040799e-01  4.094663e-01  4.144228e-01  4.187704e-01  4.222448e-01  4.246818e-01  4.260108e-01  4.262385e-01  4.254124e-01  4.233444e-01  4.197838e-01  4.146832e-01  4.081418e-01  4.003509e-01  3.915337e-01  3.817267e-01  3.709394e-01  3.593095e-01  3.470448e-01  3.343791e-01  3.215128e-01  3.083271e-01  2.946859e-01  2.806368e-01  2.663259e-01  2.519403e-01  2.376719e-01  2.236961e-01  2.101520e-01  1.970922e-01  1.845555e-01  1.725900e-01  1.612402e-01  1.505406e-01  1.404818e-01  1.308954e-01  1.216576e-01  1.127317e-01  1.041263e-01  9.587015e-02  8.799680e-02  8.053627e-02

UPSILON_P N_trans=0
# upper_idx  lower_idx   upsilon(T_GRID[0]..T_GRID[N-1])

