# pyathena.photchem atomic data : OIII
# CHIANTI source : ion o_3
# Levels kept    : lowest 5 of CHIANTI (padded to 5 if smaller)
# T grid tier    : warm
# T grid         : 80 log-spaced points, 1e+03 K -> 5e+05 K
# Generated by   : pyathena/photchem/data/build_chianti_tables.py
#
# Indices below are 0-based pyathena indices (level 0 = ground).
# CHIANTI level numbers are 1-based and shown for cross-reference.
#
LEVELS N=5
# idx  chianti_lvl  conf            term       j     g    E_erg            E_K
0     1            2s2_2p2         3P0        0.0   1     0.000000e+00   0.000000e+00
1     2            2s2_2p2         3P1        1.0   3     2.248152e-14   1.628330e+02
2     3            2s2_2p2         3P2        2.0   5     6.081132e-14   4.404546e+02
3     4            2s2_2p2         1D2        2.0   5     4.026277e-12   2.916221e+04
4     5            2s2_2p2         1S0        0.0   1     8.576680e-12   6.212064e+04

A_COEFFS N=8
# upper_idx  lower_idx   A [s^-1]
1           0            2.597000e-05
2           1            9.632000e-05
3           0            2.322000e-06
3           1            6.951000e-03
3           2            2.029000e-02
4           1            2.255000e-01
4           2            6.998000e-04
4           3            1.685000e+00

T_GRID N=80
 1.000000e+03
 1.081843e+03
 1.170384e+03
 1.266171e+03
 1.369799e+03
 1.481907e+03
 1.603190e+03
 1.734400e+03
 1.876348e+03
 2.029914e+03
 2.196048e+03
 2.375779e+03
 2.570219e+03
 2.780573e+03
 3.008143e+03
 3.254338e+03
 3.520682e+03
 3.808825e+03
 4.120550e+03
 4.457788e+03
 4.822626e+03
 5.217323e+03
 5.644324e+03
 6.106271e+03
 6.606026e+03
 7.146682e+03
 7.731586e+03
 8.364361e+03
 9.048924e+03
 9.789514e+03
 1.059072e+04
 1.145749e+04
 1.239520e+04
 1.340966e+04
 1.450715e+04
 1.569445e+04
 1.697893e+04
 1.836854e+04
 1.987187e+04
 2.149824e+04
 2.325772e+04
 2.516120e+04
 2.722046e+04
 2.944826e+04
 3.185839e+04
 3.446577e+04
 3.728655e+04
 4.033818e+04
 4.363957e+04
 4.721116e+04
 5.107506e+04
 5.525519e+04
 5.977743e+04
 6.466978e+04
 6.996254e+04
 7.568847e+04
 8.188303e+04
 8.858457e+04
 9.583459e+04
 1.036780e+05
 1.121633e+05
 1.213430e+05
 1.312741e+05
 1.420179e+05
 1.536411e+05
 1.662155e+05
 1.798191e+05
 1.945360e+05
 2.104573e+05
 2.276818e+05
 2.463159e+05
 2.664751e+05
 2.882841e+05
 3.118781e+05
 3.374031e+05
 3.650172e+05
 3.948912e+05
 4.272102e+05
 4.621743e+05
 5.000000e+05

UPSILON_E N_trans=10
# upper_idx  lower_idx   upsilon(T_GRID[0]..T_GRID[N-1])
1           0            5.199939e-01  5.189468e-01  5.179021e-01  5.169315e-01  5.161056e-01  5.154403e-01  5.149340e-01  5.145643e-01  5.142577e-01  5.139134e-01  5.134906e-01  5.131247e-01  5.129996e-01  5.132119e-01  5.136595e-01  5.142019e-01  5.147848e-01  5.155000e-01  5.164554e-01  5.176965e-01  5.191891e-01  5.208925e-01  5.228129e-01  5.250024e-01  5.275032e-01  5.302395e-01  5.330492e-01  5.357913e-01  5.384850e-01  5.412413e-01  5.441313e-01  5.469864e-01  5.495465e-01  5.516305e-01  5.533300e-01  5.548234e-01  5.562429e-01  5.576168e-01  5.589415e-01  5.601515e-01  5.609333e-01  5.609934e-01  5.602739e-01  5.592387e-01  5.583399e-01  5.578984e-01  5.581270e-01  5.591516e-01  5.610296e-01  5.637502e-01  5.670631e-01  5.706270e-01  5.741910e-01  5.775796e-01  5.806764e-01  5.834103e-01  5.857450e-01  5.876697e-01  5.891504e-01  5.899095e-01  5.896880e-01  5.883625e-01  5.859069e-01  5.823620e-01  5.778135e-01  5.723736e-01  5.661687e-01  5.592764e-01  5.515861e-01  5.430329e-01  5.336359e-01  5.234695e-01  5.126411e-01  5.012757e-01  4.895042e-01  4.774557e-01  4.652525e-01  4.530065e-01  4.408150e-01  4.286296e-01
2           0            2.310041e-01  2.316167e-01  2.323127e-01  2.330577e-01  2.338059e-01  2.345017e-01  2.350759e-01  2.354840e-01  2.357836e-01  2.360689e-01  2.364059e-01  2.367633e-01  2.370893e-01  2.373768e-01  2.377135e-01  2.382069e-01  2.388793e-01  2.396135e-01  2.402751e-01  2.408669e-01  2.415638e-01  2.425478e-01  2.438496e-01  2.453509e-01  2.469344e-01  2.485833e-01  2.503567e-01  2.523014e-01  2.543683e-01  2.564547e-01  2.584810e-01  2.604898e-01  2.625734e-01  2.648004e-01  2.671776e-01  2.696870e-01  2.722803e-01  2.747585e-01  2.769153e-01  2.787117e-01  2.806041e-01  2.830551e-01  2.862962e-01  2.901514e-01  2.944001e-01  2.988655e-01  3.034085e-01  3.079216e-01  3.123245e-01  3.165572e-01  3.205564e-01  3.242670e-01  3.276565e-01  3.307105e-01  3.334281e-01  3.358181e-01  3.378964e-01  3.396833e-01  3.411770e-01  3.422238e-01  3.426770e-01  3.424672e-01  3.415806e-01  3.400418e-01  3.379009e-01  3.352231e-01  3.320821e-01  3.285302e-01  3.245372e-01  3.200920e-01  3.152191e-01  3.099661e-01  3.043934e-01  2.985673e-01  2.925554e-01  2.864231e-01  2.802313e-01  2.740350e-01  2.678829e-01  2.618129e-01
2           1            1.122031e+00  1.126359e+00  1.130477e+00  1.134275e+00  1.137663e+00  1.140673e+00  1.143397e+00  1.145927e+00  1.148284e+00  1.150486e+00  1.152568e+00  1.154581e+00  1.156595e+00  1.158729e+00  1.161183e+00  1.164185e+00  1.167783e+00  1.171737e+00  1.175769e+00  1.179888e+00  1.184469e+00  1.189896e+00  1.196203e+00  1.203073e+00  1.210198e+00  1.217536e+00  1.225252e+00  1.233475e+00  1.242061e+00  1.250720e+00  1.259204e+00  1.267442e+00  1.275446e+00  1.283227e+00  1.290786e+00  1.298122e+00  1.305232e+00  1.312101e+00  1.318714e+00  1.325109e+00  1.331510e+00  1.338130e+00  1.345155e+00  1.352845e+00  1.361388e+00  1.370879e+00  1.381340e+00  1.392738e+00  1.404998e+00  1.417992e+00  1.431232e+00  1.444115e+00  1.456220e+00  1.467274e+00  1.477117e+00  1.485677e+00  1.492947e+00  1.498965e+00  1.503694e+00  1.506468e+00  1.506660e+00  1.503976e+00  1.498368e+00  1.489951e+00  1.478951e+00  1.465658e+00  1.450400e+00  1.433396e+00  1.414472e+00  1.393542e+00  1.370696e+00  1.346136e+00  1.320129e+00  1.292971e+00  1.264970e+00  1.236423e+00  1.207608e+00  1.178779e+00  1.150155e+00  1.121734e+00
3           0            2.369922e-01  2.359972e-01  2.349649e-01  2.339194e-01  2.328842e-01  2.318614e-01  2.308458e-01  2.298303e-01  2.288056e-01  2.277597e-01  2.266977e-01  2.256700e-01  2.247410e-01  2.239576e-01  2.233238e-01  2.228377e-01  2.225674e-01  2.226892e-01  2.233909e-01  2.246568e-01  2.262185e-01  2.277936e-01  2.293591e-01  2.311450e-01  2.333702e-01  2.360335e-01  2.389686e-01  2.420185e-01  2.451025e-01  2.481871e-01  2.512474e-01  2.543024e-01  2.573879e-01  2.605206e-01  2.636357e-01  2.666470e-01  2.694689e-01  2.719443e-01  2.739274e-01  2.754726e-01  2.772887e-01  2.800692e-01  2.840867e-01  2.887749e-01  2.935403e-01  2.979485e-01  3.016969e-01  3.045906e-01  3.065202e-01  3.074527e-01  3.075247e-01  3.069469e-01  3.058912e-01  3.044952e-01  3.028683e-01  3.010959e-01  2.992445e-01  2.973651e-01  2.954753e-01  2.934568e-01  2.911888e-01  2.886081e-01  2.856935e-01  2.824527e-01  2.789126e-01  2.751124e-01  2.710973e-01  2.668898e-01  2.624239e-01  2.576561e-01  2.525836e-01  2.472308e-01  2.416386e-01  2.358570e-01  2.299399e-01  2.239413e-01  2.179125e-01  2.119008e-01  2.059472e-01  2.000261e-01
3           1            7.129961e-01  7.105262e-01  7.077449e-01  7.047880e-01  7.017860e-01  6.987201e-01  6.955231e-01  6.921548e-01  6.886908e-01  6.852475e-01  6.819519e-01  6.789230e-01  6.762912e-01  6.741729e-01  6.726401e-01  6.717591e-01  6.716017e-01  6.722489e-01  6.737783e-01  6.762739e-01  6.798265e-01  6.845128e-01  6.902848e-01  6.969727e-01  7.043973e-01  7.124225e-01  7.209472e-01  7.298694e-01  7.390749e-01  7.484458e-01  7.578662e-01  7.671774e-01  7.762142e-01  7.848760e-01  7.933495e-01  8.018978e-01  8.105642e-01  8.184968e-01  8.247481e-01  8.291900e-01  8.341883e-01  8.421389e-01  8.540535e-01  8.681889e-01  8.826771e-01  8.961476e-01  9.076432e-01  9.165431e-01  9.224954e-01  9.253861e-01  9.256350e-01  9.238985e-01  9.207116e-01  9.165007e-01  9.116024e-01  9.062797e-01  9.007353e-01  8.951236e-01  8.894962e-01  8.834768e-01  8.766780e-01  8.688962e-01  8.600598e-01  8.501900e-01  8.393693e-01  8.277186e-01  8.153795e-01  8.024332e-01  7.887186e-01  7.741336e-01  7.586870e-01  7.424605e-01  7.255796e-01  7.081934e-01  6.904599e-01  6.725352e-01  6.545673e-01  6.366913e-01  6.190237e-01  6.014730e-01
3           2            1.196988e+00  1.193061e+00  1.188580e+00  1.183628e+00  1.178315e+00  1.172775e+00  1.167181e+00  1.161676e+00  1.156234e+00  1.150782e+00  1.145346e+00  1.140230e+00  1.135821e+00  1.132404e+00  1.130004e+00  1.128605e+00  1.128330e+00  1.129531e+00  1.132576e+00  1.137555e+00  1.144203e+00  1.152215e+00  1.161492e+00  1.172135e+00  1.184223e+00  1.197594e+00  1.211905e+00  1.226827e+00  1.242155e+00  1.257761e+00  1.273503e+00  1.289063e+00  1.304074e+00  1.318310e+00  1.332166e+00  1.346202e+00  1.360579e+00  1.373897e+00  1.384576e+00  1.392363e+00  1.400993e+00  1.414254e+00  1.433752e+00  1.456775e+00  1.480407e+00  1.502511e+00  1.521586e+00  1.536658e+00  1.547169e+00  1.552922e+00  1.554426e+00  1.552514e+00  1.547900e+00  1.541186e+00  1.532875e+00  1.523388e+00  1.513070e+00  1.502208e+00  1.490955e+00  1.478935e+00  1.465754e+00  1.451233e+00  1.435345e+00  1.418171e+00  1.399858e+00  1.380592e+00  1.360580e+00  1.339888e+00  1.318084e+00  1.294856e+00  1.270125e+00  1.243970e+00  1.216565e+00  1.188147e+00  1.158975e+00  1.129317e+00  1.099432e+00  1.069561e+00  1.039915e+00  1.010364e+00
4           0            2.999997e-02  3.005257e-02  3.008138e-02  2.998537e-02  2.968793e-02  2.928835e-02  2.896546e-02  2.886505e-02  2.892449e-02  2.901548e-02  2.903876e-02  2.901682e-02  2.899782e-02  2.900736e-02  2.901503e-02  2.897955e-02  2.891356e-02  2.891970e-02  2.911574e-02  2.949245e-02  2.987279e-02  3.006494e-02  3.005149e-02  2.999501e-02  3.006329e-02  3.033097e-02  3.079611e-02  3.144520e-02  3.217879e-02  3.284879e-02  3.333481e-02  3.366676e-02  3.394377e-02  3.424558e-02  3.458616e-02  3.495364e-02  3.533321e-02  3.568947e-02  3.598659e-02  3.622479e-02  3.652573e-02  3.701388e-02  3.774175e-02  3.861453e-02  3.952935e-02  4.040832e-02  4.119490e-02  4.185046e-02  4.235103e-02  4.268587e-02  4.287146e-02  4.293710e-02  4.290773e-02  4.280422e-02  4.264391e-02  4.244114e-02  4.220766e-02  4.195305e-02  4.168294e-02  4.138799e-02  4.105792e-02  4.068816e-02  4.027822e-02  3.983043e-02  3.934892e-02  3.883895e-02  3.830627e-02  3.775098e-02  3.715398e-02  3.650132e-02  3.578812e-02  3.501575e-02  3.418962e-02  3.331764e-02  3.240896e-02  3.147323e-02  3.051993e-02  2.955806e-02  2.859577e-02  2.763618e-02
4           1            8.900007e-02  8.910394e-02  8.911918e-02  8.898315e-02  8.866032e-02  8.826223e-02  8.797422e-02  8.793193e-02  8.800512e-02  8.796957e-02  8.767920e-02  8.726207e-02  8.692038e-02  8.679662e-02  8.687124e-02  8.709747e-02  8.742309e-02  8.779435e-02  8.815179e-02  8.847891e-02  8.881712e-02  8.921573e-02  8.975805e-02  9.055959e-02  9.172352e-02  9.314698e-02  9.456463e-02  9.573887e-02  9.671423e-02  9.770557e-02  9.889235e-02  1.002615e-01  1.017092e-01  1.031474e-01  1.045320e-01  1.058395e-01  1.070461e-01  1.081033e-01  1.089642e-01  1.096702e-01  1.105780e-01  1.120424e-01  1.142087e-01  1.167910e-01  1.194819e-01  1.220495e-01  1.243258e-01  1.261970e-01  1.275931e-01  1.284842e-01  1.289305e-01  1.290332e-01  1.288761e-01  1.285271e-01  1.280406e-01  1.274599e-01  1.268191e-01  1.261446e-01  1.254477e-01  1.246757e-01  1.237728e-01  1.227095e-01  1.214762e-01  1.200764e-01  1.185233e-01  1.168354e-01  1.150347e-01  1.131329e-01  1.111036e-01  1.089299e-01  1.066128e-01  1.041645e-01  1.016049e-01  9.895728e-02  9.624673e-02  9.349813e-02  9.073517e-02  8.797959e-02  8.525035e-02  8.254133e-02
4           2            1.499994e-01  1.497554e-01  1.493929e-01  1.489665e-01  1.485448e-01  1.481914e-01  1.479818e-01  1.479563e-01  1.480093e-01  1.479754e-01  1.477334e-01  1.473318e-01  1.468615e-01  1.464201e-01  1.460975e-01  1.459940e-01  1.461726e-01  1.466276e-01  1.473419e-01  1.482837e-01  1.494048e-01  1.506511e-01  1.519865e-01  1.533935e-01  1.548595e-01  1.564500e-01  1.582905e-01  1.604830e-01  1.629184e-01  1.653621e-01  1.676158e-01  1.696735e-01  1.716209e-01  1.735396e-01  1.755356e-01  1.777108e-01  1.800798e-01  1.822909e-01  1.839429e-01  1.849283e-01  1.860283e-01  1.880660e-01  1.914261e-01  1.956231e-01  2.001106e-01  2.044739e-01  2.084103e-01  2.117115e-01  2.142461e-01  2.159523e-01  2.169083e-01  2.172577e-01  2.171240e-01  2.166105e-01  2.158039e-01  2.147761e-01  2.135863e-01  2.122833e-01  2.108938e-01  2.093527e-01  2.075900e-01  2.055727e-01  2.032946e-01  2.007681e-01  1.980179e-01  1.950759e-01  1.919778e-01  1.887417e-01  1.853272e-01  1.817097e-01  1.778912e-01  1.738905e-01  1.697374e-01  1.654671e-01  1.611172e-01  1.567248e-01  1.523252e-01  1.479508e-01  1.436293e-01  1.393303e-01
4           3            3.900032e-01  3.906075e-01  3.912164e-01  3.920792e-01  3.934264e-01  3.952200e-01  3.973267e-01  3.996682e-01  4.024196e-01  4.058388e-01  4.101637e-01  4.155184e-01  4.220127e-01  4.297275e-01  4.386847e-01  4.488844e-01  4.602608e-01  4.726552e-01  4.858778e-01  4.997158e-01  5.139394e-01  5.283069e-01  5.425576e-01  5.564186e-01  5.696210e-01  5.818264e-01  5.926576e-01  6.018074e-01  6.093382e-01  6.155319e-01  6.206171e-01  6.244502e-01  6.267458e-01  6.273577e-01  6.266679e-01  6.252112e-01  6.233035e-01  6.204994e-01  6.162398e-01  6.105421e-01  6.051897e-01  6.019709e-01  6.017428e-01  6.036194e-01  6.065791e-01  6.098492e-01  6.128656e-01  6.152354e-01  6.167042e-01  6.171434e-01  6.167192e-01  6.157278e-01  6.143983e-01  6.129017e-01  6.113623e-01  6.098678e-01  6.084774e-01  6.072282e-01  6.061187e-01  6.049985e-01  6.037140e-01  6.021747e-01  6.003369e-01  5.981897e-01  5.957455e-01  5.930311e-01  5.900825e-01  5.869298e-01  5.835678e-01  5.800007e-01  5.762489e-01  5.723425e-01  5.683169e-01  5.642091e-01  5.600558e-01  5.558915e-01  5.517478e-01  5.476527e-01  5.436332e-01  5.398478e-01

UPSILON_P N_trans=3
# upper_idx  lower_idx   upsilon(T_GRID[0]..T_GRID[N-1])
1           0            4.062055e-12  3.499134e-12  2.895778e-12  2.249616e-12  1.558239e-12  8.192194e-13  3.013942e-14  0.000000e+00  0.000000e+00  0.000000e+00  0.000000e+00  0.000000e+00  0.000000e+00  0.000000e+00  0.000000e+00  0.000000e+00  0.000000e+00  0.000000e+00  0.000000e+00  0.000000e+00  0.000000e+00  0.000000e+00  0.000000e+00  0.000000e+00  0.000000e+00  0.000000e+00  0.000000e+00  0.000000e+00  0.000000e+00  0.000000e+00  0.000000e+00  0.000000e+00  0.000000e+00  0.000000e+00  0.000000e+00  0.000000e+00  0.000000e+00  0.000000e+00  0.000000e+00  0.000000e+00  0.000000e+00  3.165230e-12  1.413893e-11  2.730923e-11  4.293787e-11  6.129756e-11  8.266799e-11  1.073306e-10  1.355622e-10  1.676270e-10  2.037671e-10  2.441922e-10  2.890673e-10  3.384994e-10  3.925238e-10  4.510895e-10  5.140451e-10  5.811611e-10  6.522492e-10  7.270729e-10  8.053077e-10  8.865375e-10  9.702544e-10  1.055861e-09  1.142682e-09  1.230088e-09  1.317515e-09  1.404379e-09  1.490080e-09  1.574014e-09  1.655588e-09  1.734244e-09  1.809509e-09  1.880965e-09  1.948249e-09  2.011061e-09  2.069164e-09  2.122398e-09  2.170784e-09  2.214501e-09
2           0            0.000000e+00  0.000000e+00  0.000000e+00  0.000000e+00  0.000000e+00  0.000000e+00  0.000000e+00  0.000000e+00  0.000000e+00  0.000000e+00  0.000000e+00  0.000000e+00  0.000000e+00  0.000000e+00  0.000000e+00  0.000000e+00  0.000000e+00  0.000000e+00  0.000000e+00  0.000000e+00  0.000000e+00  0.000000e+00  0.000000e+00  0.000000e+00  0.000000e+00  0.000000e+00  0.000000e+00  0.000000e+00  0.000000e+00  0.000000e+00  0.000000e+00  0.000000e+00  1.779641e-11  4.802950e-11  8.395820e-11  1.262572e-10  1.756326e-10  2.328125e-10  2.985358e-10  3.735367e-10  4.585271e-10  5.541745e-10  6.610780e-10  7.797399e-10  9.105357e-10  1.053681e-09  1.209201e-09  1.376893e-09  1.556316e-09  1.746776e-09  1.947281e-09  2.156531e-09  2.372904e-09  2.594467e-09  2.818984e-09  3.044173e-09  3.268823e-09  3.492131e-09  3.713310e-09  3.931594e-09  4.146250e-09  4.356594e-09  4.562023e-09  4.762036e-09  4.956197e-09  5.144136e-09  5.325551e-09  5.500204e-09  5.667998e-09  5.829284e-09  5.984534e-09  6.134178e-09  6.278600e-09  6.418130e-09  6.553045e-09  6.683569e-09  6.809851e-09  6.931974e-09  7.049996e-09  7.163952e-09
2           1            0.000000e+00  0.000000e+00  0.000000e+00  0.000000e+00  0.000000e+00  0.000000e+00  0.000000e+00  0.000000e+00  0.000000e+00  0.000000e+00  0.000000e+00  0.000000e+00  0.000000e+00  0.000000e+00  0.000000e+00  0.000000e+00  0.000000e+00  0.000000e+00  0.000000e+00  0.000000e+00  0.000000e+00  0.000000e+00  0.000000e+00  0.000000e+00  0.000000e+00  0.000000e+00  0.000000e+00  0.000000e+00  0.000000e+00  0.000000e+00  2.154739e-11  4.774803e-11  7.848400e-11  1.142855e-10  1.557090e-10  2.033307e-10  2.577375e-10  3.195164e-10  3.892400e-10  4.674505e-10  5.546403e-10  6.512300e-10  7.575445e-10  8.737866e-10  1.000010e-09  1.136091e-09  1.281713e-09  1.436429e-09  1.599629e-09  1.770481e-09  1.947912e-09  2.130616e-09  2.317053e-09  2.505467e-09  2.694347e-09  2.883014e-09  3.070903e-09  3.257466e-09  3.442174e-09  3.624525e-09  3.804031e-09  3.980094e-09  4.152074e-09  4.319385e-09  4.481505e-09  4.637977e-09  4.788420e-09  4.932810e-09  5.071717e-09  5.205726e-09  5.335356e-09  5.461049e-09  5.583169e-09  5.702005e-09  5.817722e-09  5.930041e-09  6.038549e-09  6.142923e-09  6.242923e-09  6.338387e-09

