# pyathena.photchem atomic data : OIV
# CHIANTI source : ion o_4
# Levels kept    : lowest 2 of CHIANTI (padded to 5 if smaller)
# T grid         : 80 log-spaced points, 100 K -> 1e+06 K
# Generated by   : pyathena/photchem/data/build_chianti_tables.py
#
# Indices below are 0-based pyathena indices (level 0 = ground).
# CHIANTI level numbers are 1-based and shown for cross-reference.
#
LEVELS N=2
# idx  chianti_lvl  conf            term       j     g    E_erg            E_K
0     1            2s2_2p          2P0.5      0.5   2     0.000000e+00   0.000000e+00
1     2            2s2_2p          2P1.5      1.5   4     7.669932e-14   5.555309e+02

A_COEFFS N=1
# upper_idx  lower_idx   A [s^-1]
1           0            5.220000e-04

T_GRID N=80
 1.000000e+02
 1.123655e+02
 1.262600e+02
 1.418727e+02
 1.594159e+02
 1.791284e+02
 2.012785e+02
 2.261676e+02
 2.541343e+02
 2.855592e+02
 3.208700e+02
 3.605471e+02
 4.051305e+02
 4.552268e+02
 5.115178e+02
 5.747694e+02
 6.458424e+02
 7.257040e+02
 8.154407e+02
 9.162739e+02
 1.029576e+03
 1.156888e+03
 1.299942e+03
 1.460686e+03
 1.641307e+03
 1.844263e+03
 2.072315e+03
 2.328566e+03
 2.616505e+03
 2.940048e+03
 3.303599e+03
 3.712105e+03
 4.171125e+03
 4.686904e+03
 5.266462e+03
 5.917686e+03
 6.649436e+03
 7.471671e+03
 8.395579e+03
 9.433732e+03
 1.060026e+04
 1.191103e+04
 1.338389e+04
 1.503887e+04
 1.689850e+04
 1.898808e+04
 2.133605e+04
 2.397435e+04
 2.693889e+04
 3.027002e+04
 3.401305e+04
 3.821893e+04
 4.294488e+04
 4.825522e+04
 5.422221e+04
 6.092705e+04
 6.846097e+04
 7.692650e+04
 8.643883e+04
 9.712740e+04
 1.091377e+05
 1.226331e+05
 1.377972e+05
 1.548365e+05
 1.739828e+05
 1.954966e+05
 2.196707e+05
 2.468340e+05
 2.773563e+05
 3.116527e+05
 3.501900e+05
 3.934927e+05
 4.421500e+05
 4.968240e+05
 5.582586e+05
 6.272900e+05
 7.048574e+05
 7.920164e+05
 8.899530e+05
 1.000000e+06

UPSILON_E N_trans=1
# upper_idx  lower_idx   upsilon(T_GRID[0]..T_GRID[N-1])
1           0            1.623587e+00  1.624920e+00  1.626424e+00  1.628123e+00  1.630041e+00  1.632209e+00  1.634660e+00  1.637435e+00  1.640576e+00  1.644137e+00  1.648177e+00  1.652764e+00  1.657977e+00  1.663909e+00  1.670665e+00  1.678371e+00  1.687169e+00  1.697227e+00  1.708740e+00  1.721932e+00  1.737066e+00  1.754445e+00  1.774418e+00  1.797388e+00  1.823811e+00  1.854202e+00  1.889136e+00  1.929236e+00  1.975165e+00  2.027594e+00  2.087154e+00  2.154357e+00  2.229472e+00  2.312335e+00  2.402072e+00  2.496683e+00  2.592448e+00  2.683080e+00  2.758667e+00  2.809796e+00  2.832279e+00  2.824351e+00  2.788098e+00  2.732014e+00  2.674048e+00  2.629190e+00  2.600034e+00  2.587262e+00  2.589540e+00  2.602443e+00  2.617422e+00  2.628125e+00  2.633362e+00  2.632230e+00  2.623955e+00  2.607977e+00  2.584046e+00  2.552325e+00  2.513404e+00  2.467439e+00  2.414233e+00  2.353764e+00  2.286216e+00  2.211988e+00  2.131708e+00  2.046366e+00  1.957212e+00  1.865613e+00  1.772986e+00  1.680726e+00  1.590082e+00  1.501691e+00  1.415903e+00  1.333033e+00  1.253359e+00  1.177117e+00  1.104499e+00  1.035651e+00  9.706851e-01  9.097266e-01

UPSILON_P N_trans=1
# upper_idx  lower_idx   upsilon(T_GRID[0]..T_GRID[N-1])
1           0            0.000000e+00  0.000000e+00  0.000000e+00  0.000000e+00  0.000000e+00  0.000000e+00  0.000000e+00  0.000000e+00  0.000000e+00  0.000000e+00  0.000000e+00  0.000000e+00  0.000000e+00  0.000000e+00  0.000000e+00  0.000000e+00  0.000000e+00  0.000000e+00  0.000000e+00  0.000000e+00  0.000000e+00  0.000000e+00  0.000000e+00  0.000000e+00  0.000000e+00  0.000000e+00  0.000000e+00  0.000000e+00  0.000000e+00  0.000000e+00  0.000000e+00  0.000000e+00  0.000000e+00  0.000000e+00  0.000000e+00  0.000000e+00  0.000000e+00  0.000000e+00  0.000000e+00  0.000000e+00  0.000000e+00  0.000000e+00  0.000000e+00  0.000000e+00  0.000000e+00  0.000000e+00  6.092778e-12  5.724547e-11  1.215260e-10  2.010398e-10  2.979347e-10  4.142890e-10  5.519585e-10  7.123805e-10  8.963337e-10  1.103661e-09  1.332968e-09  1.581315e-09  1.844932e-09  2.121440e-09  2.408199e-09  2.701880e-09  2.998510e-09  3.293961e-09  3.585081e-09  3.868977e-09  4.142889e-09  4.404384e-09  4.652373e-09  4.886711e-09  5.107537e-09  5.315210e-09  5.511475e-09  5.699847e-09  5.883306e-09  6.064016e-09  6.243309e-09  6.418908e-09  6.584062e-09  6.733774e-09

