# pyathena.photchem atomic data : OV
# CHIANTI source : ion o_5
# Levels kept    : lowest 5 of CHIANTI (padded to 5 if smaller)
# T grid tier    : hot
# T grid         : 80 log-spaced points, 1e+03 K -> 1e+07 K
# Generated by   : pyathena/photchem/data/build_chianti_tables.py
#
# Indices below are 0-based pyathena indices (level 0 = ground).
# CHIANTI level numbers are 1-based and shown for cross-reference.
#
LEVELS N=5
# idx  chianti_lvl  conf            term       j     g    E_erg            E_K
0     1            2s2             1S0        0.0   1     0.000000e+00   0.000000e+00
1     2            2s_2p           3P0        0.0   1     1.627378e-11   1.178705e+05
2     3            2s_2p           3P1        1.0   3     1.630081e-11   1.180663e+05
3     4            2s_2p           3P2        2.0   5     1.636172e-11   1.185075e+05
4     5            2s_2p           1P1        1.0   3     3.153722e-11   2.284232e+05

A_COEFFS N=4
# upper_idx  lower_idx   A [s^-1]
2           0            2.288000e+03
3           0            2.173000e-02
3           2            3.913000e-04
4           0            2.873000e+09

T_GRID N=80
 1.000000e+03
 1.123655e+03
 1.262600e+03
 1.418727e+03
 1.594159e+03
 1.791284e+03
 2.012785e+03
 2.261676e+03
 2.541343e+03
 2.855592e+03
 3.208700e+03
 3.605471e+03
 4.051305e+03
 4.552268e+03
 5.115178e+03
 5.747694e+03
 6.458424e+03
 7.257040e+03
 8.154407e+03
 9.162739e+03
 1.029576e+04
 1.156888e+04
 1.299942e+04
 1.460686e+04
 1.641307e+04
 1.844263e+04
 2.072315e+04
 2.328566e+04
 2.616505e+04
 2.940048e+04
 3.303599e+04
 3.712105e+04
 4.171125e+04
 4.686904e+04
 5.266462e+04
 5.917686e+04
 6.649436e+04
 7.471671e+04
 8.395579e+04
 9.433732e+04
 1.060026e+05
 1.191103e+05
 1.338389e+05
 1.503887e+05
 1.689850e+05
 1.898808e+05
 2.133605e+05
 2.397435e+05
 2.693889e+05
 3.027002e+05
 3.401305e+05
 3.821893e+05
 4.294488e+05
 4.825522e+05
 5.422221e+05
 6.092705e+05
 6.846097e+05
 7.692650e+05
 8.643883e+05
 9.712740e+05
 1.091377e+06
 1.226331e+06
 1.377972e+06
 1.548365e+06
 1.739828e+06
 1.954966e+06
 2.196707e+06
 2.468340e+06
 2.773563e+06
 3.116527e+06
 3.501900e+06
 3.934927e+06
 4.421500e+06
 4.968240e+06
 5.582586e+06
 6.272900e+06
 7.048574e+06
 7.920164e+06
 8.899530e+06
 1.000000e+07

UPSILON_E N_trans=10
# upper_idx  lower_idx   upsilon(T_GRID[0]..T_GRID[N-1])
1           0            9.368145e-02  9.367187e-02  9.365108e-02  9.361533e-02  9.355990e-02  9.347889e-02  9.336497e-02  9.320914e-02  9.300042e-02  9.272554e-02  9.236870e-02  9.191133e-02  9.133203e-02  9.060669e-02  8.970907e-02  8.861201e-02  8.728959e-02  8.572079e-02  8.389539e-02  8.182299e-02  7.954663e-02  7.716278e-02  7.484873e-02  7.278981e-02  7.106035e-02  6.970048e-02  6.870419e-02  6.798581e-02  6.733634e-02  6.656057e-02  6.563437e-02  6.455479e-02  6.333024e-02  6.198595e-02  6.056995e-02  5.912424e-02  5.766259e-02  5.619692e-02  5.473831e-02  5.329576e-02  5.187483e-02  5.047619e-02  4.909482e-02  4.772841e-02  4.637793e-02  4.504112e-02  4.371218e-02  4.238200e-02  4.103928e-02  3.967838e-02  3.829840e-02  3.689886e-02  3.547997e-02  3.404304e-02  3.259064e-02  3.112613e-02  2.965407e-02  2.818050e-02  2.671266e-02  2.525866e-02  2.382702e-02  2.242625e-02  2.106375e-02  1.974216e-02  1.846359e-02  1.723125e-02  1.604878e-02  1.491972e-02  1.384638e-02  1.282696e-02  1.185989e-02  1.094482e-02  1.008189e-02  9.271284e-03  8.512517e-03  7.803241e-03  7.141335e-03  6.525163e-03  5.953247e-03  5.424074e-03
2           0            3.013438e-01  3.013638e-01  3.013409e-01  3.012594e-01  3.010996e-01  3.008367e-01  3.004403e-01  2.998729e-01  2.990896e-01  2.980363e-01  2.966495e-01  2.948556e-01  2.925718e-01  2.897065e-01  2.861639e-01  2.818487e-01  2.766772e-01  2.705917e-01  2.635842e-01  2.557300e-01  2.472349e-01  2.385013e-01  2.302103e-01  2.230242e-01  2.171583e-01  2.126803e-01  2.094814e-01  2.071865e-01  2.050555e-01  2.024636e-01  1.993582e-01  1.957603e-01  1.917302e-01  1.873764e-01  1.828627e-01  1.783130e-01  1.737604e-01  1.692303e-01  1.647449e-01  1.603223e-01  1.559753e-01  1.517113e-01  1.475317e-01  1.434284e-01  1.393851e-01  1.353808e-01  1.313910e-01  1.273895e-01  1.233504e-01  1.192597e-01  1.151115e-01  1.109009e-01  1.066234e-01  1.022754e-01  9.785732e-02  9.339588e-02  8.892896e-02  8.448850e-02  8.010076e-02  7.578681e-02  7.156314e-02  6.744218e-02  6.343518e-02  5.956387e-02  5.584955e-02  5.230769e-02  4.894887e-02  4.577969e-02  4.280309e-02  4.001761e-02  3.741956e-02  3.500420e-02  3.276601e-02  3.069893e-02  2.879620e-02  2.704939e-02  2.544993e-02  2.398965e-02  2.266081e-02  2.145607e-02
2           1            6.271132e-01  6.269586e-01  6.268652e-01  6.268597e-01  6.269760e-01  6.272569e-01  6.277563e-01  6.285410e-01  6.296929e-01  6.313116e-01  6.335165e-01  6.364484e-01  6.402700e-01  6.451652e-01  6.513344e-01  6.589849e-01  6.683141e-01  6.794804e-01  6.925569e-01  7.074600e-01  7.238416e-01  7.409312e-01  7.573193e-01  7.715067e-01  7.827969e-01  7.906881e-01  7.949358e-01  7.957713e-01  7.941883e-01  7.910985e-01  7.863820e-01  7.798772e-01  7.715089e-01  7.613432e-01  7.496476e-01  7.366355e-01  7.222768e-01  7.065568e-01  6.895048e-01  6.712060e-01  6.518138e-01  6.315601e-01  6.107529e-01  5.896113e-01  5.682418e-01  5.467414e-01  5.251977e-01  5.036871e-01  4.822732e-01  4.610067e-01  4.399273e-01  4.190675e-01  3.984559e-01  3.781210e-01  3.580958e-01  3.384322e-01  3.191931e-01  3.004426e-01  2.822443e-01  2.646593e-01  2.477447e-01  2.315508e-01  2.161101e-01  2.013896e-01  1.873527e-01  1.739839e-01  1.612804e-01  1.492464e-01  1.378834e-01  1.271738e-01  1.171014e-01  1.076552e-01  9.882523e-02  9.060022e-02  8.296100e-02  7.586773e-02  6.928519e-02  6.318601e-02  5.754683e-02  5.234596e-02
3           0            5.308515e-01  5.309683e-01  5.310139e-01  5.309595e-01  5.307680e-01  5.303931e-01  5.297764e-01  5.288461e-01  5.275136e-01  5.256721e-01  5.231935e-01  5.199271e-01  5.156986e-01  5.103123e-01  5.035552e-01  4.952076e-01  4.850621e-01  4.729550e-01  4.588164e-01  4.427479e-01  4.251387e-01  4.068370e-01  3.893835e-01  3.743819e-01  3.624705e-01  3.539775e-01  3.488106e-01  3.461573e-01  3.440963e-01  3.408362e-01  3.361353e-01  3.299699e-01  3.224627e-01  3.139566e-01  3.050941e-01  2.964181e-01  2.880643e-01  2.801220e-01  2.726453e-01  2.656355e-01  2.590219e-01  2.526428e-01  2.462433e-01  2.396939e-01  2.330176e-01  2.262416e-01  2.193921e-01  2.124934e-01  2.055667e-01  1.986120e-01  1.916140e-01  1.845572e-01  1.774286e-01  1.702211e-01  1.629354e-01  1.555879e-01  1.482066e-01  1.408257e-01  1.334843e-01  1.262247e-01  1.190901e-01  1.121231e-01  1.053580e-01  9.879639e-02  9.243780e-02  8.629193e-02  8.037417e-02  7.470203e-02  6.929075e-02  6.414566e-02  5.927083e-02  5.467071e-02  5.034846e-02  4.630494e-02  4.253461e-02  3.901641e-02  3.573259e-02  3.267125e-02  2.982348e-02  2.718158e-02
3           1            4.352262e-01  4.351231e-01  4.352036e-01  4.355368e-01  4.362101e-01  4.373338e-01  4.390450e-01  4.415135e-01  4.449470e-01  4.495967e-01  4.557634e-01  4.638010e-01  4.741185e-01  4.871772e-01  5.034798e-01  5.235478e-01  5.478788e-01  5.768765e-01  6.107366e-01  6.492721e-01  6.916501e-01  7.360035e-01  7.789006e-01  8.166975e-01  8.477531e-01  8.709395e-01  8.858070e-01  8.931396e-01  8.956842e-01  8.959801e-01  8.938884e-01  8.891054e-01  8.814535e-01  8.709694e-01  8.580019e-01  8.428184e-01  8.253125e-01  8.054192e-01  7.831709e-01  7.587291e-01  7.324156e-01  7.047422e-01  6.764087e-01  6.478936e-01  6.193956e-01  5.910960e-01  5.631608e-01  5.357346e-01  5.089383e-01  4.828827e-01  4.576641e-01  4.333547e-01  4.100039e-01  3.876420e-01  3.662887e-01  3.460043e-01  3.268592e-01  3.088992e-01  2.921468e-01  2.766029e-01  2.622500e-01  2.490554e-01  2.369718e-01  2.259313e-01  2.158609e-01  2.066901e-01  1.983515e-01  1.907808e-01  1.839298e-01  1.778085e-01  1.724134e-01  1.677111e-01  1.636498e-01  1.601684e-01  1.571918e-01  1.546097e-01  1.523317e-01  1.502951e-01  1.484566e-01  1.467859e-01
3           2            1.766989e+00  1.766392e+00  1.766276e+00  1.766831e+00  1.768298e+00  1.770983e+00  1.775268e+00  1.781622e+00  1.790625e+00  1.802978e+00  1.819517e+00  1.841232e+00  1.869264e+00  1.904900e+00  1.949545e+00  2.004652e+00  2.071607e+00  2.151527e+00  2.244940e+00  2.351293e+00  2.468205e+00  2.590373e+00  2.708075e+00  2.810998e+00  2.894498e+00  2.955398e+00  2.992465e+00  3.007987e+00  3.009852e+00  3.005348e+00  2.994110e+00  2.975266e+00  2.948249e+00  2.913012e+00  2.870276e+00  2.820590e+00  2.763634e+00  2.699248e+00  2.627584e+00  2.549205e+00  2.465187e+00  2.377206e+00  2.287524e+00  2.197579e+00  2.107780e+00  2.018415e+00  1.929659e+00  1.841575e+00  1.754149e+00  1.667714e+00  1.582855e+00  1.500119e+00  1.419997e+00  1.342915e+00  1.269209e+00  1.199015e+00  1.132347e+00  1.069191e+00  1.009513e+00  9.532658e-01  9.003887e-01  8.508126e-01  8.044572e-01  7.612243e-01  7.210074e-01  6.836951e-01  6.491707e-01  6.173115e-01  5.879977e-01  5.611400e-01  5.366352e-01  5.143566e-01  4.941635e-01  4.759081e-01  4.594293e-01  4.445273e-01  4.310263e-01  4.187831e-01  4.076776e-01  3.976070e-01
4           0            2.208291e+00  2.208957e+00  2.209768e+00  2.210756e+00  2.211960e+00  2.213426e+00  2.215210e+00  2.217379e+00  2.220012e+00  2.223201e+00  2.227052e+00  2.231686e+00  2.237238e+00  2.243856e+00  2.251693e+00  2.260901e+00  2.271617e+00  2.283943e+00  2.297915e+00  2.313464e+00  2.330356e+00  2.348115e+00  2.365937e+00  2.383041e+00  2.399185e+00  2.414277e+00  2.428396e+00  2.441858e+00  2.455297e+00  2.469241e+00  2.483727e+00  2.498772e+00  2.514416e+00  2.530735e+00  2.547840e+00  2.565836e+00  2.584795e+00  2.604818e+00  2.626037e+00  2.648624e+00  2.672790e+00  2.698789e+00  2.726903e+00  2.757324e+00  2.790174e+00  2.825619e+00  2.863864e+00  2.905151e+00  2.949745e+00  2.997875e+00  3.049750e+00  3.105588e+00  3.165604e+00  3.229995e+00  3.298943e+00  3.372691e+00  3.451471e+00  3.535434e+00  3.624656e+00  3.719148e+00  3.818856e+00  3.923680e+00  4.033415e+00  4.147493e+00  4.265283e+00  4.386250e+00  4.509939e+00  4.635952e+00  4.763991e+00  4.894030e+00  5.026087e+00  5.160138e+00  5.296127e+00  5.433977e+00  5.573595e+00  5.714871e+00  5.857691e+00  6.001942e+00  6.147515e+00  6.294303e+00
4           1            7.680901e-02  7.672195e-02  7.665789e-02  7.662761e-02  7.664498e-02  7.672758e-02  7.689750e-02  7.718221e-02  7.761549e-02  7.823842e-02  7.910024e-02  8.025906e-02  8.178214e-02  8.374528e-02  8.623099e-02  8.932446e-02  9.310626e-02  9.764006e-02  1.029530e-01  1.090057e-01  1.156464e-01  1.225446e-01  1.290993e-01  1.346759e-01  1.389949e-01  1.418758e-01  1.432696e-01  1.433622e-01  1.427085e-01  1.418276e-01  1.407393e-01  1.394250e-01  1.378745e-01  1.360912e-01  1.340975e-01  1.319158e-01  1.295542e-01  1.270291e-01  1.243688e-01  1.216170e-01  1.188344e-01  1.161010e-01  1.135124e-01  1.111004e-01  1.088196e-01  1.065986e-01  1.043416e-01  1.019325e-01  9.924757e-02  9.625319e-02  9.298802e-02  8.949988e-02  8.584208e-02  8.207084e-02  7.824045e-02  7.438151e-02  7.051265e-02  6.665463e-02  6.282971e-02  5.906083e-02  5.537057e-02  5.178035e-02  4.830842e-02  4.496364e-02  4.175274e-02  3.868305e-02  3.576153e-02  3.299401e-02  3.038382e-02  2.792850e-02  2.562483e-02  2.347014e-02  2.146156e-02  1.959570e-02  1.786773e-02  1.626974e-02  1.479416e-02  1.343434e-02  1.218402e-02  1.103715e-02
4           2            2.307390e-01  2.304361e-01  2.301998e-01  2.300629e-01  2.300675e-01  2.302670e-01  2.307288e-01  2.315367e-01  2.327938e-01  2.346256e-01  2.371827e-01  2.406426e-01  2.452111e-01  2.511197e-01  2.586206e-01  2.679738e-01  2.794243e-01  2.931649e-01  3.092748e-01  3.276269e-01  3.477473e-01  3.686091e-01  3.883501e-01  4.050121e-01  4.177421e-01  4.260016e-01  4.296746e-01  4.293924e-01  4.269563e-01  4.240439e-01  4.207423e-01  4.169992e-01  4.127565e-01  4.079493e-01  4.025066e-01  3.963806e-01  3.895712e-01  3.821156e-01  3.740972e-01  3.656578e-01  3.570088e-01  3.484412e-01  3.403140e-01  3.327667e-01  3.256765e-01  3.188395e-01  3.119790e-01  3.047552e-01  2.968032e-01  2.880078e-01  2.784549e-01  2.682553e-01  2.575362e-01  2.464357e-01  2.350920e-01  2.235990e-01  2.120281e-01  2.004562e-01  1.889626e-01  1.776263e-01  1.665230e-01  1.557230e-01  1.452856e-01  1.352459e-01  1.256304e-01  1.164637e-01  1.077664e-01  9.955415e-02  9.183272e-02  8.458697e-02  7.780039e-02  7.146002e-02  6.555404e-02  6.007012e-02  5.499217e-02  5.029414e-02  4.595208e-02  4.194588e-02  3.825735e-02  3.486922e-02
4           3            3.863102e-01  3.858205e-01  3.854420e-01  3.852288e-01  3.852506e-01  3.855959e-01  3.863760e-01  3.877295e-01  3.898268e-01  3.928754e-01  3.971239e-01  4.028661e-01  4.104416e-01  4.202335e-01  4.326585e-01  4.481463e-01  4.671026e-01  4.898465e-01  5.165104e-01  5.468867e-01  5.801957e-01  6.147460e-01  6.474682e-01  6.751284e-01  6.963174e-01  7.101453e-01  7.164180e-01  7.161718e-01  7.123710e-01  7.077833e-01  7.025455e-01  6.965592e-01  6.897110e-01  6.818704e-01  6.728896e-01  6.626649e-01  6.511896e-01  6.385278e-01  6.248322e-01  6.103675e-01  5.955328e-01  5.808813e-01  5.671001e-01  5.544598e-01  5.427313e-01  5.315339e-01  5.203513e-01  5.085494e-01  4.954465e-01  4.808239e-01  4.648378e-01  4.476895e-01  4.296099e-01  4.108486e-01  3.916564e-01  3.722209e-01  3.526946e-01  3.332312e-01  3.139810e-01  2.950861e-01  2.766762e-01  2.588658e-01  2.417402e-01  2.253019e-01  2.095417e-01  1.944675e-01  1.800968e-01  1.664497e-01  1.535440e-01  1.413898e-01  1.299911e-01  1.193454e-01  1.094432e-01  1.002683e-01  9.179215e-02  8.395959e-02  7.672120e-02  7.003829e-02  6.387828e-02  5.821186e-02

UPSILON_P N_trans=3
# upper_idx  lower_idx   upsilon(T_GRID[0]..T_GRID[N-1])
2           1            5.131060e-12  4.943956e-12  4.734744e-12  4.500958e-12  4.239896e-12  3.948612e-12  3.623901e-12  3.262302e-12  2.860100e-12  2.413335e-12  1.917831e-12  1.369236e-12  7.630819e-13  9.488344e-14  0.000000e+00  0.000000e+00  0.000000e+00  0.000000e+00  0.000000e+00  0.000000e+00  0.000000e+00  0.000000e+00  0.000000e+00  0.000000e+00  0.000000e+00  0.000000e+00  0.000000e+00  0.000000e+00  0.000000e+00  0.000000e+00  0.000000e+00  0.000000e+00  0.000000e+00  0.000000e+00  0.000000e+00  0.000000e+00  5.630902e-13  9.948200e-12  2.232657e-11  3.828380e-11  5.846119e-11  8.354350e-11  1.142398e-10  1.512564e-10  1.952613e-10  2.468404e-10  3.064467e-10  3.743306e-10  4.500920e-10  5.324425e-10  6.194582e-10  7.085863e-10  7.967069e-10  8.809681e-10  9.591918e-10  1.029246e-09  1.089107e-09  1.137150e-09  1.172653e-09  1.195368e-09  1.205403e-09  1.203189e-09  1.189270e-09  1.164375e-09  1.129510e-09  1.085893e-09  1.034917e-09  9.784465e-10  9.184506e-10  8.566229e-10  7.943734e-10  7.328421e-10  6.729217e-10  6.152848e-10  5.604135e-10  5.086292e-10  4.601207e-10  4.149702e-10  3.731765e-10  3.346741e-10
3           1            0.000000e+00  0.000000e+00  0.000000e+00  0.000000e+00  0.000000e+00  0.000000e+00  0.000000e+00  0.000000e+00  0.000000e+00  0.000000e+00  0.000000e+00  0.000000e+00  0.000000e+00  0.000000e+00  0.000000e+00  0.000000e+00  0.000000e+00  0.000000e+00  0.000000e+00  0.000000e+00  0.000000e+00  0.000000e+00  0.000000e+00  0.000000e+00  0.000000e+00  0.000000e+00  0.000000e+00  0.000000e+00  0.000000e+00  0.000000e+00  5.680321e-11  1.484510e-10  2.489850e-10  3.589382e-10  4.787901e-10  6.089399e-10  7.496738e-10  9.011277e-10  1.063246e-09  1.235735e-09  1.418018e-09  1.609189e-09  1.807974e-09  2.012709e-09  2.221327e-09  2.431390e-09  2.640156e-09  2.844693e-09  3.042070e-09  3.229615e-09  3.405252e-09  3.567912e-09  3.718006e-09  3.857927e-09  3.991293e-09  4.117427e-09  4.233991e-09  4.338711e-09  4.429485e-09  4.504783e-09  4.565257e-09  4.612881e-09  4.650272e-09  4.680374e-09  4.702991e-09  4.714817e-09  4.712887e-09  4.694907e-09  4.660104e-09  4.610344e-09  4.548024e-09  4.475577e-09  4.395381e-09  4.308974e-09  4.215925e-09  4.116179e-09  4.010368e-09  3.899605e-09  3.785291e-09  3.668957e-09
3           2            0.000000e+00  0.000000e+00  0.000000e+00  0.000000e+00  0.000000e+00  0.000000e+00  0.000000e+00  0.000000e+00  0.000000e+00  0.000000e+00  0.000000e+00  0.000000e+00  0.000000e+00  0.000000e+00  0.000000e+00  0.000000e+00  0.000000e+00  0.000000e+00  0.000000e+00  0.000000e+00  0.000000e+00  0.000000e+00  0.000000e+00  0.000000e+00  0.000000e+00  0.000000e+00  0.000000e+00  0.000000e+00  0.000000e+00  1.486428e-11  7.788461e-11  1.473444e-10  2.237210e-10  3.074811e-10  3.990664e-10  4.988759e-10  6.072442e-10  7.244167e-10  8.505209e-10  9.855343e-10  1.129251e-09  1.281249e-09  1.440855e-09  1.607123e-09  1.778816e-09  1.954408e-09  2.132109e-09  2.309912e-09  2.485687e-09  2.657308e-09  2.822828e-09  2.980688e-09  3.129971e-09  3.270615e-09  3.402080e-09  3.522691e-09  3.631056e-09  3.726257e-09  3.807929e-09  3.875939e-09  3.930224e-09  3.971184e-09  3.999673e-09  4.016383e-09  4.020313e-09  4.010400e-09  3.986044e-09  3.947217e-09  3.895220e-09  3.832151e-09  3.760173e-09  3.681415e-09  3.597792e-09  3.509697e-09  3.416903e-09  3.319755e-09  3.219033e-09  3.115796e-09  3.011246e-09  2.906614e-09

