# pyathena.photchem atomic data : OVI
# CHIANTI source : ion o_6
# Levels kept    : lowest 3 of CHIANTI (padded to 5 if smaller)
# T grid         : 80 log-spaced points, 100 K -> 1e+06 K
# Generated by   : pyathena/photchem/data/build_chianti_tables.py
#
# Indices below are 0-based pyathena indices (level 0 = ground).
# CHIANTI level numbers are 1-based and shown for cross-reference.
#
LEVELS N=3
# idx  chianti_lvl  conf            term       j     g    E_erg            E_K
0     1            1s2.2s          2S0.5      0.5   2     0.000000e+00   0.000000e+00
1     2            1s2.2p          2P0.5      0.5   2     1.914007e-11   1.386310e+05
2     3            1s2.2p          2P1.5      1.5   4     1.924583e-11   1.393970e+05

A_COEFFS N=2
# upper_idx  lower_idx   A [s^-1]
1           0            4.100000e+08
2           0            4.160000e+08

T_GRID N=80
 1.000000e+02
 1.123655e+02
 1.262600e+02
 1.418727e+02
 1.594159e+02
 1.791284e+02
 2.012785e+02
 2.261676e+02
 2.541343e+02
 2.855592e+02
 3.208700e+02
 3.605471e+02
 4.051305e+02
 4.552268e+02
 5.115178e+02
 5.747694e+02
 6.458424e+02
 7.257040e+02
 8.154407e+02
 9.162739e+02
 1.029576e+03
 1.156888e+03
 1.299942e+03
 1.460686e+03
 1.641307e+03
 1.844263e+03
 2.072315e+03
 2.328566e+03
 2.616505e+03
 2.940048e+03
 3.303599e+03
 3.712105e+03
 4.171125e+03
 4.686904e+03
 5.266462e+03
 5.917686e+03
 6.649436e+03
 7.471671e+03
 8.395579e+03
 9.433732e+03
 1.060026e+04
 1.191103e+04
 1.338389e+04
 1.503887e+04
 1.689850e+04
 1.898808e+04
 2.133605e+04
 2.397435e+04
 2.693889e+04
 3.027002e+04
 3.401305e+04
 3.821893e+04
 4.294488e+04
 4.825522e+04
 5.422221e+04
 6.092705e+04
 6.846097e+04
 7.692650e+04
 8.643883e+04
 9.712740e+04
 1.091377e+05
 1.226331e+05
 1.377972e+05
 1.548365e+05
 1.739828e+05
 1.954966e+05
 2.196707e+05
 2.468340e+05
 2.773563e+05
 3.116527e+05
 3.501900e+05
 3.934927e+05
 4.421500e+05
 4.968240e+05
 5.582586e+05
 6.272900e+05
 7.048574e+05
 7.920164e+05
 8.899530e+05
 1.000000e+06

UPSILON_E N_trans=3
# upper_idx  lower_idx   upsilon(T_GRID[0]..T_GRID[N-1])
1           0            1.688955e+00  1.688949e+00  1.688943e+00  1.688936e+00  1.688928e+00  1.688919e+00  1.688909e+00  1.688898e+00  1.688886e+00  1.688872e+00  1.688856e+00  1.688839e+00  1.688820e+00  1.688798e+00  1.688774e+00  1.688747e+00  1.688717e+00  1.688683e+00  1.688646e+00  1.688605e+00  1.688560e+00  1.688509e+00  1.688454e+00  1.688393e+00  1.688326e+00  1.688253e+00  1.688173e+00  1.688088e+00  1.687995e+00  1.687896e+00  1.687792e+00  1.687683e+00  1.687570e+00  1.687456e+00  1.687343e+00  1.687235e+00  1.687138e+00  1.687058e+00  1.687003e+00  1.686986e+00  1.687019e+00  1.687121e+00  1.687314e+00  1.687623e+00  1.688083e+00  1.688731e+00  1.689613e+00  1.690785e+00  1.692309e+00  1.694256e+00  1.696708e+00  1.699754e+00  1.703490e+00  1.708020e+00  1.713449e+00  1.719882e+00  1.727423e+00  1.736163e+00  1.746179e+00  1.757529e+00  1.770244e+00  1.784325e+00  1.799740e+00  1.816492e+00  1.834623e+00  1.854165e+00  1.875143e+00  1.897569e+00  1.921443e+00  1.946767e+00  1.973621e+00  2.002112e+00  2.032334e+00  2.064368e+00  2.098278e+00  2.134107e+00  2.171883e+00  2.211658e+00  2.253504e+00  2.297470e+00
2           0            3.269412e+00  3.269463e+00  3.269520e+00  3.269584e+00  3.269656e+00  3.269737e+00  3.269828e+00  3.269930e+00  3.270045e+00  3.270174e+00  3.270318e+00  3.270481e+00  3.270663e+00  3.270867e+00  3.271097e+00  3.271355e+00  3.271644e+00  3.271969e+00  3.272332e+00  3.272741e+00  3.273198e+00  3.273711e+00  3.274285e+00  3.274929e+00  3.275650e+00  3.276456e+00  3.277358e+00  3.278367e+00  3.279494e+00  3.280753e+00  3.282158e+00  3.283724e+00  3.285469e+00  3.287411e+00  3.289570e+00  3.291967e+00  3.294626e+00  3.297571e+00  3.300828e+00  3.304423e+00  3.308387e+00  3.312748e+00  3.317537e+00  3.322787e+00  3.328532e+00  3.334805e+00  3.341644e+00  3.349088e+00  3.357180e+00  3.365971e+00  3.375518e+00  3.385889e+00  3.397170e+00  3.409467e+00  3.422911e+00  3.437670e+00  3.453949e+00  3.472003e+00  3.492139e+00  3.514723e+00  3.540181e+00  3.568966e+00  3.601226e+00  3.636869e+00  3.675720e+00  3.717530e+00  3.761981e+00  3.808702e+00  3.857419e+00  3.908303e+00  3.961613e+00  4.017594e+00  4.076470e+00  4.138430e+00  4.203629e+00  4.272228e+00  4.344588e+00  4.421068e+00  4.501939e+00  4.587392e+00
2           1            5.270786e-01  5.270066e-01  5.269259e-01  5.268353e-01  5.267336e-01  5.266196e-01  5.264917e-01  5.263482e-01  5.261874e-01  5.260072e-01  5.258053e-01  5.255791e-01  5.253259e-01  5.250426e-01  5.247256e-01  5.243714e-01  5.239756e-01  5.235339e-01  5.230411e-01  5.224920e-01  5.218807e-01  5.212010e-01  5.204462e-01  5.196093e-01  5.186828e-01  5.176590e-01  5.165302e-01  5.152885e-01  5.139263e-01  5.124364e-01  5.108125e-01  5.090493e-01  5.071433e-01  5.050934e-01  5.029012e-01  5.005722e-01  4.981166e-01  4.955501e-01  4.928948e-01  4.901806e-01  4.874458e-01  4.847378e-01  4.821139e-01  4.796414e-01  4.773969e-01  4.754662e-01  4.739419e-01  4.729215e-01  4.725039e-01  4.727858e-01  4.738570e-01  4.757951e-01  4.786608e-01  4.824921e-01  4.873004e-01  4.930659e-01  4.997358e-01  5.072222e-01  5.154026e-01  5.241216e-01  5.331936e-01  5.424074e-01  5.515307e-01  5.603164e-01  5.685079e-01  5.758452e-01  5.820702e-01  5.869316e-01  5.901889e-01  5.916162e-01  5.910044e-01  5.881636e-01  5.830431e-01  5.758779e-01  5.669377e-01  5.564844e-01  5.447691e-01  5.320300e-01  5.184915e-01  5.043631e-01

UPSILON_P N_trans=0
# upper_idx  lower_idx   upsilon(T_GRID[0]..T_GRID[N-1])

