# pyathena.photchem atomic data : OI
# CHIANTI source : ion o_1
# Levels kept    : lowest 5 of CHIANTI (padded to 5 if smaller)
# T grid         : 60 log-spaced points, 1e+03 K -> 1e+06 K
# Generated by   : pyathena/photchem/data/build_chianti_tables.py
#
# Indices below are 0-based pyathena indices (level 0 = ground).
# CHIANTI level numbers are 1-based and shown for cross-reference.
#
LEVELS N=5
# idx  chianti_lvl  conf            term       j     g    E_erg            E_K
0     1            2s2.2p4         3P2        2.0   5     0.000000e+00   0.000000e+00
1     2            2s2.2p4         3P1        1.0   3     3.143143e-14   2.276569e+02
2     3            2s2.2p4         3P0        0.0   1     4.507763e-14   3.264960e+02
3     4            2s2.2p4         1D2        2.0   5     3.151357e-12   2.282519e+04
4     5            2s2.2p4         1S0        0.0   1     6.711207e-12   4.860907e+04

A_COEFFS N=9
# upper_idx  lower_idx   A [s^-1]
1           0            8.542000e-05
2           0            1.380000e-10
2           1            1.643000e-05
3           0            6.503000e-03
3           1            2.101000e-03
3           2            6.181000e-07
4           0            3.494000e-04
4           1            7.842000e-02
4           3            1.260000e+00

T_GRID N=60
 1.000000e+03
 1.124210e+03
 1.263848e+03
 1.420831e+03
 1.597312e+03
 1.795714e+03
 2.018760e+03
 2.269511e+03
 2.551407e+03
 2.868317e+03
 3.224591e+03
 3.625117e+03
 4.075393e+03
 4.581598e+03
 5.150678e+03
 5.790444e+03
 6.509675e+03
 7.318242e+03
 8.227241e+03
 9.249147e+03
 1.039798e+04
 1.168952e+04
 1.314147e+04
 1.477378e+04
 1.660883e+04
 1.867181e+04
 2.099104e+04
 2.359833e+04
 2.652948e+04
 2.982471e+04
 3.352924e+04
 3.769391e+04
 4.237587e+04
 4.763938e+04
 5.355667e+04
 6.020894e+04
 6.768750e+04
 7.609497e+04
 8.554673e+04
 9.617249e+04
 1.081181e+05
 1.215474e+05
 1.366448e+05
 1.536175e+05
 1.726983e+05
 1.941492e+05
 2.182645e+05
 2.453751e+05
 2.758532e+05
 3.101169e+05
 3.486365e+05
 3.919407e+05
 4.406236e+05
 4.953535e+05
 5.568814e+05
 6.260517e+05
 7.038136e+05
 7.912343e+05
 8.895135e+05
 1.000000e+06

UPSILON_E N_trans=10
# upper_idx  lower_idx   upsilon(T_GRID[0]..T_GRID[N-1])
1           0            3.359289e-03  3.545428e-03  3.750254e-03  3.973498e-03  4.214015e-03  4.469878e-03  4.738530e-03  5.016958e-03  5.301884e-03  5.589947e-03  5.877865e-03  6.162571e-03  6.441311e-03  6.711713e-03  6.971818e-03  7.220087e-03  7.455392e-03  7.676982e-03  7.884442e-03  8.077651e-03  8.256730e-03  8.422001e-03  8.573937e-03  8.713129e-03  8.840246e-03  8.956010e-03  9.061169e-03  9.156480e-03  9.242689e-03  9.320526e-03  9.390690e-03  9.453846e-03  9.510621e-03  9.561600e-03  9.607328e-03  9.648310e-03  9.685006e-03  9.717842e-03  9.747205e-03  9.773446e-03  9.796885e-03  9.817813e-03  9.836490e-03  9.853152e-03  9.868013e-03  9.881262e-03  9.893072e-03  9.903597e-03  9.912974e-03  9.921327e-03  9.928767e-03  9.935393e-03  9.941293e-03  9.946546e-03  9.951222e-03  9.955384e-03  9.959089e-03  9.962387e-03  9.965321e-03  9.967933e-03
2           0            1.499373e-03  1.586142e-03  1.680547e-03  1.782467e-03  1.891412e-03  2.006560e-03  2.126823e-03  2.250920e-03  2.377457e-03  2.505008e-03  2.632181e-03  2.757677e-03  2.880332e-03  2.999145e-03  3.113293e-03  3.222134e-03  3.325200e-03  3.422185e-03  3.512926e-03  3.597385e-03  3.675630e-03  3.747812e-03  3.814144e-03  3.874894e-03  3.930358e-03  3.980855e-03  4.026717e-03  4.068276e-03  4.105861e-03  4.139790e-03  4.170370e-03  4.197894e-03  4.222633e-03  4.244846e-03  4.264769e-03  4.282622e-03  4.298608e-03  4.312911e-03  4.325701e-03  4.337130e-03  4.347339e-03  4.356454e-03  4.364588e-03  4.371845e-03  4.378316e-03  4.384086e-03  4.389229e-03  4.393812e-03  4.397896e-03  4.401533e-03  4.404773e-03  4.407658e-03  4.410227e-03  4.412514e-03  4.414550e-03  4.416363e-03  4.417976e-03  4.419412e-03  4.420690e-03  4.421827e-03
2           1            2.356853e-05  2.665973e-05  3.004928e-05  3.374134e-05  3.773240e-05  4.201037e-05  4.655430e-05  5.133464e-05  5.631416e-05  6.144935e-05  6.669219e-05  7.199222e-05  7.729858e-05  8.256198e-05  8.773638e-05  9.278036e-05  9.765807e-05  1.023398e-04  1.068022e-04  1.110280e-04  1.150060e-04  1.187302e-04  1.221993e-04  1.254159e-04  1.283860e-04  1.311180e-04  1.336224e-04  1.359110e-04  1.379965e-04  1.398921e-04  1.416112e-04  1.431671e-04  1.445725e-04  1.458401e-04  1.469815e-04  1.480081e-04  1.489302e-04  1.497577e-04  1.504995e-04  1.511639e-04  1.517585e-04  1.522904e-04  1.527659e-04  1.531906e-04  1.535700e-04  1.539085e-04  1.542106e-04  1.544801e-04  1.547204e-04  1.549346e-04  1.551255e-04  1.552956e-04  1.554471e-04  1.555821e-04  1.557023e-04  1.558093e-04  1.559046e-04  1.559895e-04  1.560650e-04  1.561323e-04
3           0            1.733788e-02  1.919418e-02  2.129975e-02  2.368897e-02  2.640076e-02  2.947904e-02  3.297307e-02  3.693769e-02  4.143344e-02  4.652643e-02  5.228777e-02  5.879277e-02  6.612148e-02  7.437933e-02  8.369408e-02  9.420157e-02  1.060408e-01  1.193461e-01  1.342226e-01  1.507412e-01  1.689414e-01  1.888245e-01  2.103729e-01  2.335615e-01  2.583178e-01  2.845166e-01  3.120127e-01  3.407453e-01  3.706198e-01  4.014702e-01  4.330722e-01  4.651487e-01  4.973518e-01  5.293337e-01  5.607777e-01  5.914060e-01  6.209844e-01  6.493240e-01  6.762808e-01  7.017529e-01  7.256772e-01  7.480247e-01  7.687957e-01  7.880142e-01  8.057241e-01  8.219836e-01  8.368621e-01  8.504363e-01  8.627873e-01  8.739982e-01  8.841524e-01  8.933315e-01  9.016148e-01  9.090782e-01  9.157935e-01  9.218280e-01  9.272450e-01  9.321026e-01  9.364549e-01  9.403513e-01
3           1            1.041287e-02  1.152616e-02  1.278868e-02  1.422102e-02  1.584652e-02  1.769151e-02  1.978560e-02  2.216178e-02  2.485654e-02  2.790979e-02  3.136457e-02  3.526656e-02  3.966439e-02  4.462149e-02  5.021429e-02  5.652391e-02  6.363323e-02  7.162215e-02  8.055314e-02  9.046823e-02  1.013904e-01  1.133199e-01  1.262465e-01  1.401569e-01  1.550094e-01  1.707305e-01  1.872337e-01  2.044790e-01  2.224060e-01  2.409124e-01  2.598619e-01  2.790879e-01  2.983856e-01  3.175498e-01  3.363932e-01  3.547509e-01  3.724832e-01  3.894771e-01  4.056461e-01  4.209286e-01  4.352862e-01  4.487010e-01  4.611725e-01  4.727144e-01  4.833526e-01  4.931214e-01  5.020621e-01  5.102204e-01  5.176447e-01  5.243846e-01  5.304898e-01  5.360095e-01  5.409910e-01  5.454798e-01  5.495190e-01  5.531490e-01  5.564077e-01  5.593301e-01  5.619486e-01  5.642930e-01
3           2            3.470009e-03  3.841401e-03  4.262618e-03  4.740537e-03  5.282951e-03  5.898657e-03  6.597534e-03  7.390595e-03  8.290009e-03  9.309083e-03  1.046216e-02  1.176446e-02  1.323215e-02  1.488626e-02  1.675202e-02  1.885615e-02  2.122588e-02  2.388746e-02  2.686190e-02  3.016392e-02  3.380196e-02  3.777698e-02  4.208596e-02  4.672411e-02  5.167702e-02  5.691977e-02  6.242320e-02  6.817415e-02  7.415258e-02  8.032445e-02  8.664432e-02  9.305708e-02  9.949644e-02  1.058959e-01  1.121938e-01  1.183355e-01  1.242741e-01  1.299713e-01  1.353974e-01  1.405310e-01  1.453584e-01  1.498725e-01  1.540726e-01  1.579624e-01  1.615500e-01  1.648465e-01  1.678652e-01  1.706211e-01  1.731301e-01  1.754088e-01  1.774737e-01  1.793412e-01  1.810271e-01  1.825466e-01  1.839143e-01  1.851436e-01  1.862475e-01  1.872375e-01  1.881248e-01  1.889193e-01
4           0            1.676425e-03  1.735747e-03  1.820083e-03  1.935735e-03  2.090148e-03  2.292017e-03  2.551362e-03  2.879563e-03  3.289336e-03  3.794636e-03  4.410456e-03  5.152398e-03  6.033295e-03  7.061564e-03  8.242576e-03  9.578099e-03  1.106618e-02  1.271014e-02  1.452016e-02  1.650419e-02  1.866669e-02  2.100725e-02  2.351909e-02  2.619011e-02  2.900331e-02  3.194000e-02  3.499887e-02  3.818047e-02  4.147565e-02  4.486671e-02  4.832762e-02  5.181555e-02  5.528429e-02  5.869354e-02  6.200939e-02  6.520436e-02  6.825719e-02  7.115240e-02  7.387970e-02  7.643336e-02  7.881151e-02  8.101548e-02  8.304913e-02  8.491830e-02  8.663029e-02  8.819340e-02  8.961658e-02  9.090910e-02  9.208033e-02  9.313951e-02  9.409565e-02  9.495740e-02  9.573295e-02  9.643005e-02  9.705591e-02  9.761725e-02  9.812025e-02  9.857063e-02  9.897359e-02  9.933390e-02
4           1            1.024922e-03  1.056870e-03  1.103516e-03  1.168724e-03  1.257099e-03  1.374066e-03  1.525928e-03  1.719905e-03  1.964129e-03  2.267597e-03  2.639995e-03  3.089680e-03  3.622224e-03  4.241569e-03  4.949748e-03  5.746685e-03  6.634594e-03  7.619951e-03  8.708104e-03  9.902355e-03  1.120341e-02  1.260886e-02  1.411314e-02  1.570758e-02  1.738197e-02  1.913724e-02  2.097717e-02  2.289883e-02  2.489319e-02  2.694565e-02  2.903193e-02  3.112427e-02  3.319749e-02  3.522952e-02  3.720176e-02  3.909908e-02  4.090979e-02  4.262542e-02  4.424041e-02  4.575175e-02  4.715864e-02  4.846207e-02  4.966447e-02  5.076942e-02  5.178131e-02  5.270511e-02  5.354613e-02  5.430989e-02  5.500195e-02  5.562778e-02  5.619272e-02  5.670187e-02  5.716008e-02  5.757194e-02  5.794171e-02  5.827336e-02  5.857054e-02  5.883663e-02  5.907470e-02  5.928758e-02
4           2            3.462751e-04  3.557214e-04  3.699956e-04  3.904344e-04  4.186453e-04  4.565364e-04  5.063405e-04  5.706293e-04  6.523120e-04  7.545940e-04  8.802836e-04  1.031348e-03  1.209313e-03  1.415174e-03  1.649333e-03  1.912930e-03  2.208328e-03  2.537507e-03  2.901771e-03  3.301571e-03  3.736345e-03  4.204478e-03  4.703306e-03  5.229752e-03  5.785267e-03  6.372320e-03  6.990805e-03  7.638247e-03  8.310013e-03  8.998273e-03  9.693955e-03  1.038850e-02  1.107413e-02  1.174406e-02  1.239257e-02  1.301502e-02  1.360789e-02  1.416866e-02  1.469573e-02  1.518831e-02  1.564629e-02  1.607013e-02  1.646075e-02  1.681940e-02  1.714759e-02  1.744700e-02  1.771942e-02  1.796667e-02  1.819060e-02  1.839301e-02  1.857565e-02  1.874020e-02  1.888824e-02  1.902126e-02  1.914066e-02  1.924773e-02  1.934365e-02  1.942952e-02  1.950633e-02  1.957501e-02
4           3            1.020962e-02  1.183431e-02  1.378889e-02  1.609685e-02  1.874395e-02  2.166032e-02  2.478689e-02  2.808857e-02  3.154846e-02  3.518709e-02  3.906895e-02  4.320754e-02  4.757519e-02  5.214079e-02  5.687333e-02  6.176660e-02  6.685362e-02  7.218531e-02  7.782500e-02  8.382985e-02  9.021250e-02  9.696907e-02  1.040862e-01  1.115403e-01  1.193291e-01  1.275466e-01  1.362818e-01  1.455902e-01  1.554933e-01  1.659800e-01  1.770099e-01  1.885165e-01  2.004128e-01  2.125961e-01  2.249541e-01  2.373702e-01  2.497290e-01  2.619203e-01  2.738436e-01  2.854100e-01  2.965446e-01  3.071869e-01  3.172913e-01  3.268259e-01  3.357720e-01  3.441223e-01  3.518793e-01  3.590540e-01  3.656638e-01  3.717316e-01  3.772835e-01  3.823486e-01  3.869574e-01  3.911410e-01  3.949304e-01  3.983562e-01  4.014479e-01  4.042338e-01  4.067407e-01  4.089936e-01

