# pyathena.photchem atomic data : OII
# CHIANTI source : ion o_2
# Levels kept    : lowest 5 of CHIANTI (padded to 5 if smaller)
# T grid         : 60 log-spaced points, 1e+03 K -> 1e+06 K
# Generated by   : pyathena/photchem/data/build_chianti_tables.py
#
# Indices below are 0-based pyathena indices (level 0 = ground).
# CHIANTI level numbers are 1-based and shown for cross-reference.
#
LEVELS N=5
# idx  chianti_lvl  conf            term       j     g    E_erg            E_K
0     1            2s2 2p3         4S1.5      1.5   4     0.000000e+00   0.000000e+00
1     3            2s2 2p3         2D2.5      2.5   6     5.324625e-12   3.856610e+04
2     2            2s2 2p3         2D1.5      1.5   4     5.328557e-12   3.859458e+04
3     5            2s2 2p3         2P1.5      1.5   4     8.036925e-12   5.821121e+04
4     4            2s2 2p3         2P0.5      0.5   2     8.037322e-12   5.821409e+04

A_COEFFS N=8
# upper_idx  lower_idx   A [s^-1]
1           0            4.124000e-05
2           0            1.635000e-04
3           0            5.646000e-02
3           1            1.106000e-01
3           2            5.871000e-02
4           0            2.265000e-02
4           1            5.824000e-02
4           2            9.668000e-02

T_GRID N=60
 1.000000e+03
 1.124210e+03
 1.263848e+03
 1.420831e+03
 1.597312e+03
 1.795714e+03
 2.018760e+03
 2.269511e+03
 2.551407e+03
 2.868317e+03
 3.224591e+03
 3.625117e+03
 4.075393e+03
 4.581598e+03
 5.150678e+03
 5.790444e+03
 6.509675e+03
 7.318242e+03
 8.227241e+03
 9.249147e+03
 1.039798e+04
 1.168952e+04
 1.314147e+04
 1.477378e+04
 1.660883e+04
 1.867181e+04
 2.099104e+04
 2.359833e+04
 2.652948e+04
 2.982471e+04
 3.352924e+04
 3.769391e+04
 4.237587e+04
 4.763938e+04
 5.355667e+04
 6.020894e+04
 6.768750e+04
 7.609497e+04
 8.554673e+04
 9.617249e+04
 1.081181e+05
 1.215474e+05
 1.366448e+05
 1.536175e+05
 1.726983e+05
 1.941492e+05
 2.182645e+05
 2.453751e+05
 2.758532e+05
 3.101169e+05
 3.486365e+05
 3.919407e+05
 4.406236e+05
 4.953535e+05
 5.568814e+05
 6.260517e+05
 7.038136e+05
 7.912343e+05
 8.895135e+05
 1.000000e+06

UPSILON_E N_trans=10
# upper_idx  lower_idx   upsilon(T_GRID[0]..T_GRID[N-1])
1           0            7.899362e-01  7.901851e-01  7.904684e-01  7.907906e-01  7.911565e-01  7.915710e-01  7.920392e-01  7.925658e-01  7.931547e-01  7.938083e-01  7.945266e-01  7.953057e-01  7.961359e-01  7.970015e-01  7.978822e-01  7.987487e-01  7.995654e-01  8.003561e-01  8.012170e-01  8.022379e-01  8.034045e-01  8.046992e-01  8.061451e-01  8.077754e-01  8.096246e-01  8.116917e-01  8.139552e-01  8.164578e-01  8.193488e-01  8.228052e-01  8.269499e-01  8.315778e-01  8.363815e-01  8.415734e-01  8.478331e-01  8.549050e-01  8.618352e-01  8.677589e-01  8.719632e-01  8.739148e-01  8.733141e-01  8.705111e-01  8.661444e-01  8.607562e-01  8.547872e-01  8.485820e-01  8.422598e-01  8.348278e-01  8.252628e-01  8.131179e-01  7.983592e-01  7.812236e-01  7.620529e-01  7.409629e-01  7.181609e-01  6.940220e-01  6.689944e-01  6.435354e-01  6.179186e-01  5.917453e-01
2           0            5.390727e-01  5.393429e-01  5.396877e-01  5.401200e-01  5.406530e-01  5.412986e-01  5.420654e-01  5.429556e-01  5.439606e-01  5.450540e-01  5.461824e-01  5.472530e-01  5.481162e-01  5.486297e-01  5.488460e-01  5.489473e-01  5.492261e-01  5.496962e-01  5.500525e-01  5.500660e-01  5.499874e-01  5.500849e-01  5.503941e-01  5.509177e-01  5.516393e-01  5.524877e-01  5.533496e-01  5.542285e-01  5.553279e-01  5.569019e-01  5.591310e-01  5.617118e-01  5.641907e-01  5.667392e-01  5.701165e-01  5.742452e-01  5.784088e-01  5.819515e-01  5.843296e-01  5.851324e-01  5.841268e-01  5.815969e-01  5.780515e-01  5.739123e-01  5.695117e-01  5.651002e-01  5.607583e-01  5.557788e-01  5.494271e-01  5.413700e-01  5.315625e-01  5.201498e-01  5.073583e-01  4.932921e-01  4.781136e-01  4.620836e-01  4.455032e-01  4.286741e-01  4.117668e-01  3.944778e-01
2           1            2.136451e+00  2.121379e+00  2.103495e+00  2.082367e+00  2.057547e+00  2.028602e+00  1.995160e+00  1.956983e+00  1.914075e+00  1.866834e+00  1.816278e+00  1.764336e+00  1.714258e+00  1.669478e+00  1.630128e+00  1.594465e+00  1.559101e+00  1.523043e+00  1.487831e+00  1.454822e+00  1.423756e+00  1.394310e+00  1.366904e+00  1.341987e+00  1.319910e+00  1.300827e+00  1.284695e+00  1.271493e+00  1.261344e+00  1.254277e+00  1.250130e+00  1.248301e+00  1.247996e+00  1.249052e+00  1.251908e+00  1.256007e+00  1.260065e+00  1.262920e+00  1.263617e+00  1.261442e+00  1.256001e+00  1.247789e+00  1.237699e+00  1.226481e+00  1.214743e+00  1.202955e+00  1.191267e+00  1.178266e+00  1.162494e+00  1.143306e+00  1.120638e+00  1.094808e+00  1.066286e+00  1.035250e+00  1.002003e+00  9.670674e-01  9.310603e-01  8.946064e-01  8.580729e-01  8.208962e-01
3           0            2.759279e-01  2.760423e-01  2.761794e-01  2.763427e-01  2.765356e-01  2.767613e-01  2.770219e-01  2.773179e-01  2.776472e-01  2.780032e-01  2.783726e-01  2.787321e-01  2.790449e-01  2.792856e-01  2.795130e-01  2.798499e-01  2.804711e-01  2.813403e-01  2.821732e-01  2.827271e-01  2.831343e-01  2.835726e-01  2.841230e-01  2.848812e-01  2.859416e-01  2.872217e-01  2.885274e-01  2.897912e-01  2.911769e-01  2.928981e-01  2.951222e-01  2.976756e-01  3.002530e-01  3.023891e-01  3.035313e-01  3.039241e-01  3.043932e-01  3.056836e-01  3.084033e-01  3.130006e-01  3.196571e-01  3.273659e-01  3.347033e-01  3.406434e-01  3.445298e-01  3.460194e-01  3.450390e-01  3.418489e-01  3.368355e-01  3.303779e-01  3.228318e-01  3.145194e-01  3.056811e-01  2.962847e-01  2.863134e-01  2.758571e-01  2.650622e-01  2.540966e-01  2.430770e-01  2.319022e-01
3           1            7.916528e-01  7.922154e-01  7.928391e-01  7.935302e-01  7.942953e-01  7.951419e-01  7.960785e-01  7.971149e-01  7.982627e-01  7.995356e-01  8.009507e-01  8.025295e-01  8.042991e-01  8.062946e-01  8.085597e-01  8.111509e-01  8.141468e-01  8.177180e-01  8.221472e-01  8.276897e-01  8.343618e-01  8.422106e-01  8.514757e-01  8.624576e-01  8.754470e-01  8.904026e-01  9.070576e-01  9.251545e-01  9.445239e-01  9.649492e-01  9.861685e-01  1.007907e+00  1.029861e+00  1.051434e+00  1.071807e+00  1.090909e+00  1.109236e+00  1.127249e+00  1.145331e+00  1.163770e+00  1.182704e+00  1.201670e+00  1.219982e+00  1.237133e+00  1.252785e+00  1.266742e+00  1.278943e+00  1.289514e+00  1.298642e+00  1.306506e+00  1.313268e+00  1.319073e+00  1.324162e+00  1.329344e+00  1.335271e+00  1.342211e+00  1.350188e+00  1.359080e+00  1.368786e+00  1.379550e+00
3           2            4.703665e-01  4.705505e-01  4.707661e-01  4.710178e-01  4.713101e-01  4.716470e-01  4.720317e-01  4.724655e-01  4.729467e-01  4.734685e-01  4.740168e-01  4.745663e-01  4.750761e-01  4.755249e-01  4.760063e-01  4.767055e-01  4.778861e-01  4.795593e-01  4.814407e-01  4.833939e-01  4.859800e-01  4.897041e-01  4.945185e-01  5.002128e-01  5.065115e-01  5.134793e-01  5.213614e-01  5.302038e-01  5.397110e-01  5.494880e-01  5.591824e-01  5.689321e-01  5.790173e-01  5.890796e-01  5.981617e-01  6.060855e-01  6.132892e-01  6.201915e-01  6.271508e-01  6.344502e-01  6.422494e-01  6.502019e-01  6.577726e-01  6.645750e-01  6.703615e-01  6.750030e-01  6.784744e-01  6.808899e-01  6.824122e-01  6.831952e-01  6.833797e-01  6.830916e-01  6.824497e-01  6.816042e-01  6.806787e-01  6.797533e-01  6.788767e-01  6.780760e-01  6.774077e-01  6.771006e-01
4           0            1.364951e-01  1.365358e-01  1.365913e-01  1.366643e-01  1.367573e-01  1.368728e-01  1.370118e-01  1.371742e-01  1.373566e-01  1.375513e-01  1.377437e-01  1.379094e-01  1.380095e-01  1.380144e-01  1.379676e-01  1.379681e-01  1.381636e-01  1.385858e-01  1.391325e-01  1.396770e-01  1.401416e-01  1.404829e-01  1.407353e-01  1.409669e-01  1.412672e-01  1.416856e-01  1.422543e-01  1.429916e-01  1.438922e-01  1.449423e-01  1.461170e-01  1.473628e-01  1.486091e-01  1.496771e-01  1.503104e-01  1.506293e-01  1.510300e-01  1.518682e-01  1.534328e-01  1.559349e-01  1.594539e-01  1.634731e-01  1.672680e-01  1.703185e-01  1.722934e-01  1.730214e-01  1.724705e-01  1.707877e-01  1.681834e-01  1.648592e-01  1.610000e-01  1.567710e-01  1.522947e-01  1.475599e-01  1.425612e-01  1.373431e-01  1.319766e-01  1.265426e-01  1.210947e-01  1.155739e-01
4           1            3.378758e-01  3.380188e-01  3.381786e-01  3.383568e-01  3.385553e-01  3.387759e-01  3.390205e-01  3.392908e-01  3.395886e-01  3.399149e-01  3.402706e-01  3.406554e-01  3.410683e-01  3.415175e-01  3.420495e-01  3.427440e-01  3.437084e-01  3.449456e-01  3.463346e-01  3.478254e-01  3.496906e-01  3.522033e-01  3.554385e-01  3.594343e-01  3.641913e-01  3.695990e-01  3.754576e-01  3.816136e-01  3.880276e-01  3.946613e-01  4.014733e-01  4.084340e-01  4.155039e-01  4.223693e-01  4.284823e-01  4.338117e-01  4.387216e-01  4.435526e-01  4.485921e-01  4.540624e-01  4.600760e-01  4.662709e-01  4.721148e-01  4.772265e-01  4.813650e-01  4.844078e-01  4.863405e-01  4.873157e-01  4.875323e-01  4.871624e-01  4.863519e-01  4.852224e-01  4.838739e-01  4.823875e-01  4.808277e-01  4.792442e-01  4.776749e-01  4.761476e-01  4.747086e-01  4.735052e-01
4           2            3.139194e-01  3.140849e-01  3.142574e-01  3.144365e-01  3.146219e-01  3.148144e-01  3.150161e-01  3.152318e-01  3.154701e-01  3.157458e-01  3.160828e-01  3.165180e-01  3.171066e-01  3.178916e-01  3.188161e-01  3.197481e-01  3.205007e-01  3.212000e-01  3.223432e-01  3.243314e-01  3.268854e-01  3.297138e-01  3.328749e-01  3.364898e-01  3.407071e-01  3.456683e-01  3.515158e-01  3.582624e-01  3.657085e-01  3.735811e-01  3.816118e-01  3.897808e-01  3.981420e-01  4.065678e-01  4.147591e-01  4.226125e-01  4.301827e-01  4.375239e-01  4.446816e-01  4.516896e-01  4.585656e-01  4.652789e-01  4.717783e-01  4.780210e-01  4.839735e-01  4.896113e-01  4.949291e-01  5.000119e-01  5.049486e-01  5.097843e-01  5.145327e-01  5.191873e-01  5.237558e-01  5.283795e-01  5.331652e-01  5.381341e-01  5.432555e-01  5.484715e-01  5.537860e-01  5.594964e-01
4           3            3.234634e-01  3.234253e-01  3.233741e-01  3.233072e-01  3.232221e-01  3.231166e-01  3.229891e-01  3.228393e-01  3.226688e-01  3.224831e-01  3.222928e-01  3.221163e-01  3.219833e-01  3.219234e-01  3.219320e-01  3.219831e-01  3.220297e-01  3.220366e-01  3.219796e-01  3.219141e-01  3.221231e-01  3.228516e-01  3.240912e-01  3.257604e-01  3.277604e-01  3.302248e-01  3.334215e-01  3.374847e-01  3.423052e-01  3.477097e-01  3.535189e-01  3.597101e-01  3.662998e-01  3.731566e-01  3.800087e-01  3.866874e-01  3.931155e-01  3.992286e-01  4.049748e-01  4.103162e-01  4.152109e-01  4.194426e-01  4.227576e-01  4.250072e-01  4.261355e-01  4.261615e-01  4.251177e-01  4.227584e-01  4.188697e-01  4.134383e-01  4.065879e-01  3.985258e-01  3.894600e-01  3.793862e-01  3.683459e-01  3.564995e-01  3.440668e-01  3.312862e-01  3.183111e-01  3.049600e-01

