# pyathena.photchem atomic data : OIII
# CHIANTI source : ion o_3
# Levels kept    : lowest 5 of CHIANTI (padded to 5 if smaller)
# T grid         : 60 log-spaced points, 1e+03 K -> 1e+06 K
# Generated by   : pyathena/photchem/data/build_chianti_tables.py
#
# Indices below are 0-based pyathena indices (level 0 = ground).
# CHIANTI level numbers are 1-based and shown for cross-reference.
#
LEVELS N=5
# idx  chianti_lvl  conf            term       j     g    E_erg            E_K
0     1            2s2 2p2         3P0        0.0   1     0.000000e+00   0.000000e+00
1     2            2s2 2p2         3P1        1.0   3     2.248152e-14   1.628330e+02
2     3            2s2 2p2         3P2        2.0   5     6.081132e-14   4.404546e+02
3     4            2s2 2p2         1D2        2.0   5     4.026277e-12   2.916221e+04
4     5            2s2 2p2         1S0        0.0   1     8.576680e-12   6.212064e+04

A_COEFFS N=8
# upper_idx  lower_idx   A [s^-1]
1           0            2.597000e-05
2           1            9.632000e-05
3           0            2.322000e-06
3           1            6.951000e-03
3           2            2.029000e-02
4           1            2.255000e-01
4           2            6.998000e-04
4           3            1.685000e+00

T_GRID N=60
 1.000000e+03
 1.124210e+03
 1.263848e+03
 1.420831e+03
 1.597312e+03
 1.795714e+03
 2.018760e+03
 2.269511e+03
 2.551407e+03
 2.868317e+03
 3.224591e+03
 3.625117e+03
 4.075393e+03
 4.581598e+03
 5.150678e+03
 5.790444e+03
 6.509675e+03
 7.318242e+03
 8.227241e+03
 9.249147e+03
 1.039798e+04
 1.168952e+04
 1.314147e+04
 1.477378e+04
 1.660883e+04
 1.867181e+04
 2.099104e+04
 2.359833e+04
 2.652948e+04
 2.982471e+04
 3.352924e+04
 3.769391e+04
 4.237587e+04
 4.763938e+04
 5.355667e+04
 6.020894e+04
 6.768750e+04
 7.609497e+04
 8.554673e+04
 9.617249e+04
 1.081181e+05
 1.215474e+05
 1.366448e+05
 1.536175e+05
 1.726983e+05
 1.941492e+05
 2.182645e+05
 2.453751e+05
 2.758532e+05
 3.101169e+05
 3.486365e+05
 3.919407e+05
 4.406236e+05
 4.953535e+05
 5.568814e+05
 6.260517e+05
 7.038136e+05
 7.912343e+05
 8.895135e+05
 1.000000e+06

UPSILON_E N_trans=10
# upper_idx  lower_idx   upsilon(T_GRID[0]..T_GRID[N-1])
1           0            5.199939e-01  5.184324e-01  5.169527e-01  5.157762e-01  5.149542e-01  5.144266e-01  5.139409e-01  5.133207e-01  5.129963e-01  5.133680e-01  5.141377e-01  5.150294e-01  5.163039e-01  5.181899e-01  5.206006e-01  5.234923e-01  5.270134e-01  5.310863e-01  5.352230e-01  5.392411e-01  5.434493e-01  5.476762e-01  5.511399e-01  5.536882e-01  5.558496e-01  5.578967e-01  5.598131e-01  5.610058e-01  5.605699e-01  5.590745e-01  5.579856e-01  5.582192e-01  5.602269e-01  5.641077e-01  5.692004e-01  5.745103e-01  5.794160e-01  5.835822e-01  5.868664e-01  5.892023e-01  5.899240e-01  5.883218e-01  5.842315e-01  5.778233e-01  5.694431e-01  5.594601e-01  5.477334e-01  5.341116e-01  5.187829e-01  5.021091e-01  4.845144e-01  4.664194e-01  4.482045e-01  4.300823e-01  4.116312e-01  3.925690e-01  3.729418e-01  3.529608e-01  3.329009e-01  3.130779e-01
2           0            2.310041e-01  2.319480e-01  2.330401e-01  2.341398e-01  2.350529e-01  2.356247e-01  2.360472e-01  2.365557e-01  2.370615e-01  2.374981e-01  2.381384e-01  2.391521e-01  2.401900e-01  2.410881e-01  2.423626e-01  2.443215e-01  2.466353e-01  2.491023e-01  2.518792e-01  2.549510e-01  2.580131e-01  2.610104e-01  2.642135e-01  2.677475e-01  2.715551e-01  2.752398e-01  2.781817e-01  2.810037e-01  2.851572e-01  2.908159e-01  2.972865e-01  3.040357e-01  3.106969e-01  3.170294e-01  3.228314e-01  3.279498e-01  3.323266e-01  3.359693e-01  3.389252e-01  3.412348e-01  3.425452e-01  3.424553e-01  3.408751e-01  3.379056e-01  3.337486e-01  3.286254e-01  3.225343e-01  3.154654e-01  3.075514e-01  2.989937e-01  2.900134e-01  2.808226e-01  2.716095e-01  2.625281e-01  2.536820e-01  2.451508e-01  2.369990e-01  2.292745e-01  2.220091e-01  2.152277e-01
2           1            1.122031e+00  1.128403e+00  1.134191e+00  1.139105e+00  1.143275e+00  1.146988e+00  1.150336e+00  1.153414e+00  1.156405e+00  1.159648e+00  1.163800e+00  1.169226e+00  1.175206e+00  1.181410e+00  1.188942e+00  1.198389e+00  1.208855e+00  1.219816e+00  1.231707e+00  1.244475e+00  1.257246e+00  1.269504e+00  1.281250e+00  1.292504e+00  1.303263e+00  1.313499e+00  1.323179e+00  1.332711e+00  1.342798e+00  1.354164e+00  1.367445e+00  1.382860e+00  1.400324e+00  1.419512e+00  1.439075e+00  1.457278e+00  1.473134e+00  1.486213e+00  1.496446e+00  1.503866e+00  1.506917e+00  1.503887e+00  1.494416e+00  1.478974e+00  1.458462e+00  1.433849e+00  1.405028e+00  1.371849e+00  1.334862e+00  1.294958e+00  1.253135e+00  1.210360e+00  1.167495e+00  1.125104e+00  1.082769e+00  1.040224e+00  9.976406e-01  9.553892e-01  9.139041e-01  8.736762e-01
3           0            2.369922e-01  2.354964e-01  2.339437e-01  2.324073e-01  2.308932e-01  2.293796e-01  2.278339e-01  2.262602e-01  2.248218e-01  2.236895e-01  2.228863e-01  2.225567e-01  2.232534e-01  2.251819e-01  2.275423e-01  2.299037e-01  2.329166e-01  2.368976e-01  2.413736e-01  2.459619e-01  2.505349e-01  2.550846e-01  2.597140e-01  2.643449e-01  2.687058e-01  2.724017e-01  2.750130e-01  2.777130e-01  2.826659e-01  2.895524e-01  2.964668e-01  3.021507e-01  3.059162e-01  3.075004e-01  3.072422e-01  3.057758e-01  3.035742e-01  3.009717e-01  2.981995e-01  2.953889e-01  2.922840e-01  2.885493e-01  2.840810e-01  2.789198e-01  2.731834e-01  2.669991e-01  2.602547e-01  2.528371e-01  2.447987e-01  2.362784e-01  2.274494e-01  2.184872e-01  2.095523e-01  2.007303e-01  1.918171e-01  1.826748e-01  1.733180e-01  1.638378e-01  1.543556e-01  1.450121e-01
3           1            7.129961e-01  7.091996e-01  7.048578e-01  7.003720e-01  6.956764e-01  6.906304e-01  6.854852e-01  6.806453e-01  6.765166e-01  6.734938e-01  6.718262e-01  6.717440e-01  6.735080e-01  6.773867e-01  6.836687e-01  6.923660e-01  7.029619e-01  7.149451e-01  7.279671e-01  7.416702e-01  7.556700e-01  7.695126e-01  7.826814e-01  7.953135e-01  8.081627e-01  8.199632e-01  8.279142e-01  8.353765e-01  8.498083e-01  8.705460e-01  8.916138e-01  9.090375e-01  9.206298e-01  9.255355e-01  9.247885e-01  9.203634e-01  9.137262e-01  9.059072e-01  8.976130e-01  8.892390e-01  8.799661e-01  8.687182e-01  8.551540e-01  8.393913e-01  8.217939e-01  8.027695e-01  7.820751e-01  7.594573e-01  7.351104e-01  7.094586e-01  6.830117e-01  6.562784e-01  6.297181e-01  6.035604e-01  5.771242e-01  5.499401e-01  5.220274e-01  4.936557e-01  4.651957e-01  4.370806e-01
3           2            1.196988e+00  1.190938e+00  1.183748e+00  1.175758e+00  1.167441e+00  1.159269e+00  1.151165e+00  1.143146e+00  1.136192e+00  1.131335e+00  1.128716e+00  1.128584e+00  1.132028e+00  1.139696e+00  1.150822e+00  1.164795e+00  1.181858e+00  1.201826e+00  1.223654e+00  1.246475e+00  1.269829e+00  1.292954e+00  1.314715e+00  1.335381e+00  1.356579e+00  1.376382e+00  1.390118e+00  1.403001e+00  1.426825e+00  1.460614e+00  1.495050e+00  1.523922e+00  1.543797e+00  1.553294e+00  1.553633e+00  1.547365e+00  1.536533e+00  1.522708e+00  1.507077e+00  1.490437e+00  1.472069e+00  1.450907e+00  1.426744e+00  1.399895e+00  1.370939e+00  1.340424e+00  1.307515e+00  1.271363e+00  1.232061e+00  1.190221e+00  1.146671e+00  1.102284e+00  1.057874e+00  1.013883e+00  9.692641e-01  9.233112e-01  8.761081e-01  8.281379e-01  7.800404e-01  7.325630e-01
4           0            2.999997e-02  3.007517e-02  2.998996e-02  2.950519e-02  2.897576e-02  2.887839e-02  2.901112e-02  2.903254e-02  2.899816e-02  2.901283e-02  2.898682e-02  2.890117e-02  2.907406e-02  2.963445e-02  3.005131e-02  3.002948e-02  3.003555e-02  3.045069e-02  3.129673e-02  3.237765e-02  3.323894e-02  3.373888e-02  3.416388e-02  3.466925e-02  3.522745e-02  3.575722e-02  3.615259e-02  3.659875e-02  3.748212e-02  3.876173e-02  4.010853e-02  4.129393e-02  4.218318e-02  4.271417e-02  4.292371e-02  4.290106e-02  4.271722e-02  4.242610e-02  4.206807e-02  4.167038e-02  4.121681e-02  4.067981e-02  4.005447e-02  3.934989e-02  3.858234e-02  3.776546e-02  3.685917e-02  3.582422e-02  3.465871e-02  3.338175e-02  3.202212e-02  3.061132e-02  2.917953e-02  2.775002e-02  2.632280e-02  2.489930e-02  2.348917e-02  2.210526e-02  2.076050e-02  1.946358e-02
4           1            8.900007e-02  8.912597e-02  8.898860e-02  8.847455e-02  8.798206e-02  8.796202e-02  8.798076e-02  8.750944e-02  8.694342e-02  8.680474e-02  8.706496e-02  8.755881e-02  8.810426e-02  8.859305e-02  8.914373e-02  8.998438e-02  9.147876e-02  9.358724e-02  9.551584e-02  9.697952e-02  9.859502e-02  1.006269e-01  1.027821e-01  1.048423e-01  1.067208e-01  1.083000e-01  1.094538e-01  1.107979e-01  1.134376e-01  1.172251e-01  1.211761e-01  1.246104e-01  1.271300e-01  1.285560e-01  1.290278e-01  1.288512e-01  1.282588e-01  1.274179e-01  1.264466e-01  1.254153e-01  1.242131e-01  1.226849e-01  1.207828e-01  1.185265e-01  1.159723e-01  1.131825e-01  1.101153e-01  1.067286e-01  1.030515e-01  9.915029e-02  9.510562e-02  9.099859e-02  8.690302e-02  8.286287e-02  7.881333e-02  7.471157e-02  7.056823e-02  6.642024e-02  6.231414e-02  5.829442e-02
4           2            1.499994e-01  1.495903e-01  1.489766e-01  1.483678e-01  1.479871e-01  1.479789e-01  1.479845e-01  1.475801e-01  1.469056e-01  1.462732e-01  1.459917e-01  1.463101e-01  1.472271e-01  1.486565e-01  1.504409e-01  1.524366e-01  1.545800e-01  1.569731e-01  1.599942e-01  1.636071e-01  1.671104e-01  1.701770e-01  1.730441e-01  1.760200e-01  1.794123e-01  1.826924e-01  1.846614e-01  1.863136e-01  1.902051e-01  1.963404e-01  2.029811e-01  2.089078e-01  2.133945e-01  2.160973e-01  2.171833e-01  2.170914e-01  2.161737e-01  2.146996e-01  2.128726e-01  2.108288e-01  2.084435e-01  2.055266e-01  2.020365e-01  1.980235e-01  1.935863e-01  1.888256e-01  1.836778e-01  1.780813e-01  1.720812e-01  1.657776e-01  1.592916e-01  1.527441e-01  1.462450e-01  1.398426e-01  1.333215e-01  1.265270e-01  1.194533e-01  1.121726e-01  1.047904e-01  9.745440e-02
4           3            3.900032e-01  3.908905e-01  3.920539e-01  3.942119e-01  3.972237e-01  4.008185e-01  4.055717e-01  4.122719e-01  4.213552e-01  4.331162e-01  4.476306e-01  4.647572e-01  4.839834e-01  5.046375e-01  5.259596e-01  5.471168e-01  5.672191e-01  5.852535e-01  6.000285e-01  6.111837e-01  6.195301e-01  6.251910e-01  6.273481e-01  6.263812e-01  6.238998e-01  6.197479e-01  6.123323e-01  6.043899e-01  6.015283e-01  6.040470e-01  6.087080e-01  6.132385e-01  6.162722e-01  6.171324e-01  6.161730e-01  6.142662e-01  6.120080e-01  6.097693e-01  6.077633e-01  6.060702e-01  6.043412e-01  6.021386e-01  5.992807e-01  5.957505e-01  5.916238e-01  5.870121e-01  5.819407e-01  5.764353e-01  5.705850e-01  5.645068e-01  5.583215e-01  5.521411e-01  5.460621e-01  5.402747e-01  5.355350e-01  5.323783e-01  5.309345e-01  5.311035e-01  5.326699e-01  5.353457e-01

