# pyathena.photchem atomic data : SI
# CHIANTI source : ion s_1
# Levels kept    : lowest 5 of CHIANTI (padded to 5 if smaller)
# T grid         : 80 log-spaced points, 100 K -> 1e+06 K
# Generated by   : pyathena/photchem/data/build_chianti_tables.py
#
# Indices below are 0-based pyathena indices (level 0 = ground).
# CHIANTI level numbers are 1-based and shown for cross-reference.
#
LEVELS N=5
# idx  chianti_lvl  conf            term       j     g    E_erg            E_K
0     1            3s2.3p4         3P2        2.0   5     0.000000e+00   0.000000e+00
1     2            3s2.3p4         3P1        1.0   3     7.866546e-14   5.697716e+02
2     3            3s2.3p4         3P0        0.0   1     1.139170e-13   8.250972e+02
3     4            3s2.3p4         1D2        2.0   5     1.834786e-12   1.328930e+04
4     5            3s2.3p4         1S0        0.0   1     4.404948e-12   3.190491e+04

A_COEFFS N=9
# upper_idx  lower_idx   A [s^-1]
1           0            1.025000e-03
2           0            4.126000e-08
2           1            2.126000e-04
3           0            2.509000e-02
3           1            7.456000e-03
3           2            3.823000e-06
4           0            5.082000e-03
4           1            3.071000e-01
4           3            1.216000e+00

T_GRID N=80
 1.000000e+02
 1.123655e+02
 1.262600e+02
 1.418727e+02
 1.594159e+02
 1.791284e+02
 2.012785e+02
 2.261676e+02
 2.541343e+02
 2.855592e+02
 3.208700e+02
 3.605471e+02
 4.051305e+02
 4.552268e+02
 5.115178e+02
 5.747694e+02
 6.458424e+02
 7.257040e+02
 8.154407e+02
 9.162739e+02
 1.029576e+03
 1.156888e+03
 1.299942e+03
 1.460686e+03
 1.641307e+03
 1.844263e+03
 2.072315e+03
 2.328566e+03
 2.616505e+03
 2.940048e+03
 3.303599e+03
 3.712105e+03
 4.171125e+03
 4.686904e+03
 5.266462e+03
 5.917686e+03
 6.649436e+03
 7.471671e+03
 8.395579e+03
 9.433732e+03
 1.060026e+04
 1.191103e+04
 1.338389e+04
 1.503887e+04
 1.689850e+04
 1.898808e+04
 2.133605e+04
 2.397435e+04
 2.693889e+04
 3.027002e+04
 3.401305e+04
 3.821893e+04
 4.294488e+04
 4.825522e+04
 5.422221e+04
 6.092705e+04
 6.846097e+04
 7.692650e+04
 8.643883e+04
 9.712740e+04
 1.091377e+05
 1.226331e+05
 1.377972e+05
 1.548365e+05
 1.739828e+05
 1.954966e+05
 2.196707e+05
 2.468340e+05
 2.773563e+05
 3.116527e+05
 3.501900e+05
 3.934927e+05
 4.421500e+05
 4.968240e+05
 5.582586e+05
 6.272900e+05
 7.048574e+05
 7.920164e+05
 8.899530e+05
 1.000000e+06

UPSILON_E N_trans=10
# upper_idx  lower_idx   upsilon(T_GRID[0]..T_GRID[N-1])
1           0            0.000000e+00  0.000000e+00  0.000000e+00  0.000000e+00  5.505887e-05  1.787181e-04  3.458692e-04  5.682972e-04  8.605328e-04  1.240379e-03  1.729494e-03  2.354024e-03  3.145248e-03  4.140194e-03  5.382163e-03  6.921028e-03  8.813175e-03  1.112085e-02  1.391057e-02  1.725031e-02  2.120474e-02  2.582805e-02  3.115346e-02  3.717847e-02  4.384497e-02  5.101301e-02  5.842744e-02  6.567678e-02  7.216955e-02  7.855204e-02  8.827452e-02  1.027324e-01  1.177213e-01  1.309811e-01  1.456647e-01  1.640788e-01  1.859048e-01  2.103838e-01  2.365703e-01  2.658766e-01  3.026107e-01  3.482821e-01  4.009784e-01  4.583712e-01  5.179930e-01  5.773860e-01  6.346885e-01  6.952874e-01  7.691278e-01  8.640516e-01  9.840366e-01  1.113780e+00  1.230757e+00  1.327748e+00  1.407151e+00  1.484396e+00  1.575155e+00  1.673153e+00  1.765650e+00  1.844739e+00  1.906701e+00  1.953613e+00  1.989082e+00  2.015904e+00  2.036220e+00  2.051651e+00  2.062241e+00  2.061355e+00  2.043897e+00  2.008714e+00  1.958341e+00  1.902482e+00  1.849130e+00  1.802534e+00  1.764535e+00  1.735492e+00  1.714903e+00  1.701816e+00  1.695089e+00  1.693560e+00
2           0            1.224157e-03  1.330465e-03  1.448705e-03  1.580053e-03  1.725765e-03  1.887162e-03  2.065630e-03  2.262601e-03  2.479538e-03  2.717915e-03  2.979183e-03  3.264744e-03  3.575913e-03  3.913879e-03  4.279671e-03  4.674135e-03  5.097924e-03  5.551529e-03  6.035357e-03  6.549895e-03  7.095989e-03  7.675289e-03  8.290915e-03  8.948402e-03  9.657015e-03  1.043149e-02  1.129431e-02  1.227845e-02  1.343159e-02  1.486359e-02  1.679657e-02  1.931469e-02  2.215738e-02  2.515830e-02  2.844638e-02  3.212016e-02  3.617042e-02  4.056639e-02  4.527843e-02  5.072348e-02  5.784553e-02  6.696867e-02  7.766888e-02  8.942986e-02  1.017038e-01  1.139449e-01  1.257404e-01  1.382900e-01  1.538041e-01  1.740258e-01  1.998692e-01  2.283388e-01  2.549089e-01  2.776008e-01  2.963139e-01  3.147930e-01  3.371127e-01  3.620951e-01  3.869140e-01  4.097285e-01  4.295625e-01  4.466239e-01  4.614579e-01  4.744813e-01  4.860106e-01  4.962867e-01  5.052952e-01  5.119152e-01  5.152932e-01  5.152426e-01  5.121626e-01  5.074915e-01  5.024457e-01  4.977247e-01  4.936889e-01  4.904832e-01  4.881217e-01  4.865439e-01  4.856522e-01  4.853348e-01
2           1            0.000000e+00  0.000000e+00  0.000000e+00  0.000000e+00  0.000000e+00  0.000000e+00  0.000000e+00  0.000000e+00  0.000000e+00  0.000000e+00  0.000000e+00  0.000000e+00  5.903894e-04  2.973991e-03  6.145882e-03  1.029036e-02  1.562191e-02  2.238579e-02  3.085633e-02  4.133188e-02  5.412477e-02  6.954436e-02  8.787078e-02  1.093165e-01  1.339724e-01  1.617358e-01  1.922158e-01  2.246158e-01  2.578391e-01  3.048420e-01  4.083813e-01  5.886284e-01  8.037359e-01  1.028555e+00  1.289118e+00  1.600437e+00  1.948905e+00  2.313437e+00  2.667714e+00  2.994146e+00  3.288431e+00  3.547056e+00  3.766703e+00  3.945041e+00  4.080851e+00  4.174057e+00  4.225466e+00  4.233196e+00  4.194013e+00  4.106732e+00  3.973475e+00  3.813401e+00  3.652066e+00  3.505003e+00  3.378206e+00  3.250785e+00  3.097796e+00  2.923058e+00  2.740349e+00  2.559471e+00  2.386959e+00  2.226992e+00  2.081860e+00  1.952405e+00  1.838479e+00  1.739300e+00  1.652095e+00  1.565197e+00  1.469304e+00  1.360775e+00  1.241456e+00  1.124062e+00  1.018876e+00  9.307406e-01  8.610767e-01  8.092722e-01  7.736051e-01  7.518435e-01  7.416214e-01  7.406611e-01
3           0            0.000000e+00  0.000000e+00  0.000000e+00  0.000000e+00  0.000000e+00  0.000000e+00  0.000000e+00  0.000000e+00  2.447710e-04  5.819184e-04  1.030819e-03  1.619562e-03  2.381891e-03  3.357897e-03  4.594619e-03  6.146407e-03  8.074900e-03  1.044834e-02  1.333993e-02  1.682472e-02  2.097455e-02  2.585017e-02  3.148987e-02  3.789330e-02  4.499973e-02  5.265932e-02  6.059648e-02  6.836476e-02  7.532026e-02  8.215346e-02  9.258433e-02  1.080936e-01  1.240660e-01  1.378814e-01  1.526131e-01  1.704654e-01  1.909406e-01  2.130781e-01  2.357032e-01  2.595963e-01  2.879826e-01  3.220296e-01  3.603612e-01  4.013190e-01  4.431648e-01  4.841855e-01  5.231713e-01  5.650859e-01  6.187539e-01  6.911442e-01  7.860070e-01  8.923506e-01  9.932713e-01  1.080907e+00  1.154383e+00  1.228604e+00  1.319629e+00  1.419504e+00  1.513404e+00  1.592158e+00  1.651389e+00  1.692833e+00  1.720070e+00  1.736133e+00  1.743551e+00  1.744406e+00  1.738990e+00  1.719707e+00  1.680774e+00  1.621069e+00  1.543960e+00  1.461972e+00  1.385299e+00  1.319213e+00  1.265842e+00  1.225389e+00  1.196960e+00  1.179103e+00  1.170151e+00  1.168436e+00
3           1            0.000000e+00  0.000000e+00  0.000000e+00  0.000000e+00  0.000000e+00  0.000000e+00  0.000000e+00  7.040077e-05  2.270490e-04  4.374249e-04  7.154197e-04  1.077863e-03  1.544955e-03  2.140678e-03  2.893156e-03  3.834862e-03  5.002604e-03  6.437114e-03  8.182051e-03  1.028216e-02  1.278022e-02  1.571239e-02  1.910131e-02  2.294661e-02  2.721181e-02  3.180721e-02  3.656810e-02  4.122782e-02  4.540223e-02  4.950689e-02  5.576223e-02  6.505973e-02  7.469287e-02  8.309978e-02  9.199321e-02  1.026190e-01  1.147442e-01  1.278940e-01  1.414854e-01  1.559564e-01  1.730106e-01  1.932437e-01  2.158955e-01  2.400517e-01  2.647526e-01  2.890509e-01  3.122840e-01  3.373104e-01  3.691701e-01  4.118366e-01  4.674343e-01  5.296626e-01  5.888581e-01  6.403598e-01  6.834981e-01  7.271433e-01  7.808690e-01  8.399232e-01  8.954896e-01  9.421130e-01  9.771913e-01  1.001779e+00  1.018018e+00  1.027713e+00  1.032358e+00  1.033176e+00  1.030332e+00  1.019356e+00  9.968598e-01  9.621818e-01  9.172985e-01  8.695403e-01  8.248617e-01  7.863445e-01  7.552335e-01  7.316508e-01  7.150767e-01  7.046657e-01  6.994470e-01  6.984478e-01
3           2            1.288839e-03  1.427520e-03  1.578186e-03  1.741073e-03  1.916162e-03  2.103094e-03  2.301061e-03  2.508678e-03  2.723833e-03  2.943518e-03  3.163636e-03  3.378798e-03  3.582120e-03  3.765040e-03  3.917181e-03  4.026316e-03  4.078497e-03  4.058445e-03  3.950329e-03  3.739108e-03  3.412659e-03  2.964966e-03  2.400704e-03  1.741608e-03  1.035046e-03  3.652224e-04  0.000000e+00  0.000000e+00  2.836649e-04  1.404287e-03  2.168713e-03  2.094361e-03  2.067255e-03  2.620400e-03  3.211754e-03  3.475734e-03  3.571265e-03  3.757487e-03  4.348239e-03  5.396692e-03  6.609975e-03  7.814912e-03  9.005149e-03  1.018263e-02  1.134971e-02  1.250868e-02  1.370634e-02  1.570008e-02  1.967402e-02  2.655243e-02  3.688274e-02  4.998950e-02  6.454429e-02  7.876629e-02  9.132161e-02  1.050283e-01  1.233416e-01  1.448888e-01  1.668126e-01  1.872295e-01  2.050658e-01  2.200948e-01  2.324619e-01  2.423995e-01  2.501850e-01  2.561104e-01  2.602802e-01  2.617978e-01  2.600134e-01  2.548839e-01  2.469431e-01  2.378988e-01  2.291492e-01  2.214476e-01  2.151317e-01  2.102814e-01  2.068258e-01  2.046146e-01  2.034626e-01  2.031787e-01
4           0            1.959031e-05  0.000000e+00  0.000000e+00  0.000000e+00  0.000000e+00  0.000000e+00  0.000000e+00  0.000000e+00  0.000000e+00  0.000000e+00  0.000000e+00  0.000000e+00  0.000000e+00  0.000000e+00  0.000000e+00  0.000000e+00  0.000000e+00  0.000000e+00  0.000000e+00  0.000000e+00  5.894617e-04  1.395868e-03  2.372089e-03  3.509243e-03  4.776965e-03  6.113472e-03  7.412895e-03  8.509658e-03  9.167762e-03  9.516723e-03  1.053341e-02  1.264788e-02  1.475444e-02  1.620650e-02  1.769354e-02  1.970575e-02  2.211389e-02  2.468351e-02  2.713129e-02  2.958155e-02  3.267216e-02  3.667809e-02  4.141850e-02  4.666518e-02  5.217498e-02  5.770471e-02  6.306878e-02  6.878967e-02  7.583377e-02  8.496203e-02  9.658274e-02  1.095251e-01  1.219697e-01  1.328909e-01  1.419895e-01  1.509816e-01  1.617851e-01  1.734641e-01  1.842744e-01  1.931492e-01  1.995951e-01  2.038553e-01  2.063890e-01  2.075824e-01  2.077549e-01  2.071677e-01  2.058502e-01  2.028171e-01  1.973187e-01  1.892047e-01  1.789056e-01  1.680390e-01  1.579178e-01  1.492169e-01  1.422037e-01  1.368970e-01  1.331745e-01  1.308423e-01  1.296797e-01  1.294664e-01
4           1            0.000000e+00  0.000000e+00  0.000000e+00  3.557969e-06  1.056941e-05  2.004972e-05  3.267483e-05  4.928174e-05  7.090105e-05  9.879396e-05  1.344934e-04  1.798482e-04  2.370688e-04  3.087704e-04  3.980100e-04  5.083076e-04  6.436426e-04  8.084078e-04  1.007301e-03  1.245124e-03  1.526454e-03  1.855141e-03  2.233575e-03  2.661652e-03  3.135385e-03  3.645069e-03  4.172947e-03  4.690334e-03  5.155935e-03  5.613691e-03  6.301093e-03  7.325618e-03  8.430194e-03  9.435596e-03  1.042810e-02  1.150316e-02  1.271857e-02  1.414135e-02  1.584791e-02  1.787525e-02  2.020506e-02  2.280056e-02  2.560966e-02  2.857239e-02  3.162439e-02  3.470036e-02  3.775920e-02  4.110683e-02  4.526216e-02  5.062974e-02  5.743437e-02  6.520327e-02  7.311171e-02  8.010615e-02  8.539467e-02  9.029836e-02  9.652960e-02  1.035796e-01  1.102583e-01  1.158251e-01  1.199169e-01  1.226267e-01  1.241978e-01  1.248512e-01  1.247821e-01  1.241589e-01  1.230321e-01  1.209328e-01  1.175078e-01  1.127057e-01  1.067740e-01  1.005941e-01  9.487640e-02  8.998213e-02  8.604983e-02  8.308274e-02  8.100752e-02  7.971264e-02  7.907280e-02  7.896367e-02
4           2            0.000000e+00  0.000000e+00  0.000000e+00  0.000000e+00  0.000000e+00  0.000000e+00  0.000000e+00  0.000000e+00  0.000000e+00  0.000000e+00  0.000000e+00  0.000000e+00  0.000000e+00  0.000000e+00  0.000000e+00  0.000000e+00  0.000000e+00  0.000000e+00  0.000000e+00  0.000000e+00  0.000000e+00  0.000000e+00  0.000000e+00  0.000000e+00  0.000000e+00  0.000000e+00  2.417849e-07  4.623529e-07  0.000000e+00  0.000000e+00  2.241531e-06  6.528093e-06  0.000000e+00  0.000000e+00  5.673432e-05  2.938538e-04  6.106704e-04  9.014084e-04  1.038857e-03  1.019433e-03  1.000301e-03  1.066560e-03  1.207346e-03  1.404897e-03  1.639807e-03  1.892275e-03  2.151399e-03  2.534955e-03  3.239331e-03  4.418156e-03  6.155645e-03  8.248653e-03  1.037589e-02  1.238599e-02  1.425932e-02  1.629851e-02  1.881877e-02  2.158843e-02  2.422875e-02  2.650324e-02  2.829947e-02  2.968321e-02  3.076457e-02  3.162529e-02  3.232491e-02  3.290631e-02  3.336290e-02  3.347980e-02  3.309135e-02  3.215611e-02  3.074725e-02  2.915556e-02  2.762160e-02  2.627451e-02  2.517165e-02  2.432592e-02  2.372430e-02  2.334010e-02  2.314079e-02  2.309283e-02
4           3            2.249399e-02  2.491437e-02  2.754393e-02  3.038676e-02  3.344256e-02  3.670505e-02  4.016013e-02  4.378362e-02  4.753867e-02  5.137277e-02  5.521441e-02  5.896954e-02  6.251803e-02  6.571043e-02  6.836562e-02  7.027021e-02  7.118077e-02  7.083063e-02  6.894350e-02  6.525689e-02  5.955922e-02  5.174552e-02  4.189740e-02  3.039424e-02  1.806282e-02  6.372797e-03  0.000000e+00  0.000000e+00  4.967145e-03  2.542730e-02  4.318191e-02  4.946772e-02  5.260069e-02  5.919027e-02  6.767745e-02  7.659269e-02  8.602525e-02  9.622133e-02  1.074903e-01  1.205116e-01  1.363591e-01  1.552626e-01  1.764620e-01  1.990628e-01  2.221276e-01  2.447332e-01  2.662131e-01  2.890021e-01  3.174784e-01  3.551024e-01  4.037184e-01  4.576015e-01  5.080972e-01  5.521362e-01  5.903061e-01  6.290411e-01  6.752433e-01  7.287446e-01  7.866750e-01  8.467304e-01  9.070253e-01  9.653620e-01  1.019984e+00  1.069916e+00  1.114739e+00  1.154411e+00  1.190283e+00  1.230023e+00  1.279661e+00  1.341267e+00  1.413118e+00  1.486031e+00  1.552528e+00  1.608913e+00  1.653893e+00  1.687619e+00  1.711049e+00  1.725531e+00  1.732538e+00  1.733514e+00

UPSILON_P N_trans=0
# upper_idx  lower_idx   upsilon(T_GRID[0]..T_GRID[N-1])

