# pyathena.photchem atomic data : SII
# CHIANTI source : ion s_2
# Levels kept    : lowest 5 of CHIANTI (padded to 5 if smaller)
# T grid tier    : hot
# T grid         : 80 log-spaced points, 1e+03 K -> 1e+07 K
# Generated by   : pyathena/photchem/data/build_chianti_tables.py
#
# Indices below are 0-based pyathena indices (level 0 = ground).
# CHIANTI level numbers are 1-based and shown for cross-reference.
#
LEVELS N=5
# idx  chianti_lvl  conf            term       j     g    E_erg            E_K
0     1            3s2_3p3         4S1.5      1.5   4     0.000000e+00   0.000000e+00
1     2            3s2_3p3         2D1.5      1.5   4     2.949794e-12   2.136527e+04
2     3            3s2_3p3         2D2.5      2.5   6     2.956107e-12   2.141100e+04
3     4            3s2_3p3         2P0.5      0.5   2     4.870631e-12   3.527784e+04
4     5            3s2_3p3         2P1.5      1.5   4     4.879908e-12   3.534503e+04

A_COEFFS N=9
# upper_idx  lower_idx   A [s^-1]
1           0            6.320000e-04
2           0            2.195000e-04
2           1            1.710000e-07
3           0            7.640000e-02
3           1            1.474000e-01
3           2            7.160000e-02
4           0            1.900000e-01
4           1            1.165000e-01
4           2            1.605000e-01

T_GRID N=80
 1.000000e+03
 1.123655e+03
 1.262600e+03
 1.418727e+03
 1.594159e+03
 1.791284e+03
 2.012785e+03
 2.261676e+03
 2.541343e+03
 2.855592e+03
 3.208700e+03
 3.605471e+03
 4.051305e+03
 4.552268e+03
 5.115178e+03
 5.747694e+03
 6.458424e+03
 7.257040e+03
 8.154407e+03
 9.162739e+03
 1.029576e+04
 1.156888e+04
 1.299942e+04
 1.460686e+04
 1.641307e+04
 1.844263e+04
 2.072315e+04
 2.328566e+04
 2.616505e+04
 2.940048e+04
 3.303599e+04
 3.712105e+04
 4.171125e+04
 4.686904e+04
 5.266462e+04
 5.917686e+04
 6.649436e+04
 7.471671e+04
 8.395579e+04
 9.433732e+04
 1.060026e+05
 1.191103e+05
 1.338389e+05
 1.503887e+05
 1.689850e+05
 1.898808e+05
 2.133605e+05
 2.397435e+05
 2.693889e+05
 3.027002e+05
 3.401305e+05
 3.821893e+05
 4.294488e+05
 4.825522e+05
 5.422221e+05
 6.092705e+05
 6.846097e+05
 7.692650e+05
 8.643883e+05
 9.712740e+05
 1.091377e+06
 1.226331e+06
 1.377972e+06
 1.548365e+06
 1.739828e+06
 1.954966e+06
 2.196707e+06
 2.468340e+06
 2.773563e+06
 3.116527e+06
 3.501900e+06
 3.934927e+06
 4.421500e+06
 4.968240e+06
 5.582586e+06
 6.272900e+06
 7.048574e+06
 7.920164e+06
 8.899530e+06
 1.000000e+07

UPSILON_E N_trans=10
# upper_idx  lower_idx   upsilon(T_GRID[0]..T_GRID[N-1])
1           0            3.220976e+00  3.213374e+00  3.202044e+00  3.186357e+00  3.165703e+00  3.139531e+00  3.107418e+00  3.069134e+00  3.024730e+00  2.974630e+00  2.919722e+00  2.861437e+00  2.801819e+00  2.743546e+00  2.689923e+00  2.644810e+00  2.612489e+00  2.597405e+00  2.598052e+00  2.602426e+00  2.597022e+00  2.575062e+00  2.542786e+00  2.507618e+00  2.474681e+00  2.436207e+00  2.380869e+00  2.320868e+00  2.296447e+00  2.300444e+00  2.284797e+00  2.240616e+00  2.173278e+00  2.087861e+00  1.988994e+00  1.880785e+00  1.766797e+00  1.650041e+00  1.533002e+00  1.417673e+00  1.305608e+00  1.197970e+00  1.095587e+00  9.990096e-01  9.085538e-01  8.243511e-01  7.463864e-01  6.745324e-01  6.085789e-01  5.482567e-01  4.932577e-01  4.432502e-01  3.978917e-01  3.568383e-01  3.197519e-01  2.863054e-01  2.561864e-01  2.290996e-01  2.047682e-01  1.829345e-01  1.633601e-01  1.458256e-01  1.301298e-01  1.160889e-01  1.035357e-01  9.231809e-02  8.229865e-02  7.335294e-02  6.536876e-02  5.824501e-02  5.189077e-02  4.622433e-02  4.117238e-02  3.666917e-02  3.265581e-02  2.907957e-02  2.589329e-02  2.305481e-02  2.052643e-02  1.827450e-02
2           0            4.324708e+00  4.311469e+00  4.296850e+00  4.280751e+00  4.263078e+00  4.243747e+00  4.222688e+00  4.199852e+00  4.175216e+00  4.148792e+00  4.120630e+00  4.090827e+00  4.059528e+00  4.026932e+00  3.993290e+00  3.958900e+00  3.924105e+00  3.889280e+00  3.855074e+00  3.822579e+00  3.792903e+00  3.765761e+00  3.738302e+00  3.707639e+00  3.671591e+00  3.630589e+00  3.586100e+00  3.536017e+00  3.474053e+00  3.409528e+00  3.362445e+00  3.325174e+00  3.284058e+00  3.230442e+00  3.159709e+00  3.070308e+00  2.962880e+00  2.839511e+00  2.703122e+00  2.557010e+00  2.404509e+00  2.248761e+00  2.092573e+00  1.938346e+00  1.788047e+00  1.643221e+00  1.505020e+00  1.374247e+00  1.251404e+00  1.136747e+00  1.030323e+00  9.320232e-01  8.416167e-01  7.587825e-01  6.831383e-01  6.142622e-01  5.517106e-01  4.950328e-01  4.437808e-01  3.975183e-01  3.558257e-01  3.183043e-01  2.845789e-01  2.542989e-01  2.271391e-01  2.027991e-01  1.810030e-01  1.614984e-01  1.440550e-01  1.284634e-01  1.145338e-01  1.020942e-01  9.098967e-02  8.108014e-02  7.223971e-02  6.435515e-02  5.732478e-02  5.105739e-02  4.547122e-02  4.049307e-02
2           1            7.964135e+00  7.938027e+00  7.908987e+00  7.876779e+00  7.841177e+00  7.801981e+00  7.759025e+00  7.712200e+00  7.661465e+00  7.606875e+00  7.548590e+00  7.486901e+00  7.422238e+00  7.355176e+00  7.286438e+00  7.216880e+00  7.147468e+00  7.079241e+00  7.012804e+00  6.947940e+00  6.884250e+00  6.817416e+00  6.735968e+00  6.628912e+00  6.492261e+00  6.361837e+00  6.283731e+00  6.243789e+00  6.155579e+00  6.021145e+00  5.919232e+00  5.845544e+00  5.772437e+00  5.681870e+00  5.563632e+00  5.413510e+00  5.231629e+00  5.021028e+00  4.786498e+00  4.533689e+00  4.268451e+00  3.996383e+00  3.722549e+00  3.451316e+00  3.186299e+00  2.930362e+00  2.685665e+00  2.453739e+00  2.235569e+00  2.031685e+00  1.842241e+00  1.667096e+00  1.505883e+00  1.358068e+00  1.222999e+00  1.099948e+00  9.881428e-01  8.867930e-01  7.951113e-01  7.123277e-01  6.376997e-01  5.705208e-01  5.101246e-01  4.558875e-01  4.072306e-01  3.636184e-01  3.245589e-01  2.896014e-01  2.583347e-01  2.303846e-01  2.054115e-01  1.831083e-01  1.631971e-01  1.454277e-01  1.295744e-01  1.154346e-01  1.028261e-01  9.158556e-02  8.156643e-02  7.263754e-02
3           0            7.025484e-01  7.029088e-01  7.031191e-01  7.031455e-01  7.029549e-01  7.025175e-01  7.018108e-01  7.008232e-01  6.995593e-01  6.980457e-01  6.963358e-01  6.945151e-01  6.927046e-01  6.910632e-01  6.897860e-01  6.891006e-01  6.892591e-01  6.905252e-01  6.930283e-01  6.966525e-01  7.012255e-01  7.065484e-01  7.124072e-01  7.185864e-01  7.247019e-01  7.290607e-01  7.297555e-01  7.286818e-01  7.322461e-01  7.391442e-01  7.413264e-01  7.365715e-01  7.250946e-01  7.074555e-01  6.844418e-01  6.569709e-01  6.260087e-01  5.925062e-01  5.573545e-01  5.213543e-01  4.852000e-01  4.494728e-01  4.146427e-01  3.810747e-01  3.490395e-01  3.187246e-01  2.902472e-01  2.636662e-01  2.389930e-01  2.162022e-01  1.952402e-01  1.760327e-01  1.584912e-01  1.425181e-01  1.280107e-01  1.148648e-01  1.029765e-01  9.224489e-02  8.257279e-02  7.386788e-02  6.604322e-02  5.901760e-02  5.271564e-02  4.706774e-02  4.200995e-02  3.748374e-02  3.343572e-02  2.981735e-02  2.658458e-02  2.369758e-02  2.112034e-02  1.882041e-02  1.676858e-02  1.493857e-02  1.330680e-02  1.185211e-02  1.055551e-02  9.400028e-03  8.370457e-03  7.453199e-03
3           1            1.499947e+00  1.499946e+00  1.499945e+00  1.499945e+00  1.499946e+00  1.499948e+00  1.499951e+00  1.499955e+00  1.499960e+00  1.499966e+00  1.499973e+00  1.499981e+00  1.499989e+00  1.499996e+00  1.500001e+00  1.500004e+00  1.500003e+00  1.499998e+00  1.499991e+00  1.499990e+00  1.500006e+00  1.500034e+00  1.500047e+00  1.500016e+00  1.499932e+00  1.499906e+00  1.500078e+00  1.500220e+00  1.499701e+00  1.499722e+00  1.502220e+00  1.502883e+00  1.496803e+00  1.481144e+00  1.454718e+00  1.417556e+00  1.370538e+00  1.315072e+00  1.252845e+00  1.185627e+00  1.115136e+00  1.042951e+00  9.704559e-01  8.988195e-01  8.289887e-01  7.617006e-01  6.975010e-01  6.367676e-01  5.797350e-01  5.265195e-01  4.771418e-01  4.315483e-01  3.896284e-01  3.512307e-01  3.161753e-01  2.842641e-01  2.552897e-01  2.290413e-01  2.053102e-01  1.838929e-01  1.645941e-01  1.472285e-01  1.316217e-01  1.176108e-01  1.050448e-01  9.378452e-02  8.370189e-02  7.467989e-02  6.661181e-02  5.940067e-02  5.295850e-02  4.720574e-02  4.207054e-02  3.748815e-02  3.340025e-02  2.975447e-02  2.650373e-02  2.360586e-02  2.102301e-02  1.872133e-02
3           2            1.800355e+00  1.800366e+00  1.800372e+00  1.800372e+00  1.800367e+00  1.800355e+00  1.800335e+00  1.800307e+00  1.800271e+00  1.800228e+00  1.800180e+00  1.800128e+00  1.800077e+00  1.800030e+00  1.799994e+00  1.799975e+00  1.799979e+00  1.800015e+00  1.800064e+00  1.800067e+00  1.799960e+00  1.799768e+00  1.799681e+00  1.799893e+00  1.800462e+00  1.800635e+00  1.799477e+00  1.798510e+00  1.802015e+00  1.801890e+00  1.780575e+00  1.737143e+00  1.676360e+00  1.602536e+00  1.519467e+00  1.430417e+00  1.338133e+00  1.244868e+00  1.152430e+00  1.062223e+00  9.753031e-01  8.924294e-01  8.141112e-01  7.406541e-01  6.722003e-01  6.087637e-01  5.502599e-01  4.965317e-01  4.473704e-01  4.025323e-01  3.617525e-01  3.247559e-01  2.912648e-01  2.610057e-01  2.337132e-01  2.091336e-01  1.870268e-01  1.671676e-01  1.493460e-01  1.333678e-01  1.190543e-01  1.062413e-01  9.477891e-02  8.453075e-02  7.537285e-02  6.719295e-02  5.988956e-02  5.337109e-02  4.755504e-02  4.236720e-02  3.774087e-02  3.361621e-02  2.993955e-02  2.666280e-02  2.374294e-02  2.114146e-02  1.882393e-02  1.675958e-02  1.492095e-02  1.328348e-02
4           0            1.422623e+00  1.423273e+00  1.423653e+00  1.423701e+00  1.423357e+00  1.422569e+00  1.421296e+00  1.419516e+00  1.417237e+00  1.414509e+00  1.411426e+00  1.408144e+00  1.404880e+00  1.401920e+00  1.399616e+00  1.398379e+00  1.398663e+00  1.400925e+00  1.404066e+00  1.404270e+00  1.397445e+00  1.385196e+00  1.379701e+00  1.393205e+00  1.432796e+00  1.478928e+00  1.504266e+00  1.503702e+00  1.498721e+00  1.499480e+00  1.502850e+00  1.503348e+00  1.496465e+00  1.479673e+00  1.452002e+00  1.413633e+00  1.365540e+00  1.309182e+00  1.246266e+00  1.178563e+00  1.107777e+00  1.035465e+00  9.629870e-01  8.914843e-01  8.218795e-01  7.548866e-01  6.910314e-01  6.306745e-01  5.740362e-01  5.212215e-01  4.722422e-01  4.270375e-01  3.854922e-01  3.474512e-01  3.127321e-01  2.811358e-01  2.524542e-01  2.264766e-01  2.029947e-01  1.818057e-01  1.627155e-01  1.455397e-01  1.301052e-01  1.162505e-01  1.038257e-01  9.269272e-02  8.272482e-02  7.380604e-02  6.583070e-02  5.870279e-02  5.233526e-02  4.664937e-02  4.157404e-02  3.704520e-02  3.300520e-02  2.940220e-02  2.618970e-02  2.332595e-02  2.077357e-02  1.849907e-02
4           1            2.399916e+00  2.399913e+00  2.399912e+00  2.399912e+00  2.399913e+00  2.399916e+00  2.399921e+00  2.399927e+00  2.399936e+00  2.399946e+00  2.399958e+00  2.399970e+00  2.399982e+00  2.399993e+00  2.400001e+00  2.400006e+00  2.400005e+00  2.399997e+00  2.399985e+00  2.399984e+00  2.400010e+00  2.400055e+00  2.400075e+00  2.400025e+00  2.399891e+00  2.399850e+00  2.400124e+00  2.400352e+00  2.399522e+00  2.399555e+00  2.403550e+00  2.404614e+00  2.394890e+00  2.369842e+00  2.327565e+00  2.268112e+00  2.192887e+00  2.104147e+00  2.004586e+00  1.897039e+00  1.784255e+00  1.668759e+00  1.552767e+00  1.438148e+00  1.326418e+00  1.218755e+00  1.116034e+00  1.018859e+00  9.276046e-01  8.424577e-01  7.634514e-01  6.904998e-01  6.234261e-01  5.619880e-01  5.058975e-01  4.548380e-01  4.084775e-01  3.664787e-01  3.285077e-01  2.942388e-01  2.633597e-01  2.355737e-01  2.106019e-01  1.881837e-01  1.680774e-01  1.500603e-01  1.339275e-01  1.194917e-01  1.065823e-01  9.504407e-02  8.473622e-02  7.553145e-02  6.731483e-02  5.998272e-02  5.344184e-02  4.760836e-02  4.240700e-02  3.777021e-02  3.363750e-02  2.995467e-02
4           2            4.099856e+00  4.099852e+00  4.099850e+00  4.099850e+00  4.099852e+00  4.099857e+00  4.099865e+00  4.099876e+00  4.099891e+00  4.099908e+00  4.099927e+00  4.099948e+00  4.099969e+00  4.099988e+00  4.100002e+00  4.100010e+00  4.100008e+00  4.099994e+00  4.099974e+00  4.099973e+00  4.100016e+00  4.100094e+00  4.100129e+00  4.100043e+00  4.099813e+00  4.099744e+00  4.100212e+00  4.100602e+00  4.099184e+00  4.099239e+00  4.106064e+00  4.107882e+00  4.091271e+00  4.048481e+00  3.976258e+00  3.874692e+00  3.746184e+00  3.594585e+00  3.424503e+00  3.240777e+00  3.048104e+00  2.850798e+00  2.652646e+00  2.456838e+00  2.265965e+00  2.082042e+00  1.906560e+00  1.740552e+00  1.584659e+00  1.439200e+00  1.304230e+00  1.179604e+00  1.065020e+00  9.600633e-01  8.642419e-01  7.770152e-01  6.978158e-01  6.260679e-01  5.612006e-01  5.026579e-01  4.499060e-01  4.024383e-01  3.597780e-01  3.214801e-01  2.871319e-01  2.563526e-01  2.287923e-01  2.041313e-01  1.820777e-01  1.623665e-01  1.447572e-01  1.290324e-01  1.149956e-01  1.024699e-01  9.129590e-02  8.133035e-02  7.244467e-02  6.452349e-02  5.746344e-02  5.117193e-02
4           3            1.790448e+00  1.790174e+00  1.790014e+00  1.789994e+00  1.790139e+00  1.790472e+00  1.791010e+00  1.791762e+00  1.792724e+00  1.793876e+00  1.795178e+00  1.796564e+00  1.797942e+00  1.799191e+00  1.800163e+00  1.800685e+00  1.800564e+00  1.799607e+00  1.798282e+00  1.798199e+00  1.801085e+00  1.806256e+00  1.808569e+00  1.802854e+00  1.787553e+00  1.782957e+00  1.814616e+00  1.873350e+00  1.908310e+00  1.903393e+00  1.876599e+00  1.834263e+00  1.778233e+00  1.710659e+00  1.633843e+00  1.550091e+00  1.461603e+00  1.370396e+00  1.278253e+00  1.186697e+00  1.096987e+00  1.010125e+00  9.268735e-01  8.477854e-01  7.732268e-01  7.034078e-01  6.384101e-01  5.782118e-01  5.227113e-01  4.717463e-01  4.251114e-01  3.825718e-01  3.438752e-01  3.087603e-01  2.769649e-01  2.482306e-01  2.223068e-01  1.989543e-01  1.779462e-01  1.590697e-01  1.421267e-01  1.269333e-01  1.133204e-01  1.011326e-01  9.022800e-02  8.047720e-02  7.176271e-02  6.397801e-02  5.702679e-02  5.082209e-02  4.528557e-02  4.034670e-02  3.594212e-02  3.201493e-02  2.851411e-02  2.539394e-02  2.261348e-02  2.013611e-02  1.792907e-02  1.596309e-02

UPSILON_P N_trans=0
# upper_idx  lower_idx   upsilon(T_GRID[0]..T_GRID[N-1])

