# pyathena.photchem atomic data : SIII
# CHIANTI source : ion s_3
# Levels kept    : lowest 5 of CHIANTI (padded to 5 if smaller)
# T grid tier    : hot
# T grid         : 80 log-spaced points, 1e+03 K -> 1e+07 K
# Generated by   : pyathena/photchem/data/build_chianti_tables.py
#
# Indices below are 0-based pyathena indices (level 0 = ground).
# CHIANTI level numbers are 1-based and shown for cross-reference.
#
LEVELS N=5
# idx  chianti_lvl  conf            term       j     g    E_erg            E_K
0     1            3s2.3p2         3P0        0.0   1     0.000000e+00   0.000000e+00
1     2            3s2.3p2         3P1        1.0   3     5.928210e-14   4.293785e+02
2     3            3s2.3p2         3P2        2.0   5     1.654537e-13   1.198376e+03
3     4            3s2.3p2         1D2        2.0   5     2.248907e-12   1.628876e+04
4     5            3s2.3p2         1S0        0.0   1     5.394472e-12   3.907201e+04

A_COEFFS N=9
# upper_idx  lower_idx   A [s^-1]
1           0            3.418000e-04
2           0            2.277000e-08
2           1            1.430000e-03
3           0            5.638000e-06
3           1            1.953000e-02
3           2            5.157000e-02
4           1            6.876000e-01
4           2            9.532000e-03
4           3            2.189000e+00

T_GRID N=80
 1.000000e+03
 1.123655e+03
 1.262600e+03
 1.418727e+03
 1.594159e+03
 1.791284e+03
 2.012785e+03
 2.261676e+03
 2.541343e+03
 2.855592e+03
 3.208700e+03
 3.605471e+03
 4.051305e+03
 4.552268e+03
 5.115178e+03
 5.747694e+03
 6.458424e+03
 7.257040e+03
 8.154407e+03
 9.162739e+03
 1.029576e+04
 1.156888e+04
 1.299942e+04
 1.460686e+04
 1.641307e+04
 1.844263e+04
 2.072315e+04
 2.328566e+04
 2.616505e+04
 2.940048e+04
 3.303599e+04
 3.712105e+04
 4.171125e+04
 4.686904e+04
 5.266462e+04
 5.917686e+04
 6.649436e+04
 7.471671e+04
 8.395579e+04
 9.433732e+04
 1.060026e+05
 1.191103e+05
 1.338389e+05
 1.503887e+05
 1.689850e+05
 1.898808e+05
 2.133605e+05
 2.397435e+05
 2.693889e+05
 3.027002e+05
 3.401305e+05
 3.821893e+05
 4.294488e+05
 4.825522e+05
 5.422221e+05
 6.092705e+05
 6.846097e+05
 7.692650e+05
 8.643883e+05
 9.712740e+05
 1.091377e+06
 1.226331e+06
 1.377972e+06
 1.548365e+06
 1.739828e+06
 1.954966e+06
 2.196707e+06
 2.468340e+06
 2.773563e+06
 3.116527e+06
 3.501900e+06
 3.934927e+06
 4.421500e+06
 4.968240e+06
 5.582586e+06
 6.272900e+06
 7.048574e+06
 7.920164e+06
 8.899530e+06
 1.000000e+07

UPSILON_E N_trans=10
# upper_idx  lower_idx   upsilon(T_GRID[0]..T_GRID[N-1])
1           0            2.080006e+00  2.084527e+00  2.089465e+00  2.094792e+00  2.100444e+00  2.106406e+00  2.113025e+00  2.120967e+00  2.131273e+00  2.145028e+00  2.162186e+00  2.182045e+00  2.203269e+00  2.224159e+00  2.243528e+00  2.260020e+00  2.271932e+00  2.277724e+00  2.276957e+00  2.269617e+00  2.256026e+00  2.236943e+00  2.213660e+00  2.187847e+00  2.161456e+00  2.135745e+00  2.110620e+00  2.085849e+00  2.061202e+00  2.036435e+00  2.011296e+00  1.985601e+00  1.959220e+00  1.931093e+00  1.899314e+00  1.862608e+00  1.820357e+00  1.772397e+00  1.718939e+00  1.660588e+00  1.598193e+00  1.532225e+00  1.462992e+00  1.391169e+00  1.317660e+00  1.243576e+00  1.170033e+00  1.097982e+00  1.028147e+00  9.605073e-01  8.948377e-01  8.311950e-01  7.697975e-01  7.110194e-01  6.552215e-01  6.026469e-01  5.534074e-01  5.073141e-01  4.641396e-01  4.237520e-01  3.860654e-01  3.510097e-01  3.185129e-01  2.884933e-01  2.608565e-01  2.354955e-01  2.122934e-01  1.911256e-01  1.718631e-01  1.543750e-01  1.385313e-01  1.242045e-01  1.112716e-01  9.961471e-02  8.912239e-02  7.968987e-02  7.121941e-02  6.362034e-02  5.680898e-02  5.070844e-02
2           0            9.840083e-01  9.777774e-01  9.712460e-01  9.646937e-01  9.585740e-01  9.534538e-01  9.496688e-01  9.474689e-01  9.470421e-01  9.484698e-01  9.516801e-01  9.563569e-01  9.618403e-01  9.674203e-01  9.731608e-01  9.793745e-01  9.865153e-01  9.951065e-01  1.005590e+00  1.018450e+00  1.034227e+00  1.053311e+00  1.075672e+00  1.101139e+00  1.129429e+00  1.159818e+00  1.190946e+00  1.221375e+00  1.249724e+00  1.274853e+00  1.295963e+00  1.312477e+00  1.324036e+00  1.330257e+00  1.330740e+00  1.325401e+00  1.314434e+00  1.297725e+00  1.274971e+00  1.246352e+00  1.212435e+00  1.174168e+00  1.132694e+00  1.089095e+00  1.044320e+00  9.987079e-01  9.523742e-01  9.056582e-01  8.590129e-01  8.128742e-01  7.676497e-01  7.237272e-01  6.814241e-01  6.407916e-01  6.018198e-01  5.645781e-01  5.291017e-01  4.949266e-01  4.616392e-01  4.291454e-01  3.975237e-01  3.669286e-01  3.375326e-01  3.094927e-01  2.829345e-01  2.579453e-01  2.345746e-01  2.128371e-01  1.927181e-01  1.741789e-01  1.571621e-01  1.415971e-01  1.274040e-01  1.144971e-01  1.027884e-01  9.218946e-02  8.261343e-02  7.397618e-02  6.619736e-02  5.920096e-02
2           1            4.860003e+00  4.855170e+00  4.850038e+00  4.844766e+00  4.839627e+00  4.835145e+00  4.832505e+00  4.833602e+00  4.841230e+00  4.858226e+00  4.884524e+00  4.918255e+00  4.955701e+00  4.992484e+00  5.027047e+00  5.058261e+00  5.084863e+00  5.106166e+00  5.123299e+00  5.138351e+00  5.154218e+00  5.173273e+00  5.195667e+00  5.221169e+00  5.249433e+00  5.279725e+00  5.310779e+00  5.341256e+00  5.369851e+00  5.394492e+00  5.412165e+00  5.420374e+00  5.417295e+00  5.400055e+00  5.364850e+00  5.309529e+00  5.233537e+00  5.136799e+00  5.019706e+00  4.883967e+00  4.732192e+00  4.566521e+00  4.388907e+00  4.202040e+00  4.008953e+00  3.812265e+00  3.614342e+00  3.417575e+00  3.224110e+00  3.034742e+00  2.849834e+00  2.670191e+00  2.496854e+00  2.331541e+00  2.175796e+00  2.030469e+00  1.895603e+00  1.768560e+00  1.646793e+00  1.529230e+00  1.415648e+00  1.306262e+00  1.201466e+00  1.101674e+00  1.007244e+00  9.184321e-01  8.353815e-01  7.581281e-01  6.866117e-01  6.206923e-01  5.601672e-01  5.047875e-01  4.542719e-01  4.083199e-01  3.666212e-01  3.288642e-01  2.947421e-01  2.639578e-01  2.362269e-01  2.112803e-01
3           0            6.979751e-01  7.072362e-01  7.167197e-01  7.258001e-01  7.334838e-01  7.386104e-01  7.408334e-01  7.402982e-01  7.376607e-01  7.338947e-01  7.293275e-01  7.242769e-01  7.192880e-01  7.150092e-01  7.118162e-01  7.100728e-01  7.101911e-01  7.124845e-01  7.169065e-01  7.232252e-01  7.310477e-01  7.398982e-01  7.493296e-01  7.588224e-01  7.677943e-01  7.757558e-01  7.824250e-01  7.875709e-01  7.910073e-01  7.925256e-01  7.918797e-01  7.889140e-01  7.835727e-01  7.757084e-01  7.650849e-01  7.516478e-01  7.355080e-01  7.167344e-01  6.953760e-01  6.716662e-01  6.459704e-01  6.186622e-01  5.901182e-01  5.607649e-01  5.310280e-01  5.011503e-01  4.713019e-01  4.417191e-01  4.126600e-01  3.843531e-01  3.569960e-01  3.307623e-01  3.057882e-01  2.821365e-01  2.598347e-01  2.389036e-01  2.193407e-01  2.010501e-01  1.839316e-01  1.679261e-01  1.529955e-01  1.391093e-01  1.262375e-01  1.143468e-01  1.033993e-01  9.335264e-02  8.416037e-02  7.577327e-02  6.814033e-02  6.120989e-02  5.493054e-02  4.925192e-02  4.412535e-02  3.950426e-02  3.534456e-02  3.160479e-02  2.824626e-02  2.523309e-02  2.253213e-02  2.011294e-02
3           1            2.089979e+00  2.117119e+00  2.144639e+00  2.170457e+00  2.191288e+00  2.203373e+00  2.205910e+00  2.199985e+00  2.188697e+00  2.176201e+00  2.163435e+00  2.150643e+00  2.138144e+00  2.126496e+00  2.116855e+00  2.110833e+00  2.110500e+00  2.117535e+00  2.131677e+00  2.151864e+00  2.176417e+00  2.203576e+00  2.232203e+00  2.261057e+00  2.288752e+00  2.313931e+00  2.335422e+00  2.352159e+00  2.363233e+00  2.368030e+00  2.366291e+00  2.358001e+00  2.343341e+00  2.321842e+00  2.292412e+00  2.254565e+00  2.208385e+00  2.153722e+00  2.090308e+00  2.018616e+00  1.939697e+00  1.855314e+00  1.767555e+00  1.678282e+00  1.589032e+00  1.500243e+00  1.411934e+00  1.324492e+00  1.238502e+00  1.154558e+00  1.073224e+00  9.950209e-01  9.203777e-01  8.495222e-01  7.825804e-01  7.196496e-01  6.607527e-01  6.056341e-01  5.540204e-01  5.057515e-01  4.607224e-01  4.188467e-01  3.800361e-01  3.441908e-01  3.111963e-01  2.809235e-01  2.532314e-01  2.279703e-01  2.049852e-01  1.841194e-01  1.652171e-01  1.481259e-01  1.326984e-01  1.187939e-01  1.062790e-01  9.502881e-02  8.492643e-02  7.586363e-02  6.774051e-02  6.046531e-02
3           2            3.930079e+00  3.975183e+00  4.021313e+00  4.065378e+00  4.102473e+00  4.126873e+00  4.136807e+00  4.132851e+00  4.118024e+00  4.096918e+00  4.071319e+00  4.043233e+00  4.016063e+00  3.993688e+00  3.977844e+00  3.969862e+00  3.971028e+00  3.982190e+00  4.003132e+00  4.032910e+00  4.069870e+00  4.111872e+00  4.156609e+00  4.201365e+00  4.243100e+00  4.279340e+00  4.308813e+00  4.330518e+00  4.343678e+00  4.347119e+00  4.339127e+00  4.318507e+00  4.284679e+00  4.236998e+00  4.174756e+00  4.098105e+00  4.007927e+00  3.904478e+00  3.787632e+00  3.658353e+00  3.518425e+00  3.370055e+00  3.215647e+00  3.057696e+00  2.898529e+00  2.739113e+00  2.579920e+00  2.421954e+00  2.266468e+00  2.114686e+00  1.967726e+00  1.826574e+00  1.692018e+00  1.564484e+00  1.444206e+00  1.331339e+00  1.225871e+00  1.127090e+00  1.034284e+00  9.470841e-01  8.653003e-01  7.888228e-01  7.175596e-01  6.514039e-01  5.902199e-01  5.338384e-01  4.820594e-01  4.346575e-01  3.913886e-01  3.519968e-01  3.162206e-01  2.837984e-01  2.544728e-01  2.279945e-01  2.041242e-01  1.826353e-01  1.633143e-01  1.459619e-01  1.303931e-01  1.164369e-01
4           0            8.389992e-02  8.525872e-02  8.673058e-02  8.829711e-02  8.992397e-02  9.156870e-02  9.322023e-02  9.488464e-02  9.658471e-02  9.835544e-02  1.002172e-01  1.021970e-01  1.043380e-01  1.066786e-01  1.091967e-01  1.118413e-01  1.145376e-01  1.172279e-01  1.199474e-01  1.227659e-01  1.257767e-01  1.290513e-01  1.325820e-01  1.363440e-01  1.403052e-01  1.444352e-01  1.487124e-01  1.531123e-01  1.576064e-01  1.621185e-01  1.665145e-01  1.706733e-01  1.744938e-01  1.777768e-01  1.802360e-01  1.816782e-01  1.820089e-01  1.812872e-01  1.796841e-01  1.773700e-01  1.744973e-01  1.710564e-01  1.669598e-01  1.622122e-01  1.568882e-01  1.511682e-01  1.452629e-01  1.393360e-01  1.335005e-01  1.277117e-01  1.218871e-01  1.160155e-01  1.101274e-01  1.042652e-01  9.847848e-02  9.282017e-02  8.732944e-02  8.195512e-02  7.664929e-02  7.141327e-02  6.627380e-02  6.126757e-02  5.643202e-02  5.180025e-02  4.739862e-02  4.324595e-02  3.935382e-02  3.572729e-02  3.236587e-02  2.926464e-02  2.641521e-02  2.380666e-02  2.142629e-02  1.926032e-02  1.729439e-02  1.551400e-02  1.390480e-02  1.245288e-02  1.114488e-02  9.968143e-03
4           1            2.170036e-01  2.214331e-01  2.262066e-01  2.312420e-01  2.363935e-01  2.414876e-01  2.464946e-01  2.514707e-01  2.565616e-01  2.619541e-01  2.676710e-01  2.736897e-01  2.799769e-01  2.864807e-01  2.931150e-01  2.997654e-01  3.062894e-01  3.125743e-01  3.186415e-01  3.245718e-01  3.304941e-01  3.365425e-01  3.428007e-01  3.493583e-01  3.563118e-01  3.636712e-01  3.712987e-01  3.790362e-01  3.867228e-01  3.940454e-01  4.005041e-01  4.056716e-01  4.092248e-01  4.108180e-01  4.100912e-01  4.068639e-01  4.011231e-01  3.929393e-01  3.824523e-01  3.699120e-01  3.556443e-01  3.400350e-01  3.234887e-01  3.063822e-01  2.890426e-01  2.716141e-01  2.541666e-01  2.368240e-01  2.197386e-01  2.031154e-01  1.871502e-01  1.719797e-01  1.576890e-01  1.443024e-01  1.318144e-01  1.202125e-01  1.094737e-01  9.954740e-02  9.037980e-02  8.192677e-02  7.414911e-02  6.700977e-02  6.047241e-02  5.450084e-02  4.905891e-02  4.411066e-02  3.962065e-02  3.555426e-02  3.187803e-02  2.855985e-02  2.556923e-02  2.287740e-02  2.045738e-02  1.828408e-02  1.633422e-02  1.458635e-02  1.302075e-02  1.161940e-02  1.036585e-02  9.245121e-03
4           2            3.530085e-01  3.606852e-01  3.689660e-01  3.777150e-01  3.866895e-01  3.955975e-01  4.043773e-01  4.131012e-01  4.219779e-01  4.312791e-01  4.410226e-01  4.511578e-01  4.616214e-01  4.723397e-01  4.832324e-01  4.942147e-01  5.052011e-01  5.161063e-01  5.268445e-01  5.373392e-01  5.475297e-01  5.574622e-01  5.673977e-01  5.776788e-01  5.886897e-01  6.005761e-01  6.130605e-01  6.258118e-01  6.384939e-01  6.505330e-01  6.610663e-01  6.693595e-01  6.748609e-01  6.770479e-01  6.754367e-01  6.698149e-01  6.602171e-01  6.467613e-01  6.296395e-01  6.092294e-01  5.860361e-01  5.606043e-01  5.334876e-01  5.052458e-01  4.764078e-01  4.473824e-01  4.185020e-01  3.900829e-01  3.624010e-01  3.356146e-01  3.098266e-01  2.851458e-01  2.616724e-01  2.395075e-01  2.187261e-01  1.993622e-01  1.814120e-01  1.648139e-01  1.494915e-01  1.353773e-01  1.224075e-01  1.105193e-01  9.964994e-02  8.973610e-02  8.071459e-02  7.252272e-02  6.509897e-02  5.838360e-02  5.231913e-02  4.685076e-02  4.192663e-02  3.749808e-02  3.351965e-02  2.994918e-02  2.674770e-02  2.387940e-02  2.131146e-02  1.901390e-02  1.695945e-02  1.512332e-02
4           3            8.830011e-01  8.841580e-01  8.853031e-01  8.863227e-01  8.870388e-01  8.873648e-01  8.878769e-01  8.897302e-01  8.947737e-01  9.051875e-01  9.220186e-01  9.459204e-01  9.772912e-01  1.016190e+00  1.062292e+00  1.114683e+00  1.171697e+00  1.231431e+00  1.292757e+00  1.354448e+00  1.415017e+00  1.473366e+00  1.529567e+00  1.584008e+00  1.637233e+00  1.689481e+00  1.740371e+00  1.789496e+00  1.836489e+00  1.880455e+00  1.919824e+00  1.953285e+00  1.979890e+00  1.998876e+00  2.009664e+00  2.012124e+00  2.006521e+00  1.993216e+00  1.972659e+00  1.945601e+00  1.912990e+00  1.875630e+00  1.834246e+00  1.789713e+00  1.742972e+00  1.694985e+00  1.646652e+00  1.598748e+00  1.551858e+00  1.505811e+00  1.460261e+00  1.415217e+00  1.370942e+00  1.328235e+00  1.287894e+00  1.250358e+00  1.215396e+00  1.179275e+00  1.138661e+00  1.092509e+00  1.041115e+00  9.854680e-01  9.268472e-01  8.665720e-01  8.058642e-01  7.457783e-01  6.871750e-01  6.307219e-01  5.769079e-01  5.260659e-01  4.783971e-01  4.339954e-01  3.928699e-01  3.549642e-01  3.201741e-01  2.883610e-01  2.593635e-01  2.330066e-01  2.091088e-01  1.874874e-01

UPSILON_P N_trans=0
# upper_idx  lower_idx   upsilon(T_GRID[0]..T_GRID[N-1])

