# pyathena.photchem atomic data : SIV
# CHIANTI source : ion s_4
# Levels kept    : lowest 2 of CHIANTI (padded to 5 if smaller)
# T grid         : 80 log-spaced points, 100 K -> 1e+06 K
# Generated by   : pyathena/photchem/data/build_chianti_tables.py
#
# Indices below are 0-based pyathena indices (level 0 = ground).
# CHIANTI level numbers are 1-based and shown for cross-reference.
#
LEVELS N=2
# idx  chianti_lvl  conf            term       j     g    E_erg            E_K
0     1            3s2.3p          2P0.5      0.5   2     0.000000e+00   0.000000e+00
1     2            3s2.3p          2P1.5      1.5   4     1.889540e-13   1.368588e+03

A_COEFFS N=1
# upper_idx  lower_idx   A [s^-1]
1           0            7.750000e-03

T_GRID N=80
 1.000000e+02
 1.123655e+02
 1.262600e+02
 1.418727e+02
 1.594159e+02
 1.791284e+02
 2.012785e+02
 2.261676e+02
 2.541343e+02
 2.855592e+02
 3.208700e+02
 3.605471e+02
 4.051305e+02
 4.552268e+02
 5.115178e+02
 5.747694e+02
 6.458424e+02
 7.257040e+02
 8.154407e+02
 9.162739e+02
 1.029576e+03
 1.156888e+03
 1.299942e+03
 1.460686e+03
 1.641307e+03
 1.844263e+03
 2.072315e+03
 2.328566e+03
 2.616505e+03
 2.940048e+03
 3.303599e+03
 3.712105e+03
 4.171125e+03
 4.686904e+03
 5.266462e+03
 5.917686e+03
 6.649436e+03
 7.471671e+03
 8.395579e+03
 9.433732e+03
 1.060026e+04
 1.191103e+04
 1.338389e+04
 1.503887e+04
 1.689850e+04
 1.898808e+04
 2.133605e+04
 2.397435e+04
 2.693889e+04
 3.027002e+04
 3.401305e+04
 3.821893e+04
 4.294488e+04
 4.825522e+04
 5.422221e+04
 6.092705e+04
 6.846097e+04
 7.692650e+04
 8.643883e+04
 9.712740e+04
 1.091377e+05
 1.226331e+05
 1.377972e+05
 1.548365e+05
 1.739828e+05
 1.954966e+05
 2.196707e+05
 2.468340e+05
 2.773563e+05
 3.116527e+05
 3.501900e+05
 3.934927e+05
 4.421500e+05
 4.968240e+05
 5.582586e+05
 6.272900e+05
 7.048574e+05
 7.920164e+05
 8.899530e+05
 1.000000e+06

UPSILON_E N_trans=1
# upper_idx  lower_idx   upsilon(T_GRID[0]..T_GRID[N-1])
1           0            8.517477e+00  8.518145e+00  8.518893e+00  8.519730e+00  8.520667e+00  8.521715e+00  8.522886e+00  8.524195e+00  8.525655e+00  8.527284e+00  8.529098e+00  8.531118e+00  8.533362e+00  8.535854e+00  8.538615e+00  8.541669e+00  8.545040e+00  8.548753e+00  8.552830e+00  8.557294e+00  8.562162e+00  8.567451e+00  8.573167e+00  8.579309e+00  8.585864e+00  8.592802e+00  8.600073e+00  8.607600e+00  8.615274e+00  8.622943e+00  8.630409e+00  8.637411e+00  8.643622e+00  8.648634e+00  8.651947e+00  8.652961e+00  8.650967e+00  8.645143e+00  8.634552e+00  8.618149e+00  8.594793e+00  8.563272e+00  8.522336e+00  8.470741e+00  8.407305e+00  8.330976e+00  8.240896e+00  8.136477e+00  8.017468e+00  7.884005e+00  7.736653e+00  7.576417e+00  7.404723e+00  7.223379e+00  7.034358e+00  6.838063e+00  6.633915e+00  6.421653e+00  6.201416e+00  5.973771e+00  5.739702e+00  5.500564e+00  5.258011e+00  5.013904e+00  4.770212e+00  4.528916e+00  4.291916e+00  4.060962e+00  3.837596e+00  3.623117e+00  3.418562e+00  3.224704e+00  3.042062e+00  2.870921e+00  2.711357e+00  2.563268e+00  2.426402e+00  2.300392e+00  2.184776e+00  2.079030e+00

UPSILON_P N_trans=1
# upper_idx  lower_idx   upsilon(T_GRID[0]..T_GRID[N-1])
1           0            0.000000e+00  0.000000e+00  0.000000e+00  0.000000e+00  0.000000e+00  0.000000e+00  0.000000e+00  0.000000e+00  0.000000e+00  0.000000e+00  0.000000e+00  0.000000e+00  0.000000e+00  0.000000e+00  0.000000e+00  0.000000e+00  0.000000e+00  0.000000e+00  0.000000e+00  0.000000e+00  0.000000e+00  0.000000e+00  0.000000e+00  0.000000e+00  0.000000e+00  0.000000e+00  0.000000e+00  0.000000e+00  0.000000e+00  0.000000e+00  0.000000e+00  0.000000e+00  0.000000e+00  0.000000e+00  0.000000e+00  0.000000e+00  0.000000e+00  0.000000e+00  0.000000e+00  0.000000e+00  0.000000e+00  0.000000e+00  0.000000e+00  0.000000e+00  0.000000e+00  0.000000e+00  0.000000e+00  1.751885e-11  1.549621e-10  3.404004e-10  5.854840e-10  9.037348e-10  1.310512e-09  1.820078e-09  2.441867e-09  3.183131e-09  4.048800e-09  5.040941e-09  6.154214e-09  7.370820e-09  8.667264e-09  1.001631e-08  1.139013e-08  1.277061e-08  1.414351e-08  1.549518e-08  1.681241e-08  1.806883e-08  1.922862e-08  2.026428e-08  2.115759e-08  2.189915e-08  2.248813e-08  2.293069e-08  2.323746e-08  2.342210e-08  2.350002e-08  2.348734e-08  2.340001e-08  2.325318e-08

