# pyathena.photchem atomic data : SI
# CHIANTI source : ion s_1
# Levels kept    : lowest 5 of CHIANTI (padded to 5 if smaller)
# T grid         : 60 log-spaced points, 1e+03 K -> 1e+06 K
# Generated by   : pyathena/photchem/data/build_chianti_tables.py
#
# Indices below are 0-based pyathena indices (level 0 = ground).
# CHIANTI level numbers are 1-based and shown for cross-reference.
#
LEVELS N=5
# idx  chianti_lvl  conf            term       j     g    E_erg            E_K
0     1            3s2.3p4         3P2        2.0   5     0.000000e+00   0.000000e+00
1     2            3s2.3p4         3P1        1.0   3     7.866546e-14   5.697716e+02
2     3            3s2.3p4         3P0        0.0   1     1.139170e-13   8.250972e+02
3     4            3s2.3p4         1D2        2.0   5     1.834786e-12   1.328930e+04
4     5            3s2.3p4         1S0        0.0   1     4.404948e-12   3.190491e+04

A_COEFFS N=9
# upper_idx  lower_idx   A [s^-1]
1           0            1.025000e-03
2           0            4.126000e-08
2           1            2.126000e-04
3           0            2.509000e-02
3           1            7.456000e-03
3           2            3.823000e-06
4           0            5.082000e-03
4           1            3.071000e-01
4           3            1.216000e+00

T_GRID N=60
 1.000000e+03
 1.124210e+03
 1.263848e+03
 1.420831e+03
 1.597312e+03
 1.795714e+03
 2.018760e+03
 2.269511e+03
 2.551407e+03
 2.868317e+03
 3.224591e+03
 3.625117e+03
 4.075393e+03
 4.581598e+03
 5.150678e+03
 5.790444e+03
 6.509675e+03
 7.318242e+03
 8.227241e+03
 9.249147e+03
 1.039798e+04
 1.168952e+04
 1.314147e+04
 1.477378e+04
 1.660883e+04
 1.867181e+04
 2.099104e+04
 2.359833e+04
 2.652948e+04
 2.982471e+04
 3.352924e+04
 3.769391e+04
 4.237587e+04
 4.763938e+04
 5.355667e+04
 6.020894e+04
 6.768750e+04
 7.609497e+04
 8.554673e+04
 9.617249e+04
 1.081181e+05
 1.215474e+05
 1.366448e+05
 1.536175e+05
 1.726983e+05
 1.941492e+05
 2.182645e+05
 2.453751e+05
 2.758532e+05
 3.101169e+05
 3.486365e+05
 3.919407e+05
 4.406236e+05
 4.953535e+05
 5.568814e+05
 6.260517e+05
 7.038136e+05
 7.912343e+05
 8.895135e+05
 1.000000e+06

UPSILON_E N_trans=10
# upper_idx  lower_idx   upsilon(T_GRID[0]..T_GRID[N-1])
1           0            2.015528e-02  2.462755e-02  2.980230e-02  3.568746e-02  4.223977e-02  4.933973e-02  5.675921e-02  6.412142e-02  7.085404e-02  7.706264e-02  8.579087e-02  9.957608e-02  1.149257e-01  1.284090e-01  1.425851e-01  1.603688e-01  1.817043e-01  2.058760e-01  2.319042e-01  2.605087e-01  2.958872e-01  3.403962e-01  3.923445e-01  4.494104e-01  5.091069e-01  5.689338e-01  6.267196e-01  6.864971e-01  7.583697e-01  8.506053e-01  9.682339e-01  1.098701e+00  1.218397e+00  1.318014e+00  1.399217e+00  1.476075e+00  1.565743e+00  1.664093e+00  1.757877e+00  1.838680e+00  1.902324e+00  1.950478e+00  1.986845e+00  2.014312e+00  2.035089e+00  2.050848e+00  2.061886e+00  2.061777e+00  2.045106e+00  2.010554e+00  1.960428e+00  1.904368e+00  1.850630e+00  1.803616e+00  1.765246e+00  1.735912e+00  1.715116e+00  1.701898e+00  1.695106e+00  1.693560e+00
2           0            6.956436e-03  7.529705e-03  8.138652e-03  8.788183e-03  9.486634e-03  1.024745e-02  1.109134e-02  1.204905e-02  1.316465e-02  1.452703e-02  1.634254e-02  1.876536e-02  2.158030e-02  2.455605e-02  2.779014e-02  3.140600e-02  3.540558e-02  3.976063e-02  4.443114e-02  4.970910e-02  5.652242e-02  6.538040e-02  7.590749e-02  8.758891e-02  9.987263e-02  1.122035e-01  1.240994e-01  1.364596e-01  1.515297e-01  1.711474e-01  1.964464e-01  2.249875e-01  2.520524e-01  2.753085e-01  2.944391e-01  3.127794e-01  3.347662e-01  3.597373e-01  3.847658e-01  4.079035e-01  4.280765e-01  4.454072e-01  4.604542e-01  4.736487e-01  4.853174e-01  4.957085e-01  5.048492e-01  5.116529e-01  5.152123e-01  5.153124e-01  5.123190e-01  5.076612e-01  5.025932e-01  4.978373e-01  4.937661e-01  4.905305e-01  4.881466e-01  4.865543e-01  4.856547e-01  4.853348e-01
2           1            5.069212e-02  6.549537e-02  8.316527e-02  1.039380e-01  1.279410e-01  1.551238e-01  1.851677e-01  2.173705e-01  2.505214e-01  2.918880e-01  3.798951e-01  5.473812e-01  7.605171e-01  9.829560e-01  1.235328e+00  1.539042e+00  1.883518e+00  2.248508e+00  2.607984e+00  2.940990e+00  3.242158e+00  3.507970e+00  3.734951e+00  3.920569e+00  4.063411e+00  4.163228e+00  4.220811e+00  4.234845e+00  4.201899e+00  4.120484e+00  3.991880e+00  3.832887e+00  3.670000e+00  3.520212e+00  3.391084e+00  3.264648e+00  3.113917e+00  2.939865e+00  2.756652e+00  2.574548e+00  2.400426e+00  2.238689e+00  2.091794e+00  1.960685e+00  1.845271e+00  1.744792e+00  1.656771e+00  1.569781e+00  1.474042e+00  1.365641e+00  1.246059e+00  1.127882e+00  1.021765e+00  9.327533e-01  8.623628e-01  8.100100e-01  7.739662e-01  7.519761e-01  7.416436e-01  7.406611e-01
3           0            1.987114e-02  2.458207e-02  3.005695e-02  3.630673e-02  4.328689e-02  5.086987e-02  5.880968e-02  6.669781e-02  7.391181e-02  8.055816e-02  8.991766e-02  1.047121e-01  1.211042e-01  1.352391e-01  1.495665e-01  1.669142e-01  1.870539e-01  2.090688e-01  2.317602e-01  2.553226e-01  2.828749e-01  3.162168e-01  3.541343e-01  3.949704e-01  4.369705e-01  4.783891e-01  5.177585e-01  5.588934e-01  6.107644e-01  6.807162e-01  7.733389e-01  8.797428e-01  9.823360e-01  1.071989e+00  1.146953e+00  1.220438e+00  1.310079e+00  1.410263e+00  1.505562e+00  1.586214e+00  1.647330e+00  1.690215e+00  1.718515e+00  1.735343e+00  1.743295e+00  1.744506e+00  1.739568e+00  1.721135e+00  1.683054e+00  1.624006e+00  1.547075e+00  1.464706e+00  1.387438e+00  1.320740e+00  1.266837e+00  1.225971e+00  1.197252e+00  1.179214e+00  1.170173e+00  1.168436e+00
3           1            1.211625e-02  1.495000e-02  1.824049e-02  2.199408e-02  2.618395e-02  3.073374e-02  3.549637e-02  4.022782e-02  4.455647e-02  4.854882e-02  5.416445e-02  6.303034e-02  7.289787e-02  8.149143e-02  9.016652e-02  1.005125e-01  1.124426e-01  1.255047e-01  1.391028e-01  1.533704e-01  1.699583e-01  1.897997e-01  2.122206e-01  2.363076e-01  2.610924e-01  2.856098e-01  3.090503e-01  3.336190e-01  3.644417e-01  4.057068e-01  4.600209e-01  5.222808e-01  5.824349e-01  6.351199e-01  6.791363e-01  7.223332e-01  7.752264e-01  8.344564e-01  8.908480e-01  9.385938e-01  9.747863e-01  1.000223e+00  1.017087e+00  1.027231e+00  1.032188e+00  1.033215e+00  1.030652e+00  1.020177e+00  9.981815e-01  9.638895e-01  9.191125e-01  8.711330e-01  8.261081e-01  7.872344e-01  7.558136e-01  7.319900e-01  7.152468e-01  7.047307e-01  6.994596e-01  6.984478e-01
3           2            3.505544e-03  3.086209e-03  2.546852e-03  1.904580e-03  1.200235e-03  5.091617e-04  0.000000e+00  0.000000e+00  9.800156e-05  1.157271e-03  2.093292e-03  2.142712e-03  2.018574e-03  2.487810e-03  3.125412e-03  3.445927e-03  3.555629e-03  3.704070e-03  4.206324e-03  5.198580e-03  6.409347e-03  7.621930e-03  8.819444e-03  1.000375e-02  1.117719e-02  1.234213e-02  1.352006e-02  1.533766e-02  1.900322e-02  2.549237e-02  3.543625e-02  4.833283e-02  6.285771e-02  7.727370e-02  9.002018e-02  1.034571e-01  1.213600e-01  1.428279e-01  1.649012e-01  1.855896e-01  2.037348e-01  2.190448e-01  2.316553e-01  2.417970e-01  2.497486e-01  2.558056e-01  2.601099e-01  2.617979e-01  2.601723e-01  2.551658e-01  2.472776e-01  2.382064e-01  2.293962e-01  2.216271e-01  2.152503e-01  2.103516e-01  2.068616e-01  2.046286e-01  2.034655e-01  2.031787e-01
4           0            4.140225e-04  1.181952e-03  2.120936e-03  3.226026e-03  4.472491e-03  5.806273e-03  7.131741e-03  8.296439e-03  9.073224e-03  9.427546e-03  1.021264e-02  1.217285e-02  1.439727e-02  1.594836e-02  1.736972e-02  1.929465e-02  2.165529e-02  2.422692e-02  2.672121e-02  2.913958e-02  3.209527e-02  3.597783e-02  4.063577e-02  4.584172e-02  5.135081e-02  5.691580e-02  6.232078e-02  6.795607e-02  7.480355e-02  8.366567e-02  9.504172e-02  1.079854e-01  1.206112e-01  1.317795e-01  1.410770e-01  1.500024e-01  1.606596e-01  1.723906e-01  1.833794e-01  1.924885e-01  1.991637e-01  2.035965e-01  2.062555e-01  2.075370e-01  2.077691e-01  2.072197e-01  2.059569e-01  2.030274e-01  1.976336e-01  1.895997e-01  1.793197e-01  1.684005e-01  1.581998e-01  1.494177e-01  1.423343e-01  1.369733e-01  1.332127e-01  1.308568e-01  1.296825e-01  1.294664e-01
4           1            1.451813e-03  1.769810e-03  2.137569e-03  2.555715e-03  3.021300e-03  3.526047e-03  4.054092e-03  4.579173e-03  5.061358e-03  5.507300e-03  6.126255e-03  7.100054e-03  8.218656e-03  9.244433e-03  1.023431e-02  1.129389e-02  1.248380e-02  1.386963e-02  1.552824e-02  1.750963e-02  1.980048e-02  2.236674e-02  2.515750e-02  2.811306e-02  3.116868e-02  3.425817e-02  3.732683e-02  4.061609e-02  4.465456e-02  4.986946e-02  5.652872e-02  6.425856e-02  7.223090e-02  7.941386e-02  8.489289e-02  8.975644e-02  9.586315e-02  1.029233e-01  1.097010e-01  1.154081e-01  1.196420e-01  1.224631e-01  1.241177e-01  1.248318e-01  1.248046e-01  1.242086e-01  1.231144e-01  1.210700e-01  1.176985e-01  1.129359e-01  1.070108e-01  1.007989e-01  9.503528e-02  9.009489e-02  8.612298e-02  8.312533e-02  8.102874e-02  7.972068e-02  7.907430e-02  7.896367e-02
4           2            0.000000e+00  0.000000e+00  0.000000e+00  0.000000e+00  0.000000e+00  0.000000e+00  8.289970e-08  4.966668e-07  0.000000e+00  0.000000e+00  8.935693e-07  6.589972e-06  0.000000e+00  0.000000e+00  2.747459e-05  2.408889e-04  5.514109e-04  8.571353e-04  1.029823e-03  1.027358e-03  9.976182e-04  1.050427e-03  1.181043e-03  1.371855e-03  1.603384e-03  1.855560e-03  2.112490e-03  2.468127e-03  3.122551e-03  4.237896e-03  5.915584e-03  7.993277e-03  1.013722e-02  1.217205e-02  1.406093e-02  1.607176e-02  1.855480e-02  2.133100e-02  2.400603e-02  2.632841e-02  2.817181e-02  2.958953e-02  3.069489e-02  3.157259e-02  3.228434e-02  3.287452e-02  3.334431e-02  3.348527e-02  3.312163e-02  3.220657e-02  3.080631e-02  2.920957e-02  2.766484e-02  2.630587e-02  2.519234e-02  2.433816e-02  2.373051e-02  2.334253e-02  2.314129e-02  2.309283e-02
4           3            6.118039e-02  5.386159e-02  4.444814e-02  3.323858e-02  2.094580e-02  8.884850e-03  0.000000e+00  0.000000e+00  1.712875e-03  2.073614e-02  4.053454e-02  4.881036e-02  5.171491e-02  5.767968e-02  6.601949e-02  7.489777e-02  8.425767e-02  9.433833e-02  1.054351e-01  1.181352e-01  1.335136e-01  1.520414e-01  1.730221e-01  1.955618e-01  2.187142e-01  2.415384e-01  2.632374e-01  2.856680e-01  3.132797e-01  3.497192e-01  3.972572e-01  4.512484e-01  5.026429e-01  5.476034e-01  5.863959e-01  6.248364e-01  6.703693e-01  7.235299e-01  7.814040e-01  8.416058e-01  9.022137e-01  9.610266e-01  1.016198e+00  1.066690e+00  1.112044e+00  1.152198e+00  1.188286e+00  1.227795e+00  1.277087e+00  1.338412e+00  1.410295e+00  1.483635e+00  1.550689e+00  1.607619e+00  1.653059e+00  1.687137e+00  1.710811e+00  1.725442e+00  1.732522e+00  1.733514e+00

