# pyathena.photchem atomic data : SiII
# CHIANTI source : ion si_2
# Levels kept    : lowest 2 of CHIANTI (padded to 5 if smaller)
# T grid tier    : hot
# T grid         : 80 log-spaced points, 1e+03 K -> 1e+07 K
# Generated by   : pyathena/photchem/data/build_chianti_tables.py
#
# Indices below are 0-based pyathena indices (level 0 = ground).
# CHIANTI level numbers are 1-based and shown for cross-reference.
#
LEVELS N=2
# idx  chianti_lvl  conf            term       j     g    E_erg            E_K
0     1            3s2.3p          2P0.5      0.5   2     0.000000e+00   0.000000e+00
1     2            3s2.3p          2P1.5      1.5   4     5.704586e-14   4.131815e+02

A_COEFFS N=1
# upper_idx  lower_idx   A [s^-1]
1           0            2.170000e-04

T_GRID N=80
 1.000000e+03
 1.123655e+03
 1.262600e+03
 1.418727e+03
 1.594159e+03
 1.791284e+03
 2.012785e+03
 2.261676e+03
 2.541343e+03
 2.855592e+03
 3.208700e+03
 3.605471e+03
 4.051305e+03
 4.552268e+03
 5.115178e+03
 5.747694e+03
 6.458424e+03
 7.257040e+03
 8.154407e+03
 9.162739e+03
 1.029576e+04
 1.156888e+04
 1.299942e+04
 1.460686e+04
 1.641307e+04
 1.844263e+04
 2.072315e+04
 2.328566e+04
 2.616505e+04
 2.940048e+04
 3.303599e+04
 3.712105e+04
 4.171125e+04
 4.686904e+04
 5.266462e+04
 5.917686e+04
 6.649436e+04
 7.471671e+04
 8.395579e+04
 9.433732e+04
 1.060026e+05
 1.191103e+05
 1.338389e+05
 1.503887e+05
 1.689850e+05
 1.898808e+05
 2.133605e+05
 2.397435e+05
 2.693889e+05
 3.027002e+05
 3.401305e+05
 3.821893e+05
 4.294488e+05
 4.825522e+05
 5.422221e+05
 6.092705e+05
 6.846097e+05
 7.692650e+05
 8.643883e+05
 9.712740e+05
 1.091377e+06
 1.226331e+06
 1.377972e+06
 1.548365e+06
 1.739828e+06
 1.954966e+06
 2.196707e+06
 2.468340e+06
 2.773563e+06
 3.116527e+06
 3.501900e+06
 3.934927e+06
 4.421500e+06
 4.968240e+06
 5.582586e+06
 6.272900e+06
 7.048574e+06
 7.920164e+06
 8.899530e+06
 1.000000e+07

UPSILON_E N_trans=1
# upper_idx  lower_idx   upsilon(T_GRID[0]..T_GRID[N-1])
1           0            6.411882e+00  6.401137e+00  6.389474e+00  6.376867e+00  6.363303e+00  6.348787e+00  6.333341e+00  6.317012e+00  6.299875e+00  6.282031e+00  6.263612e+00  6.244781e+00  6.225724e+00  6.206646e+00  6.187759e+00  6.169261e+00  6.151319e+00  6.134036e+00  6.117421e+00  6.101353e+00  6.085553e+00  6.069616e+00  6.052969e+00  6.034841e+00  6.014274e+00  5.990055e+00  5.960168e+00  5.922151e+00  5.873503e+00  5.811862e+00  5.735669e+00  5.644396e+00  5.538019e+00  5.417001e+00  5.282208e+00  5.134699e+00  4.975921e+00  4.807682e+00  4.632048e+00  4.451501e+00  4.269413e+00  4.088884e+00  3.912437e+00  3.742050e+00  3.579204e+00  3.424939e+00  3.279921e+00  3.144502e+00  3.018775e+00  2.902639e+00  2.795833e+00  2.697990e+00  2.608660e+00  2.527346e+00  2.453523e+00  2.386656e+00  2.326211e+00  2.271669e+00  2.222532e+00  2.178326e+00  2.138605e+00  2.102953e+00  2.070983e+00  2.042341e+00  2.016698e+00  1.993756e+00  1.973242e+00  1.954910e+00  1.938535e+00  1.923914e+00  1.910863e+00  1.899219e+00  1.888832e+00  1.879569e+00  1.871311e+00  1.863949e+00  1.857388e+00  1.851541e+00  1.846332e+00  1.841692e+00

UPSILON_P N_trans=1
# upper_idx  lower_idx   upsilon(T_GRID[0]..T_GRID[N-1])
1           0            0.000000e+00  0.000000e+00  0.000000e+00  0.000000e+00  0.000000e+00  0.000000e+00  0.000000e+00  0.000000e+00  0.000000e+00  0.000000e+00  0.000000e+00  0.000000e+00  0.000000e+00  0.000000e+00  0.000000e+00  0.000000e+00  3.980457e-10  9.874983e-10  1.731493e-09  2.653962e-09  3.779511e-09  5.132582e-09  6.736280e-09  8.604142e-09  1.073245e-08  1.310567e-08  1.569608e-08  1.846359e-08  2.136061e-08  2.433711e-08  2.733726e-08  3.030146e-08  3.316993e-08  3.588818e-08  3.840790e-08  4.068848e-08  4.269602e-08  4.435884e-08  4.558713e-08  4.632187e-08  4.653552e-08  4.622988e-08  4.544696e-08  4.425579e-08  4.272847e-08  4.093610e-08  3.894621e-08  3.682087e-08  3.461540e-08  3.237769e-08  3.014807e-08  2.795942e-08  2.583772e-08  2.380266e-08  2.186839e-08  2.004431e-08  1.833586e-08  1.674519e-08  1.527190e-08  1.391354e-08  1.266620e-08  1.152484e-08  1.048375e-08  9.536732e-09  8.677402e-09  7.899331e-09  7.196190e-09  6.561847e-09  5.990436e-09  5.476406e-09  5.014546e-09  4.600000e-09  4.228273e-09  3.895220e-09  3.597039e-09  3.330256e-09  3.091705e-09  2.878510e-09  2.688064e-09  2.518010e-09

