# pyathena.photchem atomic data : SiIII
# CHIANTI source : ion si_3
# Levels kept    : lowest 5 of CHIANTI (padded to 5 if smaller)
# T grid tier    : hot
# T grid         : 80 log-spaced points, 1e+03 K -> 1e+07 K
# Generated by   : pyathena/photchem/data/build_chianti_tables.py
#
# Indices below are 0-based pyathena indices (level 0 = ground).
# CHIANTI level numbers are 1-based and shown for cross-reference.
#
LEVELS N=5
# idx  chianti_lvl  conf            term       j     g    E_erg            E_K
0     1            3s2             1S0        0.0   1     0.000000e+00   0.000000e+00
1     2            3s_3p           3P0        0.0   1     1.047113e-11   7.584205e+04
2     3            3s_3p           3P1        1.0   3     1.049667e-11   7.602704e+04
3     4            3s_3p           3P2        2.0   5     1.054864e-11   7.640348e+04
4     5            3s_3p           1P1        1.0   3     1.646084e-11   1.192254e+05

A_COEFFS N=4
# upper_idx  lower_idx   A [s^-1]
2           0            1.721000e+04
3           0            1.250000e-02
3           2            2.487000e-04
4           0            2.469000e+09

T_GRID N=80
 1.000000e+03
 1.123655e+03
 1.262600e+03
 1.418727e+03
 1.594159e+03
 1.791284e+03
 2.012785e+03
 2.261676e+03
 2.541343e+03
 2.855592e+03
 3.208700e+03
 3.605471e+03
 4.051305e+03
 4.552268e+03
 5.115178e+03
 5.747694e+03
 6.458424e+03
 7.257040e+03
 8.154407e+03
 9.162739e+03
 1.029576e+04
 1.156888e+04
 1.299942e+04
 1.460686e+04
 1.641307e+04
 1.844263e+04
 2.072315e+04
 2.328566e+04
 2.616505e+04
 2.940048e+04
 3.303599e+04
 3.712105e+04
 4.171125e+04
 4.686904e+04
 5.266462e+04
 5.917686e+04
 6.649436e+04
 7.471671e+04
 8.395579e+04
 9.433732e+04
 1.060026e+05
 1.191103e+05
 1.338389e+05
 1.503887e+05
 1.689850e+05
 1.898808e+05
 2.133605e+05
 2.397435e+05
 2.693889e+05
 3.027002e+05
 3.401305e+05
 3.821893e+05
 4.294488e+05
 4.825522e+05
 5.422221e+05
 6.092705e+05
 6.846097e+05
 7.692650e+05
 8.643883e+05
 9.712740e+05
 1.091377e+06
 1.226331e+06
 1.377972e+06
 1.548365e+06
 1.739828e+06
 1.954966e+06
 2.196707e+06
 2.468340e+06
 2.773563e+06
 3.116527e+06
 3.501900e+06
 3.934927e+06
 4.421500e+06
 4.968240e+06
 5.582586e+06
 6.272900e+06
 7.048574e+06
 7.920164e+06
 8.899530e+06
 1.000000e+07

UPSILON_E N_trans=10
# upper_idx  lower_idx   upsilon(T_GRID[0]..T_GRID[N-1])
1           0            1.174947e+00  1.167784e+00  1.159085e+00  1.148555e+00  1.135858e+00  1.120624e+00  1.102461e+00  1.080973e+00  1.055802e+00  1.026686e+00  9.935564e-01  9.566844e-01  9.168955e-01  8.758839e-01  8.359182e-01  7.980857e-01  7.630752e-01  7.312929e-01  7.025912e-01  6.758747e-01  6.496103e-01  6.238255e-01  5.988197e-01  5.747900e-01  5.517430e-01  5.293791e-01  5.073311e-01  4.857613e-01  4.648856e-01  4.448546e-01  4.257157e-01  4.073716e-01  3.895385e-01  3.717143e-01  3.535431e-01  3.351450e-01  3.166984e-01  2.983943e-01  2.804298e-01  2.630000e-01  2.462348e-01  2.301731e-01  2.148275e-01  2.001922e-01  1.862478e-01  1.729665e-01  1.603397e-01  1.483781e-01  1.370859e-01  1.264607e-01  1.164943e-01  1.071742e-01  9.848422e-02  9.040418e-02  8.290171e-02  7.593990e-02  6.948636e-02  6.351232e-02  5.799153e-02  5.289893e-02  4.820561e-02  4.388312e-02  3.990675e-02  3.625438e-02  3.290556e-02  2.984060e-02  2.703782e-02  2.447648e-02  2.213831e-02  2.000675e-02  1.806653e-02  1.630328e-02  1.470348e-02  1.325397e-02  1.194092e-02  1.075170e-02  9.675231e-03  8.701614e-03  7.821868e-03  7.027623e-03
2           0            3.597347e+00  3.574477e+00  3.546259e+00  3.511660e+00  3.469535e+00  3.418651e+00  3.357738e+00  3.285587e+00  3.201194e+00  3.103986e+00  2.994157e+00  2.873143e+00  2.744291e+00  2.613762e+00  2.489223e+00  2.373905e+00  2.269435e+00  2.176282e+00  2.093030e+00  2.015462e+00  1.938534e+00  1.862090e+00  1.786841e+00  1.713398e+00  1.642198e+00  1.573420e+00  1.507145e+00  1.443653e+00  1.383075e+00  1.325290e+00  1.269907e+00  1.216250e+00  1.163360e+00  1.110037e+00  1.055661e+00  1.000689e+00  9.456825e-01  8.911961e-01  8.377642e-01  7.858803e-01  7.358593e-01  6.878095e-01  6.417915e-01  5.978323e-01  5.559287e-01  5.160549e-01  4.782245e-01  4.424870e-01  4.088606e-01  3.773340e-01  3.478719e-01  3.204198e-01  2.949084e-01  2.712578e-01  2.493810e-01  2.291868e-01  2.105819e-01  1.934730e-01  1.777680e-01  1.633778e-01  1.502174e-01  1.382064e-01  1.272682e-01  1.173302e-01  1.083243e-01  1.001850e-01  9.283873e-02  8.621226e-02  8.024006e-02  7.486350e-02  7.003008e-02  6.569273e-02  6.180918e-02  5.834013e-02  5.524337e-02  5.247935e-02  5.001317e-02  4.781402e-02  4.585467e-02  4.411084e-02
2           1            2.825540e+00  2.818002e+00  2.809022e+00  2.798341e+00  2.785661e+00  2.770656e+00  2.752977e+00  2.732269e+00  2.708197e+00  2.680499e+00  2.649059e+00  2.614016e+00  2.575937e+00  2.536065e+00  2.496096e+00  2.456855e+00  2.418899e+00  2.382638e+00  2.348153e+00  2.314941e+00  2.282225e+00  2.250242e+00  2.219373e+00  2.189861e+00  2.161693e+00  2.134448e+00  2.107559e+00  2.081015e+00  2.054762e+00  2.028532e+00  2.001774e+00  1.973573e+00  1.942577e+00  1.906961e+00  1.865333e+00  1.817574e+00  1.763860e+00  1.704586e+00  1.640361e+00  1.571992e+00  1.500370e+00  1.426395e+00  1.351037e+00  1.275297e+00  1.200164e+00  1.126558e+00  1.055039e+00  9.858106e-01  9.190456e-01  8.548979e-01  7.935028e-01  7.349746e-01  6.794033e-01  6.268501e-01  5.773140e-01  5.307563e-01  4.871324e-01  4.463885e-01  4.084586e-01  3.732597e-01  3.406573e-01  3.105033e-01  2.826648e-01  2.570182e-01  2.334442e-01  2.118233e-01  1.920160e-01  1.738862e-01  1.573128e-01  1.421857e-01  1.284016e-01  1.158634e-01  1.044781e-01  9.415527e-02  8.479930e-02  7.632235e-02  6.864699e-02  6.170361e-02  5.542885e-02  4.976382e-02
3           0            5.872434e+00  5.835634e+00  5.790186e+00  5.734349e+00  5.666154e+00  5.583430e+00  5.483882e+00  5.365225e+00  5.225433e+00  5.063123e+00  4.878170e+00  4.672627e+00  4.452103e+00  4.227742e+00  4.014291e+00  3.818721e+00  3.645166e+00  3.495542e+00  3.367606e+00  3.252174e+00  3.136867e+00  3.020619e+00  2.904636e+00  2.790008e+00  2.677502e+00  2.567281e+00  2.459374e+00  2.354903e+00  2.254962e+00  2.160238e+00  2.070798e+00  1.985855e+00  1.903529e+00  1.820683e+00  1.735064e+00  1.647260e+00  1.558253e+00  1.469163e+00  1.381208e+00  1.295655e+00  1.213336e+00  1.134456e+00  1.059076e+00  9.871691e-01  9.186406e-01  8.533566e-01  7.912775e-01  7.324617e-01  6.769347e-01  6.246880e-01  5.756848e-01  5.298653e-01  4.871507e-01  4.474416e-01  4.105664e-01  3.763277e-01  3.445574e-01  3.151106e-01  2.878588e-01  2.626822e-01  2.394465e-01  2.180206e-01  1.982898e-01  1.801506e-01  1.635065e-01  1.482639e-01  1.343207e-01  1.215788e-01  1.099497e-01  9.935224e-02  8.971058e-02  8.095303e-02  7.301158e-02  6.581981e-02  5.930628e-02  5.340619e-02  4.806361e-02  4.322910e-02  3.885820e-02  3.490983e-02
3           1            3.272800e+00  3.274249e+00  3.277963e+00  3.284563e+00  3.294757e+00  3.309314e+00  3.329031e+00  3.354649e+00  3.386729e+00  3.425446e+00  3.470272e+00  3.519495e+00  3.569518e+00  3.613835e+00  3.644152e+00  3.656706e+00  3.649764e+00  3.623529e+00  3.581529e+00  3.532582e+00  3.487911e+00  3.450172e+00  3.419711e+00  3.395786e+00  3.375967e+00  3.355373e+00  3.328559e+00  3.294132e+00  3.251528e+00  3.200464e+00  3.141059e+00  3.073958e+00  3.000449e+00  2.922553e+00  2.841911e+00  2.758762e+00  2.673191e+00  2.585252e+00  2.494974e+00  2.402386e+00  2.308003e+00  2.213012e+00  2.118675e+00  2.026230e+00  1.936834e+00  1.851510e+00  1.771034e+00  1.695918e+00  1.626500e+00  1.562950e+00  1.505287e+00  1.453397e+00  1.407058e+00  1.365965e+00  1.329778e+00  1.298130e+00  1.270620e+00  1.246835e+00  1.226368e+00  1.208821e+00  1.193793e+00  1.180908e+00  1.169848e+00  1.160338e+00  1.152149e+00  1.145115e+00  1.139343e+00  1.134939e+00  1.131861e+00  1.129985e+00  1.129145e+00  1.129161e+00  1.129860e+00  1.131074e+00  1.132626e+00  1.134367e+00  1.136196e+00  1.138038e+00  1.139842e+00  1.141587e+00
3           2            1.066682e+01  1.066240e+01  1.066206e+01  1.066707e+01  1.067887e+01  1.069902e+01  1.072912e+01  1.077064e+01  1.082463e+01  1.089123e+01  1.096902e+01  1.105393e+01  1.113765e+01  1.120540e+01  1.123847e+01  1.122847e+01  1.117178e+01  1.106948e+01  1.093055e+01  1.077657e+01  1.063475e+01  1.051205e+01  1.040979e+01  1.032635e+01  1.025552e+01  1.018442e+01  1.009855e+01  9.994380e+00  9.870463e+00  9.725853e+00  9.560344e+00  9.374703e+00  9.170915e+00  8.952352e+00  8.721731e+00  8.479245e+00  8.224896e+00  7.958746e+00  7.680947e+00  7.391809e+00  7.093199e+00  6.789042e+00  6.483592e+00  6.181113e+00  5.885683e+00  5.600985e+00  5.329616e+00  5.073063e+00  4.832361e+00  4.608142e+00  4.400660e+00  4.209831e+00  4.035286e+00  3.876414e+00  3.732257e+00  3.601689e+00  3.483619e+00  3.377004e+00  3.280856e+00  3.194298e+00  3.116991e+00  3.048678e+00  2.988838e+00  2.936790e+00  2.891773e+00  2.852994e+00  2.819528e+00  2.790514e+00  2.765256e+00  2.743190e+00  2.723853e+00  2.706862e+00  2.691898e+00  2.678753e+00  2.667513e+00  2.658202e+00  2.650701e+00  2.644819e+00  2.640336e+00  2.637017e+00
4           0            4.803587e+00  4.820976e+00  4.839229e+00  4.858275e+00  4.878045e+00  4.898491e+00  4.919618e+00  4.941535e+00  4.964528e+00  4.989163e+00  5.016424e+00  5.047908e+00  5.086066e+00  5.134514e+00  5.197240e+00  5.275447e+00  5.368907e+00  5.476154e+00  5.594075e+00  5.717495e+00  5.840928e+00  5.963144e+00  6.084015e+00  6.203831e+00  6.323360e+00  6.443895e+00  6.566646e+00  6.691782e+00  6.819443e+00  6.949928e+00  7.083700e+00  7.221389e+00  7.363781e+00  7.511812e+00  7.666935e+00  7.831246e+00  8.006833e+00  8.195676e+00  8.399626e+00  8.620423e+00  8.860999e+00  9.125486e+00  9.417246e+00  9.738852e+00  1.009221e+01  1.047866e+01  1.089808e+01  1.134918e+01  1.183095e+01  1.234258e+01  1.288340e+01  1.345284e+01  1.405030e+01  1.467510e+01  1.532541e+01  1.599883e+01  1.669339e+01  1.740738e+01  1.813933e+01  1.888793e+01  1.965244e+01  2.043240e+01  2.122719e+01  2.203610e+01  2.285836e+01  2.369318e+01  2.454022e+01  2.539930e+01  2.627008e+01  2.715212e+01  2.804490e+01  2.894788e+01  2.986047e+01  3.078209e+01  3.171213e+01  3.265000e+01  3.359513e+01  3.454698e+01  3.550505e+01  3.646886e+01
4           1            1.244193e+00  1.240255e+00  1.235177e+00  1.228711e+00  1.220576e+00  1.210462e+00  1.198046e+00  1.183011e+00  1.165086e+00  1.144109e+00  1.120128e+00  1.093544e+00  1.065334e+00  1.037370e+00  1.012095e+00  9.906401e-01  9.736096e-01  9.611529e-01  9.526071e-01  9.459842e-01  9.386663e-01  9.301261e-01  9.202874e-01  9.091248e-01  8.966923e-01  8.831593e-01  8.687107e-01  8.533059e-01  8.368372e-01  8.191513e-01  8.000359e-01  7.792072e-01  7.562987e-01  7.308580e-01  7.026519e-01  6.719442e-01  6.391776e-01  6.049384e-01  5.699423e-01  5.350000e-01  5.006987e-01  4.672587e-01  4.348519e-01  4.036228e-01  3.736879e-01  3.451358e-01  3.180325e-01  2.924229e-01  2.683290e-01  2.457526e-01  2.246781e-01  2.050751e-01  1.869014e-01  1.701054e-01  1.546270e-01  1.404004e-01  1.273572e-01  1.154271e-01  1.045394e-01  9.462251e-02  8.559062e-02  7.735926e-02  6.985667e-02  6.302086e-02  5.679711e-02  5.113665e-02  4.599810e-02  4.134318e-02  3.713438e-02  3.333541e-02  2.991158e-02  2.683004e-02  2.405994e-02  2.157190e-02  1.933580e-02  1.732469e-02  1.551544e-02  1.388791e-02  1.242428e-02  1.110876e-02
4           2            3.733173e+00  3.721465e+00  3.706253e+00  3.686765e+00  3.662129e+00  3.631386e+00  3.593530e+00  3.547582e+00  3.492707e+00  3.428422e+00  3.354900e+00  3.273436e+00  3.187146e+00  3.101963e+00  3.025613e+00  2.961657e+00  2.911957e+00  2.876895e+00  2.854213e+00  2.837375e+00  2.817822e+00  2.793763e+00  2.764907e+00  2.731209e+00  2.693010e+00  2.651209e+00  2.606805e+00  2.559768e+00  2.509804e+00  2.456469e+00  2.399117e+00  2.336864e+00  2.268542e+00  2.192686e+00  2.108518e+00  2.016837e+00  1.918994e+00  1.816777e+00  1.712366e+00  1.608226e+00  1.506100e+00  1.406550e+00  1.309987e+00  1.216746e+00  1.127085e+00  1.041201e+00  9.593359e-01  8.817750e-01  8.087185e-01  7.402794e-01  6.764911e-01  6.173168e-01  5.626598e-01  5.123689e-01  4.661796e-01  4.237799e-01  3.848867e-01  3.492433e-01  3.166149e-01  2.867855e-01  2.595559e-01  2.347400e-01  2.121607e-01  1.916498e-01  1.730475e-01  1.562001e-01  1.409469e-01  1.271375e-01  1.146397e-01  1.033362e-01  9.312097e-02  8.389775e-02  7.557831e-02  6.807984e-02  6.131818e-02  5.521807e-02  4.971475e-02  4.475147e-02  4.027770e-02  3.624645e-02
4           3            6.224058e+00  6.204360e+00  6.178722e+00  6.145835e+00  6.104216e+00  6.052238e+00  5.988194e+00  5.910419e+00  5.817506e+00  5.708639e+00  5.584125e+00  5.446191e+00  5.300161e+00  5.156172e+00  5.027396e+00  4.919905e+00  4.836881e+00  4.778976e+00  4.742341e+00  4.715822e+00  4.684840e+00  4.646365e+00  4.599912e+00  4.545414e+00  4.483462e+00  4.415605e+00  4.343547e+00  4.267207e+00  4.186036e+00  4.099198e+00  4.005498e+00  3.903294e+00  3.790429e+00  3.664209e+00  3.523207e+00  3.368886e+00  3.203723e+00  3.031005e+00  2.854738e+00  2.679459e+00  2.508278e+00  2.342040e+00  2.181292e+00  2.026441e+00  1.877768e+00  1.735455e+00  1.599806e+00  1.471237e+00  1.350038e+00  1.236367e+00  1.130262e+00  1.031656e+00  9.403947e-01  8.562428e-01  7.788424e-01  7.077752e-01  6.426354e-01  5.830323e-01  5.285897e-01  4.789415e-01  4.336831e-01  3.924229e-01  3.548208e-01  3.205767e-01  2.894206e-01  2.611077e-01  2.354213e-01  2.121597e-01  1.911290e-01  1.721444e-01  1.550308e-01  1.396237e-01  1.257690e-01  1.133184e-01  1.021107e-01  9.200449e-02  8.288318e-02  7.464849e-02  6.721539e-02  6.050684e-02

UPSILON_P N_trans=3
# upper_idx  lower_idx   upsilon(T_GRID[0]..T_GRID[N-1])
2           1            0.000000e+00  0.000000e+00  0.000000e+00  0.000000e+00  0.000000e+00  0.000000e+00  0.000000e+00  0.000000e+00  0.000000e+00  0.000000e+00  0.000000e+00  0.000000e+00  0.000000e+00  0.000000e+00  0.000000e+00  0.000000e+00  0.000000e+00  0.000000e+00  0.000000e+00  0.000000e+00  2.453770e-11  7.352351e-11  1.408828e-10  2.365540e-10  3.727890e-10  5.638067e-10  8.252844e-10  1.169097e-09  1.600000e-09  2.120394e-09  2.730489e-09  3.427470e-09  4.203492e-09  5.048053e-09  5.949153e-09  6.893280e-09  7.859385e-09  8.823261e-09  9.764218e-09  1.066562e-08  1.151539e-08  1.231185e-08  1.305920e-08  1.376082e-08  1.441931e-08  1.503667e-08  1.561449e-08  1.615413e-08  1.665685e-08  1.712390e-08  1.755654e-08  1.795617e-08  1.832422e-08  1.866224e-08  1.897186e-08  1.925473e-08  1.951254e-08  1.974699e-08  1.995976e-08  2.015248e-08  2.032674e-08  2.048406e-08  2.062588e-08  2.075355e-08  2.086835e-08  2.097147e-08  2.106401e-08  2.114698e-08  2.122130e-08  2.128784e-08  2.134738e-08  2.140061e-08  2.144818e-08  2.149068e-08  2.152863e-08  2.156250e-08  2.159273e-08  2.161969e-08  2.164374e-08  2.166518e-08
3           1            0.000000e+00  0.000000e+00  0.000000e+00  0.000000e+00  0.000000e+00  0.000000e+00  0.000000e+00  0.000000e+00  0.000000e+00  0.000000e+00  0.000000e+00  0.000000e+00  0.000000e+00  0.000000e+00  0.000000e+00  0.000000e+00  0.000000e+00  0.000000e+00  6.059611e-11  1.466217e-10  2.629817e-10  4.249710e-10  6.518081e-10  9.658548e-10  1.391997e-09  1.952959e-09  2.663011e-09  3.532957e-09  4.570254e-09  5.776786e-09  7.139936e-09  8.639062e-09  1.025057e-08  1.194920e-08  1.371365e-08  1.552691e-08  1.737123e-08  1.922849e-08  2.108063e-08  2.290215e-08  2.466245e-08  2.633843e-08  2.791436e-08  2.938076e-08  3.073326e-08  3.197150e-08  3.309811e-08  3.411786e-08  3.503695e-08  3.586239e-08  3.660162e-08  3.726211e-08  3.785116e-08  3.837576e-08  3.884243e-08  3.925725e-08  3.962574e-08  3.995294e-08  4.024342e-08  4.050124e-08  4.073006e-08  4.093316e-08  4.111342e-08  4.127344e-08  4.141550e-08  4.154164e-08  4.165366e-08  4.175316e-08  4.184154e-08  4.192006e-08  4.198983e-08  4.205183e-08  4.210694e-08  4.215593e-08  4.219948e-08  4.223820e-08  4.227263e-08  4.230325e-08  4.233048e-08  4.235470e-08
3           2            0.000000e+00  0.000000e+00  0.000000e+00  0.000000e+00  0.000000e+00  0.000000e+00  0.000000e+00  0.000000e+00  0.000000e+00  0.000000e+00  0.000000e+00  0.000000e+00  0.000000e+00  0.000000e+00  0.000000e+00  0.000000e+00  0.000000e+00  6.095876e-11  1.605970e-10  2.937563e-10  4.704579e-10  7.047875e-10  1.013093e-09  1.413550e-09  1.925397e-09  2.564534e-09  3.341950e-09  4.265976e-09  5.341724e-09  6.566561e-09  7.922984e-09  9.388527e-09  1.093876e-08  1.254942e-08  1.420471e-08  1.589215e-08  1.759809e-08  1.930825e-08  2.100681e-08  2.266491e-08  2.425271e-08  2.574919e-08  2.714101e-08  2.842120e-08  2.958782e-08  3.064271e-08  3.159046e-08  3.243743e-08  3.319109e-08  3.385940e-08  3.445044e-08  3.497205e-08  3.543170e-08  3.583632e-08  3.619226e-08  3.650528e-08  3.678052e-08  3.702259e-08  3.723554e-08  3.742295e-08  3.758797e-08  3.773336e-08  3.786153e-08  3.797460e-08  3.807440e-08  3.816254e-08  3.824044e-08  3.830933e-08  3.837027e-08  3.842422e-08  3.847201e-08  3.851434e-08  3.855187e-08  3.858515e-08  3.861467e-08  3.864087e-08  3.866412e-08  3.868477e-08  3.870310e-08  3.871939e-08

