# pyathena.photchem atomic data : SiIV
# CHIANTI source : ion si_4
# Levels kept    : lowest 3 of CHIANTI (padded to 5 if smaller)
# T grid         : 60 log-spaced points, 1e+03 K -> 1e+06 K
# Generated by   : pyathena/photchem/data/build_chianti_tables.py
#
# Indices below are 0-based pyathena indices (level 0 = ground).
# CHIANTI level numbers are 1-based and shown for cross-reference.
#
LEVELS N=3
# idx  chianti_lvl  conf            term       j     g    E_erg            E_K
0     1            3s              2S0.5      0.5   2     0.000000e+00   0.000000e+00
1     2            3p              2P0.5      0.5   2     1.415771e-11   1.025438e+05
2     3            3p              2P1.5      1.5   4     1.424928e-11   1.032071e+05

A_COEFFS N=2
# upper_idx  lower_idx   A [s^-1]
1           0            8.910000e+08
2           0            9.060000e+08

T_GRID N=60
 1.000000e+03
 1.124210e+03
 1.263848e+03
 1.420831e+03
 1.597312e+03
 1.795714e+03
 2.018760e+03
 2.269511e+03
 2.551407e+03
 2.868317e+03
 3.224591e+03
 3.625117e+03
 4.075393e+03
 4.581598e+03
 5.150678e+03
 5.790444e+03
 6.509675e+03
 7.318242e+03
 8.227241e+03
 9.249147e+03
 1.039798e+04
 1.168952e+04
 1.314147e+04
 1.477378e+04
 1.660883e+04
 1.867181e+04
 2.099104e+04
 2.359833e+04
 2.652948e+04
 2.982471e+04
 3.352924e+04
 3.769391e+04
 4.237587e+04
 4.763938e+04
 5.355667e+04
 6.020894e+04
 6.768750e+04
 7.609497e+04
 8.554673e+04
 9.617249e+04
 1.081181e+05
 1.215474e+05
 1.366448e+05
 1.536175e+05
 1.726983e+05
 1.941492e+05
 2.182645e+05
 2.453751e+05
 2.758532e+05
 3.101169e+05
 3.486365e+05
 3.919407e+05
 4.406236e+05
 4.953535e+05
 5.568814e+05
 6.260517e+05
 7.038136e+05
 7.912343e+05
 8.895135e+05
 1.000000e+06

UPSILON_E N_trans=3
# upper_idx  lower_idx   upsilon(T_GRID[0]..T_GRID[N-1])
1           0            5.273266e+00  5.271922e+00  5.270411e+00  5.268712e+00  5.266804e+00  5.264664e+00  5.262267e+00  5.259585e+00  5.256594e+00  5.253267e+00  5.249580e+00  5.245516e+00  5.241064e+00  5.236228e+00  5.231032e+00  5.225530e+00  5.219817e+00  5.214045e+00  5.208446e+00  5.203323e+00  5.199036e+00  5.196044e+00  5.194938e+00  5.196459e+00  5.201525e+00  5.210911e+00  5.224872e+00  5.243409e+00  5.266252e+00  5.292813e+00  5.322159e+00  5.353742e+00  5.387863e+00  5.424955e+00  5.465530e+00  5.510180e+00  5.559565e+00  5.614402e+00  5.675455e+00  5.743519e+00  5.819404e+00  5.903901e+00  5.997764e+00  6.101687e+00  6.216320e+00  6.342540e+00  6.481278e+00  6.633277e+00  6.799088e+00  6.979071e+00  7.173388e+00  7.381838e+00  7.604018e+00  7.839461e+00  8.087645e+00  8.348001e+00  8.619928e+00  8.902795e+00  9.195966e+00  9.498818e+00
2           0            1.055697e+01  1.055388e+01  1.055037e+01  1.054636e+01  1.054180e+01  1.053661e+01  1.053072e+01  1.052403e+01  1.051647e+01  1.050796e+01  1.049841e+01  1.048778e+01  1.047607e+01  1.046331e+01  1.044964e+01  1.043535e+01  1.042090e+01  1.040702e+01  1.039481e+01  1.038549e+01  1.037981e+01  1.037844e+01  1.038191e+01  1.039061e+01  1.040462e+01  1.042405e+01  1.044952e+01  1.048163e+01  1.052091e+01  1.056776e+01  1.062242e+01  1.068517e+01  1.075634e+01  1.083620e+01  1.092498e+01  1.102286e+01  1.113001e+01  1.124659e+01  1.137290e+01  1.151042e+01  1.166167e+01  1.182915e+01  1.201527e+01  1.222224e+01  1.245205e+01  1.270651e+01  1.298713e+01  1.329511e+01  1.363129e+01  1.399617e+01  1.438986e+01  1.481139e+01  1.525930e+01  1.573216e+01  1.622856e+01  1.674709e+01  1.728637e+01  1.784503e+01  1.842202e+01  1.901773e+01
2           1            3.331587e+00  3.329935e+00  3.327722e+00  3.324810e+00  3.321038e+00  3.316222e+00  3.310156e+00  3.302617e+00  3.293381e+00  3.282243e+00  3.269057e+00  3.253798e+00  3.236651e+00  3.218163e+00  3.199448e+00  3.182503e+00  3.170655e+00  3.169205e+00  3.186313e+00  3.230838e+00  3.306905e+00  3.416177e+00  3.556909e+00  3.721709e+00  3.894543e+00  4.058428e+00  4.208102e+00  4.340076e+00  4.451982e+00  4.543495e+00  4.617427e+00  4.675714e+00  4.715542e+00  4.734046e+00  4.729019e+00  4.699289e+00  4.645126e+00  4.568651e+00  4.474016e+00  4.364343e+00  4.241300e+00  4.107342e+00  3.965759e+00  3.820589e+00  3.676268e+00  3.535273e+00  3.398539e+00  3.266853e+00  3.140870e+00  3.021102e+00  2.907933e+00  2.801723e+00  2.702740e+00  2.611097e+00  2.526765e+00  2.449593e+00  2.379330e+00  2.315647e+00  2.258109e+00  2.206021e+00

