# pyathena.photchem atomic data : SIII
# CHIANTI source : ion s_3
# Levels kept    : lowest 5 of CHIANTI (padded to 5 if smaller)
# T grid         : 60 log-spaced points, 1e+03 K -> 1e+06 K
# Generated by   : pyathena/photchem/data/build_chianti_tables.py
#
# Indices below are 0-based pyathena indices (level 0 = ground).
# CHIANTI level numbers are 1-based and shown for cross-reference.
#
LEVELS N=5
# idx  chianti_lvl  conf            term       j     g    E_erg            E_K
0     1            3s2.3p2         3P0        0.0   1     0.000000e+00   0.000000e+00
1     2            3s2.3p2         3P1        1.0   3     5.928210e-14   4.293785e+02
2     3            3s2.3p2         3P2        2.0   5     1.654537e-13   1.198376e+03
3     4            3s2.3p2         1D2        2.0   5     2.248907e-12   1.628876e+04
4     5            3s2.3p2         1S0        0.0   1     5.394472e-12   3.907201e+04

A_COEFFS N=9
# upper_idx  lower_idx   A [s^-1]
1           0            3.418000e-04
2           0            2.277000e-08
2           1            1.430000e-03
3           0            5.638000e-06
3           1            1.953000e-02
3           2            5.157000e-02
4           1            6.876000e-01
4           2            9.532000e-03
4           3            2.189000e+00

T_GRID N=60
 1.000000e+03
 1.124210e+03
 1.263848e+03
 1.420831e+03
 1.597312e+03
 1.795714e+03
 2.018760e+03
 2.269511e+03
 2.551407e+03
 2.868317e+03
 3.224591e+03
 3.625117e+03
 4.075393e+03
 4.581598e+03
 5.150678e+03
 5.790444e+03
 6.509675e+03
 7.318242e+03
 8.227241e+03
 9.249147e+03
 1.039798e+04
 1.168952e+04
 1.314147e+04
 1.477378e+04
 1.660883e+04
 1.867181e+04
 2.099104e+04
 2.359833e+04
 2.652948e+04
 2.982471e+04
 3.352924e+04
 3.769391e+04
 4.237587e+04
 4.763938e+04
 5.355667e+04
 6.020894e+04
 6.768750e+04
 7.609497e+04
 8.554673e+04
 9.617249e+04
 1.081181e+05
 1.215474e+05
 1.366448e+05
 1.536175e+05
 1.726983e+05
 1.941492e+05
 2.182645e+05
 2.453751e+05
 2.758532e+05
 3.101169e+05
 3.486365e+05
 3.919407e+05
 4.406236e+05
 4.953535e+05
 5.568814e+05
 6.260517e+05
 7.038136e+05
 7.912343e+05
 8.895135e+05
 1.000000e+06

UPSILON_E N_trans=10
# upper_idx  lower_idx   upsilon(T_GRID[0]..T_GRID[N-1])
1           0            2.080006e+00  2.084547e+00  2.089509e+00  2.094862e+00  2.100542e+00  2.106537e+00  2.113207e+00  2.121232e+00  2.131680e+00  2.145623e+00  2.162979e+00  2.183017e+00  2.204350e+00  2.225277e+00  2.244602e+00  2.260934e+00  2.272527e+00  2.277890e+00  2.276627e+00  2.268747e+00  2.254607e+00  2.235020e+00  2.211332e+00  2.185268e+00  2.158809e+00  2.133060e+00  2.107878e+00  2.083027e+00  2.058275e+00  2.033370e+00  2.008063e+00  1.982179e+00  1.955555e+00  1.926906e+00  1.894351e+00  1.856700e+00  1.813410e+00  1.764368e+00  1.709853e+00  1.650532e+00  1.587260e+00  1.520417e+00  1.450376e+00  1.377872e+00  1.303856e+00  1.229479e+00  1.155845e+00  1.083881e+00  1.014224e+00  9.467119e-01  8.811793e-01  8.177267e-01  7.566069e-01  6.982187e-01  6.429008e-01  5.908742e-01  5.421959e-01  4.966252e-01  4.539594e-01  4.140799e-01
2           0            9.840083e-01  9.777502e-01  9.711900e-01  9.646120e-01  9.584776e-01  9.533588e-01  9.495923e-01  9.474301e-01  9.470600e-01  9.485606e-01  9.518518e-01  9.566013e-01  9.621236e-01  9.677301e-01  9.735125e-01  9.797951e-01  9.870469e-01  9.957930e-01  1.006480e+00  1.019604e+00  1.035715e+00  1.055169e+00  1.077918e+00  1.103777e+00  1.132444e+00  1.163105e+00  1.194359e+00  1.224749e+00  1.252891e+00  1.277677e+00  1.298327e+00  1.314284e+00  1.325204e+00  1.330675e+00  1.330327e+00  1.324123e+00  1.312269e+00  1.294558e+00  1.270748e+00  1.241093e+00  1.206224e+00  1.167162e+00  1.125061e+00  1.081001e+00  1.035880e+00  9.899209e-01  9.432853e-01  8.963479e-01  8.495745e-01  8.033958e-01  7.582231e-01  7.144405e-01  6.723298e-01  6.318932e-01  5.931424e-01  5.561578e-01  5.208968e-01  4.868131e-01  4.535789e-01  4.211529e-01
2           1            4.860003e+00  4.855149e+00  4.849993e+00  4.844700e+00  4.839543e+00  4.835064e+00  4.832477e+00  4.833718e+00  4.841645e+00  4.859065e+00  4.885821e+00  4.919955e+00  4.957609e+00  4.994455e+00  5.029004e+00  5.060103e+00  5.086469e+00  5.107519e+00  5.124489e+00  5.139554e+00  5.155700e+00  5.175133e+00  5.197918e+00  5.223809e+00  5.252440e+00  5.283002e+00  5.314189e+00  5.344648e+00  5.373042e+00  5.397096e+00  5.413778e+00  5.420647e+00  5.415885e+00  5.396281e+00  5.358149e+00  5.299560e+00  5.220127e+00  5.119757e+00  4.999049e+00  4.859916e+00  4.705047e+00  4.536454e+00  4.356243e+00  4.167234e+00  3.972486e+00  3.774547e+00  3.575825e+00  3.378726e+00  3.185259e+00  2.995961e+00  2.811302e+00  2.632155e+00  2.459674e+00  2.295691e+00  2.141605e+00  1.998142e+00  1.864875e+00  1.738727e+00  1.617530e+00  1.500458e+00
3           0            6.979751e-01  7.072762e-01  7.167994e-01  7.259091e-01  7.335942e-01  7.386877e-01  7.408524e-01  7.402454e-01  7.375482e-01  7.337338e-01  7.291203e-01  7.240377e-01  7.190494e-01  7.148020e-01  7.116685e-01  7.100203e-01  7.102769e-01  7.127338e-01  7.173256e-01  7.238057e-01  7.317639e-01  7.407210e-01  7.502206e-01  7.597294e-01  7.686555e-01  7.765278e-01  7.830704e-01  7.880537e-01  7.912930e-01  7.925670e-01  7.916334e-01  7.883482e-01  7.826610e-01  7.743921e-01  7.633215e-01  7.494206e-01  7.328154e-01  7.135527e-01  6.917089e-01  6.675459e-01  6.414459e-01  6.137804e-01  5.849409e-01  5.553639e-01  5.254643e-01  4.954500e-01  4.655069e-01  4.358821e-01  4.068351e-01  3.785887e-01  3.513390e-01  3.252551e-01  3.004622e-01  2.770096e-01  2.549239e-01  2.342236e-01  2.148901e-01  1.968110e-01  1.798966e-01  1.640939e-01
3           1            2.089979e+00  2.117236e+00  2.144868e+00  2.170762e+00  2.191573e+00  2.203525e+00  2.205856e+00  2.199706e+00  2.188280e+00  2.175718e+00  2.162892e+00  2.150051e+00  2.137524e+00  2.125900e+00  2.116379e+00  2.110618e+00  2.110739e+00  2.118325e+00  2.133022e+00  2.153706e+00  2.178635e+00  2.206081e+00  2.234903e+00  2.263830e+00  2.291448e+00  2.316402e+00  2.337517e+00  2.353728e+00  2.364138e+00  2.368171e+00  2.365598e+00  2.356433e+00  2.340855e+00  2.318222e+00  2.287482e+00  2.248235e+00  2.200610e+00  2.144354e+00  2.079302e+00  2.006037e+00  1.925720e+00  1.840254e+00  1.751729e+00  1.661983e+00  1.572449e+00  1.483360e+00  1.394805e+00  1.307231e+00  1.221245e+00  1.137438e+00  1.056378e+00  9.785770e-01  9.044355e-01  8.341438e-01  7.678244e-01  7.055664e-01  6.473445e-01  5.928545e-01  5.418523e-01  4.941940e-01
3           2            3.930079e+00  3.975378e+00  4.021701e+00  4.065906e+00  4.103003e+00  4.127235e+00  4.136872e+00  4.132545e+00  4.117395e+00  4.096016e+00  4.070161e+00  4.041913e+00  4.014788e+00  3.992633e+00  3.977138e+00  3.969651e+00  3.971466e+00  3.983379e+00  4.005109e+00  4.035647e+00  4.073264e+00  4.115779e+00  4.160826e+00  4.205616e+00  4.247062e+00  4.282802e+00  4.311601e+00  4.332469e+00  4.344630e+00  4.346783e+00  4.337225e+00  4.314823e+00  4.279049e+00  4.229176e+00  4.164587e+00  4.085558e+00  3.993020e+00  3.887032e+00  3.767617e+00  3.635907e+00  3.493809e+00  3.343594e+00  3.187725e+00  3.028726e+00  2.868821e+00  2.708717e+00  2.548997e+00  2.390750e+00  2.235259e+00  2.083741e+00  1.937306e+00  1.796916e+00  1.663305e+00  1.536834e+00  1.417722e+00  1.306109e+00  1.201860e+00  1.104146e+00  1.012344e+00  9.261354e-01
4           0            8.389992e-02  8.526473e-02  8.674349e-02  8.831750e-02  8.995178e-02  9.160362e-02  9.326233e-02  9.493439e-02  9.664344e-02  9.842465e-02  1.002985e-01  1.022928e-01  1.044522e-01  1.068131e-01  1.093507e-01  1.120121e-01  1.147201e-01  1.174221e-01  1.201578e-01  1.229997e-01  1.260438e-01  1.293554e-01  1.329233e-01  1.367219e-01  1.407178e-01  1.448817e-01  1.491916e-01  1.536223e-01  1.581433e-01  1.626675e-01  1.670586e-01  1.711965e-01  1.749775e-01  1.781758e-01  1.805098e-01  1.817984e-01  1.819628e-01  1.810897e-01  1.793551e-01  1.769304e-01  1.739577e-01  1.703927e-01  1.661612e-01  1.612818e-01  1.558449e-01  1.500509e-01  1.441049e-01  1.381644e-01  1.323233e-01  1.265065e-01  1.206464e-01  1.147430e-01  1.088319e-01  1.029572e-01  9.717056e-02  9.152538e-02  8.604650e-02  8.066792e-02  7.535526e-02  7.011800e-02
4           1            2.170036e-01  2.214526e-01  2.262484e-01  2.313071e-01  2.364806e-01  2.415945e-01  2.466211e-01  2.516191e-01  2.567389e-01  2.621662e-01  2.679201e-01  2.739771e-01  2.803029e-01  2.868436e-01  2.935103e-01  3.001855e-01  3.067234e-01  3.130179e-01  3.190973e-01  3.250469e-01  3.310005e-01  3.370896e-01  3.433979e-01  3.500170e-01  3.570435e-01  3.644692e-01  3.721486e-01  3.799213e-01  3.876204e-01  3.948952e-01  4.012404e-01  4.062363e-01  4.095653e-01  4.108620e-01  4.097824e-01  4.061697e-01  4.000306e-01  3.914422e-01  3.805640e-01  3.676638e-01  3.530818e-01  3.372167e-01  3.204750e-01  3.032321e-01  2.857988e-01  2.682855e-01  2.507736e-01  2.333956e-01  2.163129e-01  1.997411e-01  1.838661e-01  1.688151e-01  1.546619e-01  1.414199e-01  1.290822e-01  1.176340e-01  1.070470e-01  9.726549e-02  8.823770e-02  7.992051e-02
4           2            3.530085e-01  3.607191e-01  3.690385e-01  3.778283e-01  3.868416e-01  3.957848e-01  4.045993e-01  4.133609e-01  4.222855e-01  4.316429e-01  4.414445e-01  4.516388e-01  4.621609e-01  4.729359e-01  4.838822e-01  4.949138e-01  5.059440e-01  5.168864e-01  5.276544e-01  5.381716e-01  5.483787e-01  5.583416e-01  5.683358e-01  5.787135e-01  5.898619e-01  6.018759e-01  6.144583e-01  6.272726e-01  6.399729e-01  6.519249e-01  6.622582e-01  6.702513e-01  6.753649e-01  6.770588e-01  6.748757e-01  6.686391e-01  6.584114e-01  6.443116e-01  6.265632e-01  6.055738e-01  5.818683e-01  5.559984e-01  5.285280e-01  5.000214e-01  4.710004e-01  4.418543e-01  4.129171e-01  3.845036e-01  3.568772e-01  3.301745e-01  3.045017e-01  2.799676e-01  2.566729e-01  2.347182e-01  2.141699e-01  1.950537e-01  1.773542e-01  1.609989e-01  1.459133e-01  1.320300e-01
4           3            8.830011e-01  8.841629e-01  8.853124e-01  8.863342e-01  8.870469e-01  8.873706e-01  8.879012e-01  8.898227e-01  8.950300e-01  9.057069e-01  9.228840e-01  9.472148e-01  9.790883e-01  1.018547e+00  1.065237e+00  1.118191e+00  1.175676e+00  1.235808e+00  1.297467e+00  1.359387e+00  1.420051e+00  1.478449e+00  1.534709e+00  1.589239e+00  1.642596e+00  1.694944e+00  1.745876e+00  1.794987e+00  1.841894e+00  1.885570e+00  1.924429e+00  1.957187e+00  1.982928e+00  2.000885e+00  2.010530e+00  2.011792e+00  2.004982e+00  1.990457e+00  1.968718e+00  1.940568e+00  1.906975e+00  1.868706e+00  1.826524e+00  1.781334e+00  1.734092e+00  1.685770e+00  1.637259e+00  1.589316e+00  1.542441e+00  1.496316e+00  1.450670e+00  1.405569e+00  1.361363e+00  1.318949e+00  1.279048e+00  1.242038e+00  1.207102e+00  1.169947e+00  1.127837e+00  1.080121e+00

