Cloud	Dist.	Size	SFR	M_cloud M_dense Sigma(SFR)      Sigma_gas       t_ff    Deltav  t_cross 
(pc)    (pc)    (M_sun Myr^-1)  (M_sun) (M_sun) (M_sun Myr^-1 pc^-2)    (M_sun pc^-2)   (Myr)   (km s^-1)       (Myr)   
Aquila          260     7.56    322.3   24446   16034   1.80    136.2   2.20    3.00    7.26    
Auriga_N        450     1.31    0.50    503     13      0.09    92.78   1.11    1.70    2.22    
Auriga          450     5.98    36.0    10391   1134    0.32    92.37   2.38    1.70    10.1    
Cepheus_1       300     1.75    8.50    671     5.5     0.89    69.91   1.48    1.90    2.65    
Cepheus_2       300     1.46    0.00    499     12      0.00    74.18   1.31    2.20    1.92    
Cepheus_3       288     1.75    10.5    633     41      1.09    65.49   1.53    1.60    3.16    
Cepheus_4       325     1.08    0.50    267     0       0.14    73.31   1.13    1.00    3.11    
Cepheus_5       200     1.07    4.75    233     31      1.33    65.32   1.19    1.60    1.92    
Cha_I           150     1.30    20.5    482     176     3.88    91.18   1.11    0.85    4.40    
Cha_II          178     1.78    6.00    637     64      0.61    64.34   1.55    1.20    4.26    
Cha_III         150     2.24    1.00    746     0       0.06    47.37   2.03    1.10    5.86    
Corona_Aus      130     0.98    10.5    279     139     3.47    92.16   0.96    1.50    1.89    
IC5146_E        950     4.42    23.25   3365    0       0.38    54.79   2.65    2.45    5.20    
IC5146_NW       950     5.28    9.50    5179    92      0.11    59.13   2.79    2.04    7.46    
Lupus_I         150     1.68    3.25    512     39      0.37    57.86   1.59    2.17    2.23    
Lupus_III       200     2.22    17.0    912     96      1.10    59.08   1.81    2.11    3.03    
Lupus_IV        150     0.90    3.00    189     50      1.19    75.14   1.02    1.53    1.69    
Lupus_V         150     1.93    10.5    704     0       0.90    60.50   1.66    1.20    4.62    
Lupus_VI        150     1.46    11.0    454     4.3     1.63    67.50   1.37    1.20    3.52    
Musca           160     1.47    3.00    335     0       0.44    49.15   1.62    0.80    5.31    
Ophiuchus       125     3.08    72.75   3128    1209    2.44    104.8   1.60    0.94    9.45    
Oph_North_1     130     0.49    0.25    66      11      0.33    86.97   0.70    0.80    1.77    
Oph_North_2     130     0.46    0.00    68      26      0.00    102.7   0.63    1.37    0.97    
Oph_North_3     130     0.94    1.25    258     64      0.45    94.13   0.93    1.00    2.72    
Oph_North_4     130     0.58    0.00    76      0       0.00    71.83   0.84    1.23    1.37    
Oph_North_5     130     0.39    0.00    34      0       0.00    69.65   0.70    1.23    0.93    
Oph_North_6     130     0.70    0.75    116     12      0.48    74.85   0.90    0.85    2.38    
Perseus         250	4.83	96.25	6586	2147	1.32	89.99	2.16	1.54	9.03	
Serpens         429	3.92	56.0	6520	4213	1.16	135.1	1.59	2.16	5.23	
