Title: Observational Evidence of Dynamic Star Formation Rate in Milky Way 
    Giant Molecular Clouds
Authors: Lee E.J., Miville-Deschenes M.-A., Murray N.W.
Table: Star formation properties of SFC-GMC complexes and unmatched clouds 
    more massive than 10^{4.75} Msun (sorted by ionizing luminosities)
================================================================================
Byte-by-byte Description of file: apjaa3ae1t3_mrt.txt
--------------------------------------------------------------------------------
   Bytes Format Units        Label  Explanations
--------------------------------------------------------------------------------
   1-  3 I3     --             SFCno  SFC record number (SFC-GMC complex)
   5-  9 F5.2   km.s-1         SigV   Velocity dispersion
  11- 15 F5.2   kpc            Dist   Kinematic distance
  17- 22 F6.2   pc             Rad    Physical radius (1)
  24- 31 E8.2   s-1            Q      Ionizing luminosity
  33- 40 E8.2   solMass        Mgas   Gas mass
  42- 49 E8.2   solMass.pc-2   Sigma  Gas column density (2)
  51- 58 E8.2   --             SFEbr  Star formation efficiency
  60- 67 E8.2   --             SFRbr  Star formation rate per free-fall time
  69- 73 F5.2   10+6yr         tff    Free-fall time
  75- 83 A9     --             Avir   Virial parameter (3)
--------------------------------------------------------------------------------
Note (1): The physical radius is defined as Dist x tan(Angular Radius).
          The angular radius is defined in Section 2.4.
Note (2): The gas surface density is defined as Mgas / (Dist^2 x pi x MaxAxis x MinAxis)
          where MaxAxis and MinAxis are the maximum and minimum eigenvalues of 
          the moment of inertia matrix for each cloud (see Section 2.4).
Note (3): The virial parameter is defined as 5 SigV^2 Rad / G Mgas where 
          G is the gravitational constant.
--------------------------------------------------------------------------------
227 10.80 10.79  66.84 3.64e+52 9.47e+05 6.31e+01 3.79e-01 9.14e-01  9.32 9.58e+00  
228  7.65 11.82 119.13 1.65e+52 8.49e+06 1.61e+02 3.01e-02 5.77e-02  7.41 9.58e-01  
 68  5.34  8.42  61.64 9.50e+51 2.97e+06 2.23e+02 4.72e-02 5.69e-02  4.66 6.90e-01  
111  3.48  4.25  70.60 8.28e+51 3.51e+06 2.18e+02 3.52e-02 4.79e-02  5.26 2.83e-01  
274  9.37 15.24  64.29 7.24e+51 2.33e+06 1.51e+02 4.73e-02 6.86e-02  5.61 2.82e+00  
  2  3.30  8.25  42.39 7.00e+51 7.69e+05 1.13e+02 1.27e-01 1.71e-01  5.22 6.98e-01  
249  6.88 10.32  59.93 6.25e+51 9.33e+05 7.36e+01 9.66e-02 1.99e-01  7.97 3.54e+00  
110  3.75  4.59  73.23 6.04e+51 3.43e+06 1.88e+02 2.68e-02 3.90e-02  5.62 3.49e-01  
 72  5.59  6.69  52.90 5.81e+51 1.24e+06 8.71e+01 6.95e-02 1.03e-01  5.73 1.55e+00  
191  5.53  7.08  57.79 5.79e+51 2.69e+06 2.34e+02 3.30e-02 3.80e-02  4.45 7.67e-01  
174  4.11 11.12  85.07 5.44e+51 6.71e+05 2.87e+01 1.15e-01 4.72e-01 15.90 2.50e+00  
181  4.49 11.91  89.85 4.76e+51 7.69e+05 2.65e+01 8.99e-02 3.75e-01 16.12 2.74e+00  
 53  7.58  9.82  67.32 4.69e+51 1.59e+06 9.11e+01 4.50e-02 8.47e-02  7.27 2.83e+00  
 36  7.38 12.14 125.08 4.57e+51 2.49e+06 5.81e+01 2.85e-02 1.08e-01 14.72 3.19e+00  
 79  9.27  9.64 101.68 4.28e+51 4.15e+06 1.24e+02 1.61e-02 3.48e-02  8.36 2.46e+00  
182  4.43  4.48  33.63 4.16e+51 2.05e+05 4.21e+01 2.45e-01 4.53e-01  7.15 3.75e+00  
 94  4.77  6.68  79.06 4.14e+51 1.19e+06 5.78e+01 5.25e-02 1.45e-01 10.69 1.76e+00  
212  4.19 10.31 101.73 3.89e+51 3.21e+06 9.66e+01 1.90e-02 4.68e-02  9.51 6.48e-01  
164  6.58  4.48  39.43 3.75e+51 3.54e+05 6.66e+01 1.34e-01 2.39e-01  6.91 5.61e+00  
 50  7.44  5.02  42.83 3.48e+51 1.25e+06 1.95e+02 4.25e-02 4.57e-02  4.17 2.21e+00  
 78  4.76 10.33  81.41 3.45e+51 2.44e+06 1.01e+02 2.21e-02 4.45e-02  7.81 8.80e-01  
 15  6.66 14.62  88.53 3.21e+51 2.69e+06 1.10e+02 1.87e-02 4.08e-02  8.43 1.70e+00  
222  5.13  3.50  23.33 3.09e+51 2.20e+05 1.13e+02 1.83e-01 1.88e-01  3.99 3.25e+00  
 49  8.21 10.53  79.29 3.05e+51 2.64e+06 1.15e+02 1.81e-02 3.37e-02  7.21 2.36e+00  
204  6.18 12.72 133.50 3.03e+51 3.50e+06 5.78e+01 1.36e-02 4.81e-02 13.68 1.70e+00  
202  6.40  9.19  66.28 2.98e+51 5.31e+05 2.13e+01 8.21e-02 2.61e-01 12.29 5.95e+00  
248  5.87 15.10 102.66 2.94e+51 4.31e+06 1.24e+02 1.07e-02 2.31e-02  8.31 9.54e-01  
173  6.32 10.32  83.98 2.66e+51 8.93e+05 3.56e+01 4.50e-02 1.57e-01 13.51 4.38e+00  
218  5.93  6.31  32.33 2.62e+51 4.23e+05 1.17e+02 9.00e-02 1.09e-01  4.69 3.13e+00  
169  6.22  7.62  63.48 2.53e+51 2.23e+05 2.13e+01 1.53e-01 7.03e-01 17.76 1.28e+01  
253  8.84 10.69  79.53 2.39e+51 1.34e+06 5.85e+01 2.77e-02 7.29e-02 10.17 5.41e+00  
245  6.17 15.62  88.81 2.35e+51 1.55e+06 5.33e+01 2.37e-02 6.85e-02 11.17 2.54e+00  
 64  3.59  8.36  59.53 2.20e+51 5.52e+05 3.45e+01 6.00e-02 1.59e-01 10.26 1.62e+00  
 56  4.32  8.07  54.04 2.19e+51 1.80e+06 1.78e+02 1.74e-02 2.21e-02  4.91 6.53e-01  
221  3.91  4.31  30.49 2.11e+51 4.17e+05 1.41e+02 7.45e-02 8.34e-02  4.33 1.30e+00  
  0 10.89  8.52  57.96 2.04e+51 9.04e+05 5.95e+01 3.49e-02 6.95e-02  7.71 8.85e+00  
108  2.72  8.69  66.15 1.71e+51 2.80e+05 1.26e+01 8.87e-02 3.87e-01 16.87 2.03e+00  
165  3.90  3.70  21.47 1.58e+51 4.68e+04 2.17e+01 3.51e-01 6.92e-01  7.63 8.12e+00  
 20  4.77  3.41  27.34 1.57e+51 6.02e+05 2.46e+02 3.95e-02 3.13e-02  3.06 1.20e+00  
136  3.01  4.56  44.26 1.50e+51 6.99e+04 9.55e+00 2.53e-01 1.21e+00 18.48 6.68e+00  
200  7.00 11.99 117.25 1.47e+51 2.99e+06 6.85e+01 7.78e-03 2.45e-02 12.20 2.24e+00  
 71  5.23  6.53  53.44 1.47e+51 8.06e+05 6.21e+01 2.83e-02 5.28e-02  7.22 2.11e+00  
112  3.42  3.52  28.90 1.45e+51 3.01e+05 1.11e+02 6.99e-02 8.50e-02  4.70 1.31e+00  
 46  7.46 12.75  96.77 1.42e+51 2.78e+06 7.20e+01 8.07e-03 1.98e-02  9.47 2.25e+00  
167  5.35  7.98  61.81 1.39e+51 2.95e+05 2.16e+01 6.99e-02 2.69e-01 14.86 6.98e+00  
192  7.06 14.18 165.44 1.33e+51 3.23e+06 3.59e+01 6.53e-03 3.32e-02 19.67 2.98e+00  
237  7.79  3.24  29.69 1.23e+51 1.04e+06 3.50e+02 1.77e-02 1.20e-02  2.63 2.01e+00  
 67  2.67 11.50  66.14 1.13e+51 5.51e+05 2.43e+01 3.18e-02 9.90e-02 12.03 9.99e-01  
 45  6.00  4.62  29.71 1.13e+51 7.53e+05 1.57e+02 2.34e-02 1.87e-02  3.10 1.65e+00  
213  6.17  4.65  31.24 1.12e+51 3.82e+05 1.06e+02 4.46e-02 5.41e-02  4.69 3.63e+00  
 35  2.37 14.30 136.28 1.09e+51 4.21e+06 6.00e+01 4.10e-03 1.37e-02 12.87 2.12e-01  
194  3.39  4.92  44.98 1.07e+51 4.16e+05 6.13e+01 3.94e-02 7.91e-02  7.77 1.45e+00  
 59  3.72  6.44  40.45 1.06e+51 3.02e+05 5.46e+01 5.29e-02 1.06e-01  7.76 2.15e+00  
266  5.93 11.03  74.11 1.06e+51 1.65e+06 9.34e+01 1.01e-02 2.16e-02  8.25 1.84e+00  
 37  3.95  3.75  27.00 1.04e+51 6.93e+05 2.91e+02 2.34e-02 1.70e-02  2.80 7.09e-01  
107  4.43 13.03  82.98 9.40e+50 2.65e+05 9.12e+00 5.35e-02 3.37e-01 24.35 7.16e+00  
115  2.82  2.44  30.39 8.89e+50 5.93e+05 1.85e+02 2.25e-02 2.10e-02  3.61 4.74e-01  
134  3.45  5.99  33.54 8.43e+50 4.77e+05 7.98e+01 2.74e-02 3.31e-02  4.67 9.73e-01  
 16  5.64 14.73 115.85 8.07e+50 7.65e+06 1.59e+02 1.67e-03 3.24e-03  7.48 5.60e-01  
 74  5.23  7.07  52.48 8.00e+50 1.10e+06 1.16e+02 1.04e-02 1.61e-02  6.01 1.52e+00  
139  2.88  9.92  44.14 7.63e+50 4.89e+04 5.80e+00 1.99e-01 1.13e+00 22.01 8.71e+00  
184  4.45  7.55  69.98 7.39e+50 1.02e+06 6.26e+01 1.15e-02 2.86e-02  9.64 1.59e+00  
 25  4.90  4.58  49.05 7.33e+50 1.07e+06 1.41e+02 1.08e-02 1.54e-02  5.52 1.28e+00  
 88  5.14 11.84 134.53 7.16e+50 1.85e+06 3.08e+01 6.12e-03 3.01e-02 19.02 2.23e+00  
198  5.23  3.21  32.28 7.01e+50 4.09e+05 1.23e+02 2.64e-02 3.25e-02  4.76 2.51e+00  
 24  5.51  4.80  33.61 6.96e+50 5.20e+05 1.37e+02 2.08e-02 2.41e-02  4.49 2.28e+00  
209  5.33  9.95  74.10 6.84e+50 5.11e+05 3.01e+01 2.09e-02 8.02e-02 14.81 4.80e+00  
161  3.35  2.34  27.76 6.63e+50 2.92e+05 1.14e+02 3.17e-02 3.68e-02  4.49 1.24e+00  
121  3.79  9.44  58.79 6.40e+50 9.66e+04 7.34e+00 9.57e-02 5.96e-01 24.08 1.02e+01  
250  6.05 12.94 111.41 6.32e+50 2.59e+06 6.39e+01 3.87e-03 1.21e-02 12.12 1.83e+00  
 81  5.80  8.41  71.14 6.32e+50 9.30e+05 5.59e+01 1.07e-02 2.86e-02 10.33 3.00e+00  
133  4.49  5.28  52.78 6.25e+50 1.31e+06 1.46e+02 7.50e-03 1.08e-02  5.55 9.44e-01  
 21  6.05  2.65  12.23 6.05e+50 2.01e+04 4.62e+01 3.24e-01 4.20e-01  5.00 2.59e+01  
 48  7.55 11.92  78.69 5.92e+50 1.49e+06 5.53e+01 6.29e-03 1.54e-02  9.48 3.49e+00  
  1 22.15  8.66  46.98 5.74e+50 4.93e+06 6.96e+02 1.85e-03 1.15e-03  2.41 5.45e+00  
 39  3.06  2.19  16.24 5.58e+50 1.25e+05 7.63e+01 6.65e-02 5.28e-02  3.07 1.41e+00  
 44  2.75  2.59  23.99 5.58e+50 1.29e+05 6.55e+01 6.41e-02 8.99e-02  5.42 1.63e+00  
 63  6.31 12.44  80.06 5.54e+50 1.26e+06 5.78e+01 6.96e-03 1.90e-02 10.58 2.94e+00  
117  1.95  6.85  29.33 5.43e+50 5.81e+04 1.24e+01 1.30e-01 3.67e-01 10.94 2.23e+00  
 96  3.10 10.36 101.96 4.83e+50 1.45e+06 4.10e+01 5.30e-03 1.95e-02 14.21 7.90e-01  
252  5.11  2.44  12.25 4.62e+50 7.99e+04 8.80e+01 8.45e-02 5.50e-02  2.52 4.66e+00  
 99  5.61  6.26  31.44 4.51e+50 2.27e+05 4.87e+01 3.07e-02 4.87e-02  6.13 5.06e+00  
 42  7.35 12.66  98.20 4.18e+50 2.75e+06 8.86e+01 2.42e-03 6.10e-03  9.74 2.25e+00  
236  6.92 11.49  98.93 3.67e+50 2.63e+06 4.86e+01 2.23e-03 5.80e-03 10.08 2.10e+00  
155  1.57  5.97  57.70 3.61e+50 1.03e+05 5.86e+00 5.28e-02 3.09e-01 22.64 1.60e+00  
113  3.24  3.61  22.99 3.55e+50 7.44e+04 2.86e+01 7.07e-02 1.23e-01  6.71 3.78e+00  
163  2.10  6.74  71.25 3.50e+50 6.30e+04 4.35e+00 8.15e-02 8.39e-01 39.77 5.82e+00  
264  2.57  1.17  11.38 3.49e+50 5.23e+04 1.20e+02 9.57e-02 6.89e-02  2.79 1.67e+00  
240  2.69  3.15  13.84 3.48e+50 3.47e+04 4.59e+01 1.38e-01 1.63e-01  4.58 3.36e+00  
231  3.86  4.26  33.72 3.47e+50 4.26e+05 1.09e+02 1.28e-02 1.65e-02  4.98 1.37e+00  
276 11.97 10.18  38.86 3.10e+50 2.08e+06 3.24e+02 2.37e-03 1.71e-03  2.79 3.11e+00  
210  4.87  7.83  66.96 2.92e+50 6.94e+05 3.99e+01 6.52e-03 1.84e-02 10.92 2.67e+00  
 73  4.21  6.18  46.79 2.88e+50 7.30e+05 7.16e+01 6.27e-03 1.01e-02  6.22 1.33e+00  
 33  6.55  3.84  24.01 2.88e+50 3.39e+05 1.72e+02 1.32e-02 1.14e-02  3.35 3.54e+00  
126  4.83  5.14  73.28 2.85e+50 1.38e+05 8.44e+00 3.19e-02 2.31e-01 28.03 1.44e+01  
 47  4.49  4.72  28.01 2.77e+50 2.91e+05 8.07e+01 1.49e-02 1.76e-02  4.56 2.26e+00  
 41  2.76  2.12  21.47 2.76e+50 1.43e+05 9.49e+01 2.96e-02 3.35e-02  4.36 1.33e+00  
 93  5.43  4.52  24.36 2.72e+50 2.43e+05 7.16e+01 1.75e-02 1.83e-02  4.04 3.44e+00  
199  3.67  2.93  26.39 2.65e+50 3.30e+05 1.49e+02 1.26e-02 1.28e-02  3.91 1.25e+00  
206  5.86  3.49  33.72 2.59e+50 2.37e+05 6.32e+01 1.67e-02 2.87e-02  6.67 5.69e+00  
116  4.56  3.35  41.60 2.50e+50 1.19e+05 2.88e+01 3.25e-02 1.09e-01 12.92 8.48e+00  
 60  4.60  9.89  59.56 2.47e+50 2.34e+05 1.73e+01 1.66e-02 6.75e-02 15.77 6.28e+00  
211  3.31  2.88  43.81 2.41e+50 6.46e+05 1.06e+02 5.93e-03 9.18e-03  5.99 8.68e-01  
 69  4.57 10.69  78.10 2.36e+50 4.87e+05 2.24e+01 7.68e-03 3.26e-02 16.42 3.91e+00  
261  4.56  6.72  58.11 2.34e+50 1.18e+06 1.02e+02 3.16e-03 5.54e-03  6.77 1.19e+00  
 52  4.53  6.23  40.82 2.16e+50 8.98e+05 1.65e+02 3.83e-03 4.53e-03  4.57 1.08e+00  
254  4.36  3.13  29.60 2.04e+50 2.84e+05 9.08e+01 1.11e-02 1.44e-02  5.01 2.30e+00  
 54  4.76  5.85  27.66 1.96e+50 2.29e+05 5.62e+01 1.35e-02 1.76e-02  5.04 3.19e+00  
214  4.00  3.11  26.23 1.96e+50 3.52e+05 1.54e+02 8.80e-03 8.55e-03  3.76 1.39e+00  
259  7.45 11.64 106.85 1.95e+50 3.59e+06 9.33e+01 8.69e-04 2.17e-03  9.68 1.93e+00  
277 12.08  8.64  47.44 1.95e+50 2.14e+06 2.32e+02 1.45e-03 1.39e-03  3.70 3.77e+00  
244  3.10  1.89  13.32 1.64e+50 7.36e+04 1.26e+02 3.43e-02 2.64e-02  2.97 2.02e+00  
197  7.48 12.36 122.20 1.61e+50 1.27e+06 2.24e+01 2.00e-03 1.03e-02 19.87 6.25e+00  
150  1.92  3.79  25.22 1.49e+50 1.75e+04 5.81e+00 1.19e-01 4.91e-01 15.89 6.16e+00  
219  5.08  4.85  52.83 1.44e+50 5.13e+05 4.06e+01 4.45e-03 1.02e-02  8.89 3.09e+00  
187  6.01  3.74  37.53 1.42e+50 9.21e+05 1.86e+02 2.46e-03 2.53e-03  3.97 1.71e+00  
185  4.67 10.00 114.29 1.40e+50 9.97e+05 2.03e+01 2.23e-03 1.17e-02 20.31 2.91e+00  
 30  6.09 11.06 122.00 1.36e+50 2.46e+06 5.14e+01 8.85e-04 3.26e-03 14.27 2.15e+00  
195  4.49 13.36  80.88 1.36e+50 6.19e+05 1.82e+01 3.50e-03 1.39e-02 15.35 3.07e+00  
 43  6.09  3.80  25.65 1.35e+50 6.36e+05 2.92e+02 3.35e-03 2.34e-03  2.70 1.74e+00  
 75  6.28  3.65  26.57 1.32e+50 2.79e+05 7.58e+01 7.51e-03 8.36e-03  4.31 4.38e+00  
 26  8.02 14.65 127.97 1.28e+50 4.61e+06 9.40e+01 4.43e-04 1.28e-03 11.19 2.08e+00  
 34  6.62  4.35  33.70 1.27e+50 5.21e+05 1.42e+02 3.82e-03 4.45e-03  4.50 3.30e+00  
101  3.21  2.44  28.11 1.18e+50 8.26e+04 3.14e+01 2.07e-02 4.61e-02  8.61 4.08e+00  
180  4.65  2.74  14.76 1.16e+50 4.70e+04 6.00e+01 3.79e-02 4.26e-02  4.34 7.90e+00  
260  4.82  2.73  26.48 1.15e+50 3.67e+05 1.53e+02 4.85e-03 4.69e-03  3.74 1.96e+00  
153  2.85  1.63  23.89 1.09e+50 3.46e+04 1.85e+01 4.77e-02 1.28e-01 10.42 6.51e+00  
255  4.45  5.99  25.56 1.09e+50 1.56e+05 4.14e+01 1.10e-02 1.55e-02  5.44 3.78e+00  
205  4.82  3.79  28.54 1.07e+50 1.94e+05 6.69e+01 8.65e-03 1.28e-02  5.74 3.97e+00  
 57  4.22  3.86  44.90 1.06e+50 4.30e+05 6.57e+01 3.91e-03 7.71e-03  7.62 2.17e+00  
158  2.94  3.87  41.87 1.02e+50 1.51e+05 2.12e+01 1.07e-02 3.19e-02 11.56 2.78e+00  
225  6.93  9.55  52.72 1.02e+50 7.27e+05 7.28e+01 2.23e-03 4.30e-03  7.45 4.05e+00  
188  7.31  7.23  41.21 1.01e+50 3.73e+05 7.48e+01 4.30e-03 7.99e-03  7.19 6.88e+00  
217  4.34  3.20  22.57 9.88e+49 2.29e+05 1.37e+02 6.85e-03 6.60e-03  3.72 2.16e+00  
262  4.16  6.73  37.74 8.87e+49 3.81e+05 8.84e+01 3.71e-03 5.98e-03  6.24 2.00e+00  
 84  3.63 10.78  35.50 8.78e+49 2.45e+05 3.69e+01 5.69e-03 1.04e-02  7.09 2.23e+00  
109  1.51  1.77  12.71 8.57e+49 1.32e+04 1.73e+01 9.38e-02 1.59e-01  6.54 2.54e+00  
 90  4.87  7.96  62.57 7.45e+49 8.53e+05 5.80e+01 1.39e-03 3.20e-03  8.89 2.03e+00  
239  3.79  6.71  40.39 7.25e+49 1.68e+05 2.71e+01 6.84e-03 1.84e-02 10.39 4.01e+00  
 98  4.37 10.23 110.00 7.23e+49 9.02e+05 1.66e+01 1.28e-03 6.66e-03 20.16 2.72e+00  
 11  9.88  9.12  46.07 7.13e+49 1.77e+06 2.40e+02 6.44e-04 6.50e-04  3.91 2.97e+00  
246  4.57  2.53  17.46 7.00e+49 1.36e+05 8.17e+01 8.12e-03 6.89e-03  3.28 3.11e+00  
  6 11.88  6.84  69.04 6.87e+49 3.92e+06 2.44e+02 2.80e-04 3.48e-04  4.81 2.89e+00  
 70  5.64 11.82  86.46 6.65e+49 1.81e+06 5.45e+01 5.84e-04 1.50e-03  9.91 1.77e+00  
201  4.54  2.88  27.70 6.58e+49 9.44e+04 2.99e+01 1.10e-02 2.24e-02  7.88 7.04e+00  
 22  3.56  4.00  36.14 6.45e+49 3.24e+05 7.80e+01 3.16e-03 5.17e-03  6.33 1.64e+00  
 10 11.12 12.69 121.84 6.44e+49 1.17e+07 1.66e+02 8.80e-05 1.49e-04  6.53 1.50e+00  
 19  9.55 12.57  61.27 6.43e+49 1.89e+06 1.40e+02 5.43e-04 8.13e-04  5.79 3.44e+00  
216  5.14  6.44  53.64 6.10e+49 1.55e+06 1.66e+02 6.27e-04 8.50e-04  5.24 1.07e+00  
 13  7.41  2.81  16.12 5.73e+49 1.52e+05 1.61e+02 5.99e-03 4.27e-03  2.76 6.79e+00  
183  3.87  8.64  53.45 5.48e+49 4.15e+05 3.07e+01 2.10e-03 5.47e-03 10.07 2.24e+00  
 27  4.40  2.35  23.17 5.37e+49 1.99e+05 9.55e+01 4.22e-03 4.52e-03  4.15 2.62e+00  
256  2.89  1.65   8.52 4.62e+49 3.58e+04 9.91e+01 2.02e-02 1.14e-02  2.18 2.31e+00  
241  4.38  2.76  16.76 4.31e+49 2.00e+05 2.21e+02 3.42e-03 2.25e-03  2.54 1.87e+00  
193  5.94  7.20  31.93 4.30e+49 2.18e+05 8.02e+01 3.15e-03 5.23e-03  6.42 6.03e+00  
 62  5.40  5.69  42.20 4.20e+49 1.00e+06 1.71e+02 6.68e-04 7.85e-04  4.55 1.43e+00  
 18  6.49  2.87  16.12 3.93e+49 1.07e+05 1.30e+02 5.83e-03 4.96e-03  3.29 7.40e+00  
203  4.60  4.92  56.01 3.87e+49 9.60e+05 9.39e+01 6.43e-04 1.18e-03  7.10 1.44e+00  
220  5.00  3.10  28.22 3.75e+49 2.39e+05 9.47e+01 2.50e-03 3.30e-03  5.09 3.44e+00  
190  5.08  4.39  15.06 3.60e+49 1.05e+05 1.04e+02 5.42e-03 4.19e-03  2.99 4.30e+00  
269  3.60  4.60  38.01 3.49e+49 7.29e+05 1.51e+02 7.63e-04 8.98e-04  4.55 7.85e-01  
114  3.66  3.06  46.29 3.32e+49 1.08e+05 1.49e+01 4.78e-03 1.97e-02 15.90 6.67e+00  
 32  5.31  3.01  32.71 3.28e+49 3.95e+05 1.13e+02 1.26e-03 1.61e-03  4.94 2.72e+00  
247  4.89  2.18  14.92 3.21e+49 1.85e+05 2.45e+02 2.59e-03 1.49e-03  2.22 2.24e+00  
267  5.02  5.22  27.93 3.16e+49 9.98e+04 4.05e+01 5.03e-03 1.01e-02  7.76 8.22e+00  
122  2.38  6.14  36.18 3.12e+49 6.11e+04 9.74e+00 8.08e-03 3.05e-02 14.61 3.92e+00  
223  7.61  3.58  30.05 3.04e+49 4.83e+05 1.61e+02 9.74e-04 9.91e-04  3.93 4.19e+00  
243  2.93  2.14  15.39 2.79e+49 8.78e+04 1.10e+02 5.04e-03 4.41e-03  3.38 1.75e+00  
265  3.48  3.53  36.84 2.60e+49 5.52e+05 1.29e+02 7.24e-04 9.36e-04  5.00 9.44e-01  
258  4.03  3.37  33.14 2.60e+49 4.63e+05 1.27e+02 8.88e-04 1.07e-03  4.65 1.36e+00  
160  1.93  1.82  31.07 2.58e+49 4.35e+04 4.54e+01 9.38e-03 3.34e-02 13.78 3.11e+00  
  9  4.15  4.18  17.34 2.57e+49 1.32e+05 1.06e+02 3.09e-03 2.63e-03  3.29 2.63e+00  
 76  3.61  2.96  23.66 2.39e+49 2.39e+05 1.34e+02 1.59e-03 1.60e-03  3.90 1.50e+00  
130  2.51  4.68  21.87 2.15e+49 2.53e+04 9.36e+00 1.33e-02 3.68e-02 10.67 6.33e+00  
 66  4.75  5.70  51.84 2.07e+49 7.95e+05 8.95e+01 4.15e-04 7.45e-04  6.95 1.71e+00  
100  5.49  9.27  69.22 1.79e+49 5.52e+05 1.88e+01 5.17e-04 1.72e-03 12.86 4.40e+00  
235  4.02  5.61  43.27 1.67e+49 4.38e+05 6.91e+01 6.07e-04 1.12e-03  7.14 1.86e+00  
 83  3.81 11.91  86.79 1.60e+49 8.33e+05 2.80e+01 3.07e-04 1.17e-03 14.71 1.76e+00  
226  6.04  4.81  54.43 1.48e+49 5.92e+05 4.51e+01 4.01e-04 8.98e-04  8.67 3.91e+00  
251  2.96  1.41  15.66 1.35e+49 1.04e+05 1.23e+02 2.03e-03 1.67e-03  3.18 1.53e+00  
196  4.34  4.30  43.54 1.22e+49 6.86e+05 1.14e+02 2.81e-04 4.19e-04  5.76 1.39e+00  
242  5.00  5.00  52.19 1.13e+49 9.89e+05 1.00e+02 1.83e-04 2.98e-04  6.29 1.54e+00  
135  5.21  4.51  38.34 1.13e+49 8.60e+04 1.30e+01 2.10e-03 7.29e-03 13.44 1.41e+01  
 23  4.09  2.67  21.75 9.95e+48 2.63e+05 1.68e+02 6.01e-04 5.10e-04  3.28 1.61e+00  
162  2.02  1.34  16.21 9.80e+48 4.89e+04 5.86e+01 3.19e-03 4.03e-03  4.90 1.57e+00  
215  6.17  3.27  27.03 8.12e+48 2.54e+05 1.09e+02 4.99e-04 5.98e-04  4.63 4.71e+00  
 51  1.25  2.82  16.57 6.71e+48 3.35e+04 2.16e+01 3.18e-03 5.04e-03  6.11 8.93e-01  
103  3.91  3.95  18.00 6.67e+48 4.64e+04 2.97e+01 2.29e-03 3.48e-03  5.88 6.89e+00  
105  3.09  2.01  17.83 3.68e+48 3.27e+04 2.27e+01 1.80e-03 3.21e-03  6.91 6.06e+00  
 65  3.47  0.42   2.30 1.50e+48 1.58e+03 6.80e+01 1.49e-02 5.62e-03  1.46 2.04e+01  
 29  4.31  1.35   6.52 7.32e+47 2.76e+04 1.58e+02 4.23e-04 1.82e-04  1.66 5.11e+00  
