Title: What sets the massive star formation rates and efficiencies 
       of giant molecular clouds? 
Authors: Ochsendorf B.B., Meixner M., Roman-Duval J., Rahman M., Evans N.J. 
Table: MAGMA cloud decomposition with MYSO SFR parameters
================================================================================
Byte-by-byte Description of file: apjaa704at4_mrt.txt
--------------------------------------------------------------------------------
   Bytes Format Units       Label  Explanations
--------------------------------------------------------------------------------
   1- 12 A12    ---         Name   Cloud identification number (1)
  14- 19 F6.3   deg         RAdeg  Right Ascension in decimal degrees (J2000)
  21- 27 F7.3   deg         DEdeg  Declination in decimal degrees (J2000)
      29 I1     ---         Type   Kawamura et al. 2009 GMC type 
  31- 38 E8.2   solMass     Mass   Total mass
  40- 47 E8.2   pc          Rad    Total radius
  49- 56 E8.2   solMass/Myr SFR    Star formation rate from MYSOs
  58- 65 E8.2   Myr-1       SFE    Star formation 'efficiency'; SFR/M_cloud
  67- 74 E8.2   ---         SFEff  Star formation efficiency per free 
                                    fall time; (SFR/M_cloud)*tff
  76- 83 E8.2   Myr         tff    Free-fall time
  85- 92 E8.2   km/s        sigV   CO velocity dispersion; intensity weighted
--------------------------------------------------------------------------------
Note (1): Cloud IDs are
          (number)_(cloud decomposition, mag or j16)_(SF tracer, myso or ha+24).
--------------------------------------------------------------------------------
  1_mag_myso 80.753 -68.322 1 6.41e+03 1.05e+01 0.00e+00 0.00e+00 0.00e+00 7.01e+00 1.19e+00
  2_mag_myso 77.186 -69.071 1 7.51e+03 1.10e+01 0.00e+00 0.00e+00 0.00e+00 6.96e+00 1.22e+00
  3_mag_myso 80.464 -69.810 1 7.86e+03 1.14e+01 0.00e+00 0.00e+00 0.00e+00 7.20e+00 7.54e-01
  4_mag_myso 86.528 -71.120 1 7.93e+03 1.26e+01 0.00e+00 0.00e+00 0.00e+00 8.29e+00 1.17e+00
  5_mag_myso 84.084 -71.408 1 8.63e+03 1.19e+01 0.00e+00 0.00e+00 0.00e+00 7.30e+00 9.17e-01
  6_mag_myso 78.052 -67.755 1 1.05e+04 1.35e+01 0.00e+00 0.00e+00 0.00e+00 7.99e+00 1.37e+00
  7_mag_myso 83.815 -68.223 1 1.12e+04 1.41e+01 0.00e+00 0.00e+00 0.00e+00 8.21e+00 7.94e-01
  8_mag_myso 80.139 -68.552 1 1.29e+04 1.49e+01 0.00e+00 0.00e+00 0.00e+00 8.36e+00 1.03e+00
  9_mag_myso 86.891 -68.139 1 1.43e+04 1.51e+01 0.00e+00 0.00e+00 0.00e+00 8.13e+00 9.84e-01
 10_mag_myso 87.619 -68.442 1 1.55e+04 1.58e+01 0.00e+00 0.00e+00 0.00e+00 8.34e+00 1.11e+00
 11_mag_myso 78.162 -67.733 1 1.56e+04 1.46e+01 0.00e+00 0.00e+00 0.00e+00 7.42e+00 1.42e+00
 12_mag_myso 77.410 -69.172 1 1.67e+04 1.49e+01 0.00e+00 0.00e+00 0.00e+00 7.35e+00 9.81e-01
 13_mag_myso 72.400 -66.881 1 1.73e+04 1.66e+01 0.00e+00 0.00e+00 0.00e+00 8.46e+00 1.13e+00
 14_mag_myso 87.162 -70.577 1 1.78e+04 1.57e+01 0.00e+00 0.00e+00 0.00e+00 7.69e+00 1.13e+00
 15_mag_myso 78.786 -70.025 1 1.83e+04 1.50e+01 0.00e+00 0.00e+00 0.00e+00 7.10e+00 1.21e+00
 16_mag_myso 72.338 -68.118 1 1.92e+04 1.82e+01 0.00e+00 0.00e+00 0.00e+00 9.24e+00 1.58e+00
 17_mag_myso 79.558 -66.348 1 1.95e+04 1.62e+01 0.00e+00 0.00e+00 0.00e+00 7.68e+00 7.60e-01
 18_mag_myso 72.975 -67.494 1 1.99e+04 1.72e+01 3.17e+02 1.59e-02 1.32e-01 8.32e+00 9.83e-01
 19_mag_myso 72.742 -69.018 1 2.12e+04 1.91e+01 3.31e+02 1.56e-02 1.48e-01 9.47e+00 1.98e+00
 20_mag_myso 77.496 -69.227 1 2.21e+04 1.95e+01 0.00e+00 0.00e+00 0.00e+00 9.54e+00 1.38e+00
 21_mag_myso 80.864 -68.305 1 2.22e+04 1.84e+01 0.00e+00 0.00e+00 0.00e+00 8.76e+00 1.34e+00
 22_mag_myso 79.806 -66.434 1 2.48e+04 1.87e+01 0.00e+00 0.00e+00 0.00e+00 8.45e+00 1.56e+00
 23_mag_myso 78.864 -68.969 1 2.51e+04 1.93e+01 0.00e+00 0.00e+00 0.00e+00 8.84e+00 1.72e+00
 24_mag_myso 85.010 -71.478 1 2.54e+04 2.05e+01 0.00e+00 0.00e+00 0.00e+00 9.62e+00 2.72e+00
 25_mag_myso 79.823 -71.233 1 2.61e+04 2.10e+01 0.00e+00 0.00e+00 0.00e+00 9.86e+00 1.08e+00
 26_mag_myso 80.653 -68.369 1 2.71e+04 2.01e+01 0.00e+00 0.00e+00 0.00e+00 9.05e+00 1.30e+00
 27_mag_myso 79.148 -68.809 1 2.84e+04 1.81e+01 0.00e+00 0.00e+00 0.00e+00 7.56e+00 1.46e+00
 28_mag_myso 81.083 -70.470 1 2.89e+04 1.87e+01 0.00e+00 0.00e+00 0.00e+00 7.87e+00 9.58e-01
 29_mag_myso 79.570 -70.032 1 3.32e+04 2.09e+01 0.00e+00 0.00e+00 0.00e+00 8.68e+00 1.27e+00
 30_mag_myso 83.622 -68.213 1 3.42e+04 2.04e+01 0.00e+00 0.00e+00 0.00e+00 8.25e+00 1.37e+00
 31_mag_myso 74.322 -68.939 1 3.66e+04 2.10e+01 6.30e+02 1.72e-02 1.43e-01 8.30e+00 1.54e+00
 32_mag_myso 84.061 -70.733 1 3.85e+04 1.99e+01 0.00e+00 0.00e+00 0.00e+00 7.49e+00 1.73e+00
 33_mag_myso 85.883 -70.208 1 3.96e+04 2.42e+01 0.00e+00 0.00e+00 0.00e+00 9.86e+00 1.45e+00
 34_mag_myso 82.569 -71.479 1 4.25e+04 2.30e+01 0.00e+00 0.00e+00 0.00e+00 8.85e+00 1.17e+00
 35_mag_myso 84.606 -71.292 1 4.44e+04 2.64e+01 0.00e+00 0.00e+00 0.00e+00 1.06e+01 1.79e+00
 36_mag_myso 78.754 -70.573 1 4.51e+04 2.53e+01 0.00e+00 0.00e+00 0.00e+00 9.92e+00 1.40e+00
 37_mag_myso 77.946 -67.813 1 4.85e+04 2.35e+01 0.00e+00 0.00e+00 0.00e+00 8.56e+00 2.01e+00
 38_mag_myso 71.870 -69.177 1 5.43e+04 2.75e+01 0.00e+00 0.00e+00 0.00e+00 1.02e+01 9.16e-01
 39_mag_myso 80.525 -68.468 1 5.79e+04 2.35e+01 1.39e+02 2.40e-03 1.88e-02 7.81e+00 1.55e+00
 40_mag_myso 78.177 -68.191 1 5.79e+04 2.73e+01 0.00e+00 0.00e+00 0.00e+00 9.81e+00 1.43e+00
 41_mag_myso 85.003 -71.550 1 6.04e+04 2.58e+01 1.22e+02 2.02e-03 1.78e-02 8.81e+00 2.78e+00
 42_mag_myso 80.731 -67.114 1 6.67e+04 2.66e+01 3.39e+02 5.09e-03 4.46e-02 8.77e+00 4.96e+00
 43_mag_myso 79.939 -70.735 1 6.88e+04 3.01e+01 0.00e+00 0.00e+00 0.00e+00 1.04e+01 1.23e+00
 44_mag_myso 78.645 -68.788 1 7.39e+04 3.02e+01 0.00e+00 0.00e+00 0.00e+00 1.01e+01 1.57e+00
 45_mag_myso 83.902 -70.734 1 7.65e+04 3.10e+01 0.00e+00 0.00e+00 0.00e+00 1.03e+01 3.86e+00
 46_mag_myso 86.104 -71.466 1 9.12e+04 3.17e+01 0.00e+00 0.00e+00 0.00e+00 9.76e+00 2.36e+00
 47_mag_myso 82.051 -71.670 1 1.15e+05 3.86e+01 0.00e+00 0.00e+00 0.00e+00 1.17e+01 1.89e+00
 48_mag_myso 76.972 -69.003 1 1.39e+05 3.61e+01 0.00e+00 0.00e+00 0.00e+00 9.63e+00 3.70e+00
 49_mag_myso 85.998 -71.114 1 1.79e+05 4.11e+01 0.00e+00 0.00e+00 0.00e+00 1.03e+01 2.87e+00
 50_mag_myso 71.868 -67.215 1 2.06e+05 4.82e+01 0.00e+00 0.00e+00 0.00e+00 1.22e+01 2.84e+00
 51_mag_myso 86.873 -70.695 1 4.67e+05 6.14e+01 0.00e+00 0.00e+00 0.00e+00 1.16e+01 2.43e+00
 52_mag_myso 78.238 -69.116 2 2.44e+03 6.83e+00 0.00e+00 0.00e+00 0.00e+00 5.96e+00 4.85e-01
 53_mag_myso 76.135 -70.161 2 2.68e+03 7.48e+00 0.00e+00 0.00e+00 0.00e+00 6.53e+00 1.04e+00
 54_mag_myso 83.708 -68.671 2 3.37e+03 8.42e+00 0.00e+00 0.00e+00 0.00e+00 6.95e+00 8.75e-01
 55_mag_myso 83.290 -68.334 2 3.91e+03 9.26e+00 0.00e+00 0.00e+00 0.00e+00 7.45e+00 9.51e-01
 56_mag_myso 80.640 -68.557 2 4.07e+03 9.06e+00 0.00e+00 0.00e+00 0.00e+00 7.06e+00 1.05e+00
 57_mag_myso 83.778 -68.674 2 4.64e+03 9.56e+00 0.00e+00 0.00e+00 0.00e+00 7.17e+00 7.16e-01
 58_mag_myso 82.004 -70.917 2 5.19e+03 1.01e+01 0.00e+00 0.00e+00 0.00e+00 7.39e+00 7.86e-01
 59_mag_myso 77.209 -68.436 2 5.49e+03 1.06e+01 0.00e+00 0.00e+00 0.00e+00 7.67e+00 8.90e-01
 60_mag_myso 83.029 -69.778 2 5.57e+03 9.56e+00 0.00e+00 0.00e+00 0.00e+00 6.54e+00 9.33e-01
 61_mag_myso 79.514 -69.535 2 6.56e+03 1.02e+01 0.00e+00 0.00e+00 0.00e+00 6.66e+00 8.47e-01
 62_mag_myso 78.086 -69.110 2 6.93e+03 1.10e+01 0.00e+00 0.00e+00 0.00e+00 7.25e+00 1.10e+00
 63_mag_myso 80.932 -69.066 2 7.17e+03 1.10e+01 0.00e+00 0.00e+00 0.00e+00 7.12e+00 9.65e-01
 64_mag_myso 80.536 -68.576 2 9.33e+03 1.17e+01 0.00e+00 0.00e+00 0.00e+00 6.89e+00 8.63e-01
 65_mag_myso 86.440 -67.153 2 1.02e+04 1.32e+01 1.11e+03 1.08e-01 8.42e-01 7.80e+00 1.11e+00
 66_mag_myso 76.749 -70.720 2 1.03e+04 1.27e+01 0.00e+00 0.00e+00 0.00e+00 7.41e+00 7.92e-01
 67_mag_myso 81.992 -70.857 2 1.27e+04 1.30e+01 0.00e+00 0.00e+00 0.00e+00 6.83e+00 1.26e+00
 68_mag_myso 77.803 -69.449 2 1.28e+04 1.21e+01 0.00e+00 0.00e+00 0.00e+00 6.11e+00 1.05e+00
 69_mag_myso 79.733 -69.859 2 1.28e+04 1.41e+01 0.00e+00 0.00e+00 0.00e+00 7.74e+00 1.41e+00
 70_mag_myso 78.161 -69.055 2 1.29e+04 1.52e+01 0.00e+00 0.00e+00 0.00e+00 8.61e+00 1.15e+00
 71_mag_myso 76.179 -66.668 2 1.29e+04 1.58e+01 1.77e+02 1.37e-02 1.25e-01 9.13e+00 8.66e-01
 72_mag_myso 72.593 -69.515 2 1.44e+04 1.48e+01 2.49e+02 1.73e-02 1.36e-01 7.86e+00 9.05e-01
 73_mag_myso 81.839 -70.562 2 1.46e+04 1.33e+01 0.00e+00 0.00e+00 0.00e+00 6.63e+00 1.30e+00
 74_mag_myso 81.403 -69.828 2 1.54e+04 1.51e+01 0.00e+00 0.00e+00 0.00e+00 7.84e+00 9.21e-01
 75_mag_myso 80.572 -71.589 2 1.59e+04 1.49e+01 3.77e+02 2.36e-02 1.78e-01 7.52e+00 1.09e+00
 76_mag_myso 80.198 -68.617 2 1.63e+04 1.54e+01 0.00e+00 0.00e+00 0.00e+00 7.82e+00 1.18e+00
 77_mag_myso 75.846 -65.677 2 1.66e+04 1.93e+01 0.00e+00 0.00e+00 0.00e+00 1.08e+01 8.19e-01
 78_mag_myso 81.721 -68.891 2 1.75e+04 1.48e+01 0.00e+00 0.00e+00 0.00e+00 7.12e+00 1.16e+00
 79_mag_myso 72.150 -69.344 2 1.78e+04 1.77e+01 0.00e+00 0.00e+00 0.00e+00 9.25e+00 1.02e+00
 80_mag_myso 86.141 -69.736 2 1.83e+04 1.86e+01 0.00e+00 0.00e+00 0.00e+00 9.82e+00 1.19e+00
 81_mag_myso 75.862 -68.466 2 1.85e+04 1.64e+01 6.81e+02 3.68e-02 2.97e-01 8.06e+00 1.01e+00
 82_mag_myso 81.795 -70.476 2 1.86e+04 1.51e+01 0.00e+00 0.00e+00 0.00e+00 7.09e+00 1.15e+00
 83_mag_myso 73.904 -68.516 2 1.87e+04 1.86e+01 0.00e+00 0.00e+00 0.00e+00 9.70e+00 1.36e+00
 84_mag_myso 78.650 -67.440 2 1.88e+04 1.64e+01 2.30e+02 1.22e-02 9.80e-02 8.03e+00 9.78e-01
 85_mag_myso 80.039 -66.873 2 1.89e+04 1.59e+01 6.81e+02 3.61e-02 2.76e-01 7.64e+00 9.16e-01
 86_mag_myso 86.338 -67.125 2 1.96e+04 1.69e+01 0.00e+00 0.00e+00 0.00e+00 8.19e+00 1.07e+00
 87_mag_myso 82.590 -70.907 2 1.97e+04 1.50e+01 1.36e+03 6.91e-02 4.73e-01 6.85e+00 1.12e+00
 88_mag_myso 77.334 -70.836 2 1.98e+04 1.75e+01 0.00e+00 0.00e+00 0.00e+00 8.58e+00 1.56e+00
 89_mag_myso 82.140 -70.965 2 2.02e+04 1.71e+01 1.55e+02 7.64e-03 6.28e-02 8.22e+00 9.57e-01
 90_mag_myso 85.419 -68.976 2 2.17e+04 1.79e+01 0.00e+00 0.00e+00 0.00e+00 8.47e+00 1.17e+00
 91_mag_myso 81.047 -67.456 2 2.36e+04 1.60e+01 1.47e+02 6.23e-03 4.31e-02 6.91e+00 1.34e+00
 92_mag_myso 75.578 -69.055 2 2.40e+04 1.96e+01 0.00e+00 0.00e+00 0.00e+00 9.29e+00 1.62e+00
 93_mag_myso 80.695 -69.856 2 2.45e+04 1.96e+01 1.13e+02 4.60e-03 4.23e-02 9.19e+00 1.33e+00
 94_mag_myso 73.596 -69.491 2 2.56e+04 1.70e+01 0.00e+00 0.00e+00 0.00e+00 7.24e+00 2.40e+00
 95_mag_myso 79.161 -69.387 2 2.56e+04 1.81e+01 0.00e+00 0.00e+00 0.00e+00 7.96e+00 9.35e-01
 96_mag_myso 76.210 -70.122 2 2.76e+04 1.84e+01 2.16e+02 7.83e-03 6.16e-02 7.86e+00 1.15e+00
 97_mag_myso 73.514 -66.765 2 2.90e+04 2.12e+01 1.22e+02 4.20e-03 3.98e-02 9.47e+00 1.04e+00
 98_mag_myso 83.385 -68.337 2 2.91e+04 1.70e+01 3.06e+02 1.05e-02 7.12e-02 6.78e+00 4.51e+00
 99_mag_myso 76.581 -70.184 2 2.92e+04 2.04e+01 6.81e+02 2.33e-02 2.08e-01 8.93e+00 9.85e-01
100_mag_myso 81.655 -67.795 2 2.94e+04 2.00e+01 0.00e+00 0.00e+00 0.00e+00 8.60e+00 2.30e+00
101_mag_myso 77.366 -68.463 2 2.95e+04 2.06e+01 2.49e+02 8.42e-03 7.56e-02 8.97e+00 1.76e+00
102_mag_myso 81.862 -70.607 2 3.06e+04 1.86e+01 0.00e+00 0.00e+00 0.00e+00 7.59e+00 1.37e+00
103_mag_myso 85.258 -70.063 2 3.24e+04 2.05e+01 2.91e+02 8.98e-03 7.65e-02 8.51e+00 1.54e+00
104_mag_myso 75.885 -66.731 2 3.33e+04 2.14e+01 0.00e+00 0.00e+00 0.00e+00 8.95e+00 1.00e+00
105_mag_myso 84.661 -70.295 2 3.44e+04 1.99e+01 0.00e+00 0.00e+00 0.00e+00 7.89e+00 1.35e+00
106_mag_myso 80.016 -68.628 2 3.53e+04 2.12e+01 0.00e+00 0.00e+00 0.00e+00 8.61e+00 1.22e+00
107_mag_myso 80.287 -68.689 2 3.54e+04 2.24e+01 0.00e+00 0.00e+00 0.00e+00 9.32e+00 1.32e+00
108_mag_myso 81.157 -69.248 2 3.57e+04 2.15e+01 0.00e+00 0.00e+00 0.00e+00 8.69e+00 1.30e+00
109_mag_myso 83.179 -69.770 2 3.61e+04 2.02e+01 2.36e+02 6.53e-03 5.14e-02 7.87e+00 1.30e+00
110_mag_myso 79.392 -66.707 2 3.64e+04 2.15e+01 7.02e+02 1.93e-02 1.67e-01 8.64e+00 9.60e-01
111_mag_myso 86.183 -67.301 2 3.95e+04 2.33e+01 1.76e+03 4.46e-02 4.16e-01 9.32e+00 1.30e+00
112_mag_myso 84.976 -69.302 2 4.02e+04 2.47e+01 5.70e+02 1.42e-02 1.43e-01 1.01e+01 1.63e+00
113_mag_myso 76.356 -66.905 2 4.26e+04 2.17e+01 1.13e+02 2.64e-03 2.14e-02 8.10e+00 1.50e+00
114_mag_myso 81.111 -71.550 2 4.32e+04 2.42e+01 0.00e+00 0.00e+00 0.00e+00 9.43e+00 1.34e+00
115_mag_myso 75.887 -67.182 2 4.33e+04 2.15e+01 0.00e+00 0.00e+00 0.00e+00 7.89e+00 1.40e+00
116_mag_myso 75.780 -65.896 2 4.51e+04 2.38e+01 0.00e+00 0.00e+00 0.00e+00 9.03e+00 1.78e+00
117_mag_myso 77.922 -69.016 2 4.62e+04 2.56e+01 0.00e+00 0.00e+00 0.00e+00 9.97e+00 1.37e+00
118_mag_myso 79.409 -68.804 2 4.62e+04 2.21e+01 0.00e+00 0.00e+00 0.00e+00 7.99e+00 2.64e+00
119_mag_myso 83.931 -68.742 2 4.66e+04 2.30e+01 0.00e+00 0.00e+00 0.00e+00 8.47e+00 1.80e+00
120_mag_myso 74.276 -69.191 2 4.85e+04 2.34e+01 0.00e+00 0.00e+00 0.00e+00 8.50e+00 1.49e+00
121_mag_myso 85.740 -69.744 2 4.85e+04 2.42e+01 1.39e+03 2.87e-02 2.57e-01 8.95e+00 2.67e+00
122_mag_myso 80.814 -71.647 2 4.93e+04 2.30e+01 0.00e+00 0.00e+00 0.00e+00 8.24e+00 1.58e+00
123_mag_myso 75.185 -66.375 2 5.06e+04 2.67e+01 2.45e+02 4.85e-03 4.92e-02 1.01e+01 1.26e+00
124_mag_myso 83.066 -68.656 2 5.09e+04 2.73e+01 2.32e+03 4.57e-02 4.77e-01 1.04e+01 1.59e+00
125_mag_myso 76.199 -66.825 2 5.48e+04 2.08e+01 1.09e+02 2.00e-03 1.34e-02 6.69e+00 1.81e+00
126_mag_myso 77.659 -67.125 2 5.62e+04 3.01e+01 0.00e+00 0.00e+00 0.00e+00 1.15e+01 3.41e+00
127_mag_myso 81.531 -68.593 2 5.70e+04 2.56e+01 8.15e+02 1.43e-02 1.28e-01 8.95e+00 1.14e+00
128_mag_myso 83.242 -68.970 2 5.78e+04 2.33e+01 0.00e+00 0.00e+00 0.00e+00 7.72e+00 1.85e+00
129_mag_myso 77.352 -69.394 2 6.35e+04 2.24e+01 0.00e+00 0.00e+00 0.00e+00 6.95e+00 2.03e+00
130_mag_myso 72.715 -69.318 2 6.57e+04 2.69e+01 9.66e+02 1.47e-02 1.32e-01 9.01e+00 1.43e+00
131_mag_myso 82.062 -69.884 2 6.70e+04 2.24e+01 0.00e+00 0.00e+00 0.00e+00 6.78e+00 1.19e+00
132_mag_myso 85.124 -69.060 2 6.89e+04 2.95e+01 0.00e+00 0.00e+00 0.00e+00 1.01e+01 2.35e+00
133_mag_myso 80.278 -70.224 2 7.02e+04 2.14e+01 2.76e+02 3.93e-03 2.43e-02 6.18e+00 1.48e+00
134_mag_myso 85.287 -70.888 2 7.61e+04 2.99e+01 0.00e+00 0.00e+00 0.00e+00 9.81e+00 1.94e+00
135_mag_myso 74.684 -66.144 2 8.10e+04 3.05e+01 2.66e+02 3.28e-03 3.20e-02 9.76e+00 1.45e+00
136_mag_myso 86.842 -69.879 2 8.95e+04 2.83e+01 0.00e+00 0.00e+00 0.00e+00 8.33e+00 1.69e+00
137_mag_myso 78.033 -67.169 2 9.56e+04 2.96e+01 0.00e+00 0.00e+00 0.00e+00 8.61e+00 1.51e+00
138_mag_myso 78.069 -70.468 2 1.04e+05 3.39e+01 8.56e+02 8.22e-03 8.32e-02 1.01e+01 1.40e+00
139_mag_myso 79.869 -69.143 2 1.11e+05 2.49e+01 2.65e+02 2.38e-03 1.47e-02 6.16e+00 2.08e+00
140_mag_myso 80.777 -66.702 2 1.13e+05 3.13e+01 0.00e+00 0.00e+00 0.00e+00 8.61e+00 1.70e+00
141_mag_myso 78.588 -70.195 2 1.18e+05 3.09e+01 0.00e+00 0.00e+00 0.00e+00 8.25e+00 1.91e+00
142_mag_myso 79.131 -68.229 2 1.19e+05 3.43e+01 0.00e+00 0.00e+00 0.00e+00 9.60e+00 1.78e+00
143_mag_myso 80.378 -68.799 2 1.29e+05 3.85e+01 1.16e+03 9.03e-03 9.95e-02 1.10e+01 3.21e+00
144_mag_myso 87.037 -69.896 2 1.35e+05 3.46e+01 1.17e+03 8.67e-03 7.96e-02 9.18e+00 1.91e+00
145_mag_myso 77.152 -69.390 2 1.55e+05 3.35e+01 3.25e+02 2.10e-03 1.70e-02 8.12e+00 1.43e+00
146_mag_myso 86.586 -69.614 2 1.65e+05 3.95e+01 3.77e+02 2.29e-03 2.31e-02 1.01e+01 1.89e+00
147_mag_myso 83.066 -71.233 2 1.68e+05 3.27e+01 7.94e+02 4.72e-03 3.55e-02 7.52e+00 1.92e+00
148_mag_myso 84.346 -69.764 2 2.16e+05 4.81e+01 1.91e+02 8.84e-04 1.05e-02 1.19e+01 3.90e+00
149_mag_myso 81.124 -69.667 2 3.49e+05 4.85e+01 4.82e+02 1.38e-03 1.31e-02 9.44e+00 2.19e+00
150_mag_myso 78.303 -69.610 2 3.83e+05 5.49e+01 6.30e+02 1.64e-03 1.78e-02 1.08e+01 1.75e+00
151_mag_myso 84.971 -71.164 2 3.86e+05 5.06e+01 8.06e+02 2.09e-03 2.00e-02 9.57e+00 3.42e+00
152_mag_myso 72.353 -68.451 2 4.06e+05 6.50e+01 1.16e+02 2.84e-04 3.86e-03 1.36e+01 1.45e+00
153_mag_myso 80.260 -70.024 2 4.39e+05 5.18e+01 6.81e+02 1.55e-03 1.44e-02 9.31e+00 2.02e+00
154_mag_myso 78.981 -68.034 2 4.88e+05 6.20e+01 0.00e+00 0.00e+00 0.00e+00 1.15e+01 1.88e+00
155_mag_myso 81.715 -71.331 2 5.01e+05 6.76e+01 9.82e+02 1.96e-03 2.55e-02 1.30e+01 1.37e+00
156_mag_myso 86.117 -69.407 2 1.52e+06 8.81e+01 2.05e+03 1.35e-03 1.50e-02 1.11e+01 2.81e+00
157_mag_myso 84.492 -69.154 3 3.17e+03 7.96e+00 0.00e+00 0.00e+00 0.00e+00 6.59e+00 9.15e-01
158_mag_myso 83.982 -67.578 3 4.43e+03 9.36e+00 0.00e+00 0.00e+00 0.00e+00 7.11e+00 1.07e+00
159_mag_myso 84.725 -68.904 3 4.63e+03 9.16e+00 0.00e+00 0.00e+00 0.00e+00 6.73e+00 9.21e-01
160_mag_myso 83.999 -67.542 3 6.21e+03 1.06e+01 0.00e+00 0.00e+00 0.00e+00 7.21e+00 9.74e-01
161_mag_myso 84.718 -69.250 3 8.47e+03 1.32e+01 3.67e+02 4.33e-02 3.75e-01 8.65e+00 8.28e-01
162_mag_myso 84.640 -69.278 3 8.76e+03 1.13e+01 0.00e+00 0.00e+00 0.00e+00 6.67e+00 1.11e+00
163_mag_myso 81.381 -66.144 3 9.90e+03 1.21e+01 0.00e+00 0.00e+00 0.00e+00 7.02e+00 1.53e+00
164_mag_myso 84.852 -69.541 3 1.18e+04 1.17e+01 0.00e+00 0.00e+00 0.00e+00 6.06e+00 1.45e+00
165_mag_myso 84.943 -70.325 3 1.47e+04 1.63e+01 0.00e+00 0.00e+00 0.00e+00 8.98e+00 1.54e+00
166_mag_myso 81.561 -67.724 3 1.97e+04 2.00e+01 3.87e+02 1.96e-02 2.07e-01 1.05e+01 1.12e+00
167_mag_myso 81.396 -69.312 3 2.37e+04 1.79e+01 0.00e+00 0.00e+00 0.00e+00 8.14e+00 1.06e+00
168_mag_myso 74.317 -68.435 3 2.47e+04 1.82e+01 3.94e+02 1.60e-02 1.31e-01 8.18e+00 1.53e+00
169_mag_myso 78.470 -67.398 3 2.47e+04 1.89e+01 0.00e+00 0.00e+00 0.00e+00 8.61e+00 1.42e+00
170_mag_myso 79.395 -69.251 3 3.01e+04 1.80e+01 0.00e+00 0.00e+00 0.00e+00 7.24e+00 1.46e+00
171_mag_myso 85.112 -70.001 3 3.15e+04 2.01e+01 0.00e+00 0.00e+00 0.00e+00 8.40e+00 2.85e+00
172_mag_myso 74.320 -66.299 3 3.27e+04 2.22e+01 1.72e+02 5.27e-03 5.05e-02 9.58e+00 1.84e+00
173_mag_myso 77.251 -68.735 3 4.00e+04 1.84e+01 0.00e+00 0.00e+00 0.00e+00 6.50e+00 2.27e+00
174_mag_myso 83.105 -66.444 3 4.15e+04 2.27e+01 1.76e+03 4.23e-02 3.70e-01 8.76e+00 1.43e+00
175_mag_myso 81.591 -68.807 3 4.32e+04 2.52e+01 2.01e+03 4.65e-02 4.68e-01 1.01e+01 1.72e+00
176_mag_myso 83.940 -69.211 3 4.33e+04 1.86e+01 4.56e+02 1.05e-02 6.71e-02 6.38e+00 4.27e+00
177_mag_myso 79.356 -71.238 3 4.45e+04 2.38e+01 2.94e+02 6.60e-03 5.98e-02 9.07e+00 1.57e+00
178_mag_myso 72.996 -67.174 3 4.64e+04 2.48e+01 0.00e+00 0.00e+00 0.00e+00 9.45e+00 1.07e+00
179_mag_myso 83.217 -67.501 3 4.77e+04 1.84e+01 1.22e+02 2.56e-03 1.52e-02 5.95e+00 2.42e+00
180_mag_myso 84.773 -69.506 3 4.83e+04 2.15e+01 2.06e+03 4.27e-02 3.20e-01 7.50e+00 1.99e+00
181_mag_myso 84.295 -66.320 3 6.31e+04 2.54e+01 0.00e+00 0.00e+00 0.00e+00 8.41e+00 2.18e+00
182_mag_myso 83.831 -67.602 3 6.33e+04 2.49e+01 1.36e+03 2.15e-02 1.76e-01 8.16e+00 2.02e+00
183_mag_myso 76.190 -70.939 3 6.73e+04 2.92e+01 8.54e+02 1.27e-02 1.27e-01 1.00e+01 1.58e+00
184_mag_myso 85.335 -71.294 3 6.82e+04 2.78e+01 5.14e+02 7.53e-03 7.00e-02 9.29e+00 1.42e+00
185_mag_myso 74.076 -66.624 3 7.78e+04 2.71e+01 0.00e+00 0.00e+00 0.00e+00 8.37e+00 1.39e+00
186_mag_myso 80.680 -65.683 3 8.00e+04 2.65e+01 1.16e+03 1.45e-02 1.16e-01 7.96e+00 1.50e+00
187_mag_myso 74.451 -66.481 3 8.18e+04 2.67e+01 3.31e+03 4.04e-02 3.23e-01 7.98e+00 2.19e+00
188_mag_myso 73.045 -66.918 3 8.18e+04 2.70e+01 1.55e+03 1.89e-02 1.53e-01 8.10e+00 2.26e+00
189_mag_myso 85.609 -71.330 3 8.61e+04 3.22e+01 0.00e+00 0.00e+00 0.00e+00 1.03e+01 1.77e+00
190_mag_myso 74.259 -66.393 3 8.81e+04 3.02e+01 1.47e+03 1.67e-02 1.54e-01 9.22e+00 2.70e+00
191_mag_myso 73.234 -68.078 3 1.06e+05 2.98e+01 9.33e+02 8.78e-03 7.23e-02 8.23e+00 1.74e+00
192_mag_myso 77.776 -68.856 3 1.07e+05 3.13e+01 0.00e+00 0.00e+00 0.00e+00 8.82e+00 1.98e+00
193_mag_myso 88.928 -68.168 3 1.09e+05 3.13e+01 1.40e+03 1.28e-02 1.12e-01 8.75e+00 1.29e+00
194_mag_myso 72.979 -69.380 3 1.12e+05 2.79e+01 9.66e+02 8.61e-03 6.28e-02 7.29e+00 2.24e+00
195_mag_myso 82.723 -68.586 3 1.26e+05 3.51e+01 2.32e+03 1.85e-02 1.79e-01 9.69e+00 1.52e+00
196_mag_myso 72.279 -69.182 3 1.36e+05 4.09e+01 1.07e+03 7.86e-03 9.22e-02 1.17e+01 1.52e+00
197_mag_myso 79.826 -69.646 3 1.36e+05 3.21e+01 3.67e+02 2.69e-03 2.19e-02 8.15e+00 2.07e+00
198_mag_myso 75.957 -67.332 3 1.37e+05 3.09e+01 6.81e+02 4.96e-03 3.80e-02 7.67e+00 2.77e+00
199_mag_myso 84.643 -69.578 3 1.46e+05 3.23e+01 0.00e+00 0.00e+00 0.00e+00 7.96e+00 3.39e+00
200_mag_myso 87.050 -70.120 3 1.51e+05 3.93e+01 1.72e+02 1.14e-03 1.19e-02 1.05e+01 1.64e+00
201_mag_myso 73.897 -66.532 3 1.54e+05 3.70e+01 9.79e+02 6.35e-03 6.02e-02 9.48e+00 2.42e+00
202_mag_myso 72.983 -67.034 3 1.68e+05 4.35e+01 0.00e+00 0.00e+00 0.00e+00 1.16e+01 1.69e+00
203_mag_myso 77.541 -68.891 3 1.70e+05 3.94e+01 3.61e+03 2.12e-02 2.10e-01 9.91e+00 1.93e+00
204_mag_myso 78.345 -69.377 3 1.71e+05 2.87e+01 3.58e+03 2.10e-02 1.29e-01 6.16e+00 2.02e+00
205_mag_myso 83.056 -67.712 3 1.77e+05 4.31e+01 4.86e+02 2.74e-03 3.04e-02 1.11e+01 1.80e+00
206_mag_myso 82.958 -68.482 3 1.88e+05 4.40e+01 2.55e+02 1.36e-03 1.51e-02 1.11e+01 1.95e+00
207_mag_myso 83.919 -69.050 3 1.89e+05 4.12e+01 8.36e+02 4.42e-03 4.44e-02 1.00e+01 3.39e+00
208_mag_myso 84.679 -69.072 3 1.95e+05 4.16e+01 5.93e+03 3.04e-02 3.06e-01 1.00e+01 3.82e+00
209_mag_myso 86.347 -69.823 3 2.09e+05 3.93e+01 6.19e+02 2.97e-03 2.64e-02 8.90e+00 2.06e+00
210_mag_myso 81.582 -66.035 3 2.12e+05 3.37e+01 0.00e+00 0.00e+00 0.00e+00 7.01e+00 2.28e+00
211_mag_myso 80.524 -69.694 3 2.44e+05 3.86e+01 2.37e+03 9.71e-03 7.79e-02 8.02e+00 2.38e+00
212_mag_myso 73.465 -69.162 3 2.46e+05 4.96e+01 2.65e+03 1.08e-02 1.25e-01 1.16e+01 1.90e+00
213_mag_myso 80.394 -67.802 3 2.61e+05 5.18e+01 5.17e+02 1.98e-03 2.39e-02 1.21e+01 2.96e+00
214_mag_myso 82.744 -71.118 3 2.96e+05 4.64e+01 1.22e+03 4.11e-03 3.96e-02 9.62e+00 1.95e+00
215_mag_myso 81.117 -68.449 3 3.30e+05 5.00e+01 1.50e+03 4.54e-03 4.62e-02 1.02e+01 2.09e+00
216_mag_myso 74.645 -66.302 3 3.35e+05 5.83e+01 0.00e+00 0.00e+00 0.00e+00 1.27e+01 3.11e+00
217_mag_myso 81.402 -66.224 3 4.73e+05 5.95e+01 2.90e+03 6.13e-03 6.75e-02 1.10e+01 3.20e+00
218_mag_myso 80.718 -68.018 3 1.10e+06 8.38e+01 5.92e+03 5.38e-03 6.49e-02 1.21e+01 2.97e+00
219_mag_myso 84.939 -69.799 3 1.67e+06 9.95e+01 9.80e+03 5.86e-03 7.43e-02 1.27e+01 3.03e+00
220_mag_myso 85.019 -70.258 3 2.86e+06 1.31e+02 2.01e+03 7.02e-04 1.03e-02 1.46e+01 3.39e+00
