Title: Star Formation Relations in the Milky Way 
Authors: Vutisalchavakul N., Evans N.J., Heyer M. 
Table: The ^13^CO Derived Molecular Properties
================================================================================
Byte-by-byte Description of file: apjaa359ct3_mrt.txt
--------------------------------------------------------------------------------
   Bytes Format Units      Label   Explanations
--------------------------------------------------------------------------------
   1- 15 A15    ---        ID      WISE identifier
      17 I1     ---        Type    Type code (1)
  19- 23 F5.2   pc         rCloud  Cloud effective radius
  25- 28 F4.2   pc       e_rCloud  The 1{sigma} error in rCloud
  30- 33 F4.2   km/s       delv    The 1-dimensional velocity dispersion
  35- 38 F4.2   km/s     e_delv    The 1{sigma} error in delv
  40- 44 F5.1   ksolMass   MCloud  Cloud mass
  46- 50 F5.1   ksolMass e_MCloud  The 1{sigma} error in MCloud
  52- 56 F5.1   ksolMass   MVir    Cloud virial mass
  58- 61 F4.1   ksolMass e_MVir    The 1{sigma} error in MVir
  63- 66 F4.2   ---        alpha   Virial parameter; MVir/MCloud
  68- 71 F4.2   ---      e_alpha   The 1{sigma} error in alpha
  73- 76 I4     cm-3       nCloud  Cloud mean volume density
  78- 81 I4     cm-3     e_nCloud  The 1{sigma} error in nCloud
  83- 85 F3.1   Myr        tff     Free-fall time
  87- 90 F4.2   Myr      e_tff     The 1{sigma} error in tff
--------------------------------------------------------------------------------
Note (1):
    1 = the earliest stage of massive star formation (Type II of K09);
    2 = the initial feedback from massive stars;
    3 = a very late stage in which the original cloud has been mostly 
        photoionized or dispersed, leaving only small fragments, similar to 
        Type III clouds in the K09 classification.
--------------------------------------------------------------------------------
G031.561+00.376 2 15.81 8.57 1.30 0.23  66.3  26.8  31.1 20.1 0.47 0.36   60  105 4.1 7.1  
G032.077-00.230 3 17.67 2.88 2.63 0.77 105.0  42.4 142.1 86.3 1.35 0.99   69   53 3.9 3.0  
G032.030+00.048 2 27.21 0.01 1.88 0.01 180.6  72.9 111.8  1.2 0.62 0.25   32   19 5.6 3.3  
G032.272-00.226 1  9.37 0.07 1.41 0.08   7.8   3.2  21.7  2.5 2.76 1.16   34   20 5.5 3.2  
G032.473+00.204 1 15.56 0.05 2.06 0.03 101.7  41.1  76.8  2.2 0.75 0.31   97   57 3.2 1.9  
G032.582+00.001 1 10.41 0.06 1.84 0.10  40.4  16.3  41.0  4.5 1.01 0.42  129   76 2.8 1.7  
G032.587-00.330 1 10.06 0.02 2.28 0.03  20.7   8.3  60.8  1.6 2.94 1.19   73   43 3.7 2.2  
G032.733+00.209 1 12.47 0.02 2.66 0.02  93.3  37.6 102.6  1.6 1.10 0.44  173  102 2.4 1.4  
G032.870-00.427 1 13.56 0.02 1.59 0.03  72.5  29.3  39.8  1.5 0.55 0.22  105   62 3.1 1.8  
G033.419-00.005 1 15.40 0.04 2.10 0.04  48.8  19.7  78.9  3.0 1.62 0.66   48   28 4.6 2.7  
G033.643-00.229 3 24.88 0.01 2.85 0.01 232.3  93.8 234.9  1.7 1.01 0.41   54   32 4.3 2.6  
G033.809-00.190 1  5.02 0.11 1.68 0.12  23.1   9.3  16.5  2.4 0.71 0.31  657  390 1.2 0.7  
G033.941-00.039 2  8.63 0.23 1.75 0.23  21.4   8.7  30.7  8.1 1.43 0.69  120   72 2.9 1.7  
G034.041+00.052 1 13.94 0.02 1.56 0.03  33.0  13.3  39.4  1.5 1.20 0.48   44   26 4.8 2.8  
G034.089+00.438 1  7.39 0.04 1.47 0.04  12.2   4.9  18.6  1.0 1.52 0.62  109   64 3.1 1.8  
G034.158+00.147 1  6.76 0.01 2.01 0.02  16.9   6.8  31.7  0.6 1.88 0.76  197  116 2.3 1.3  
G034.686+00.068 1  8.99 0.14 0.68 0.31  14.0   5.6   4.8  4.4 0.35 0.34   69   41 3.8 2.3  
G034.997+00.330 1 33.87 0.01 1.45 0.02 318.8 128.7  82.8  2.3 0.26 0.11   30   17 5.9 3.5  
G035.040-00.500 1 19.35 0.03 2.24 0.03 128.9  52.0 112.9  3.0 0.88 0.35   64   38 4.0 2.4  
G035.467+00.004 2 19.75 0.02 2.88 0.03 246.7  99.6 190.4  4.0 0.77 0.31  115   68 3.0 1.8  
G035.467+00.139 1  6.18 0.04 1.91 0.05  16.0   6.5  26.2  1.4 1.64 0.67  245  144 2.0 1.2  
G035.745+00.157 3  6.91 1.56 1.05 0.05  21.9   8.8   8.9  2.2 0.40 0.19  239  215 2.1 1.9  
G035.948-00.149 1  8.36 0.02 2.60 0.05  19.7   7.9  65.7  2.5 3.34 1.35  121   72 2.9 1.7  
G036.192-00.171 1 14.18 0.02 2.30 0.04  28.4  11.5  87.2  3.0 3.07 1.24   36   21 5.3 3.2  
G036.405+00.021 2 19.90 0.01 1.67 0.02  62.9  25.4  64.5  1.5 1.03 0.42   29   17 6.0 3.5  
G036.459-00.183 1 18.09 0.02 2.00 0.03  95.8  38.7  84.1  2.5 0.88 0.36   58   34 4.2 2.5  
G037.200-00.430 1 12.94 0.02 3.19 0.02  26.5  10.7 153.1  1.9 5.79 2.34   44   26 4.8 2.8  
G037.677+00.155 1 27.98 0.02 2.53 0.02 289.1 116.7 208.2  3.3 0.72 0.29   48   28 4.6 2.7  
G037.820+00.414 1 12.71 0.04 1.68 0.04  29.8  12.0  41.7  2.0 1.40 0.57   52   31 4.4 2.6  
G038.045-00.034 2 10.54 0.03 2.70 0.03  24.8  10.0  89.3  2.0 3.61 1.46   76   45 3.7 2.2  
G038.121-00.226 2 13.45 0.02 2.69 0.03  59.5  24.0 113.1  2.5 1.90 0.77   88   52 3.4 2.0  
G038.550+00.163 1  7.25 0.09 1.13 0.12   7.9   3.2  10.8  2.3 1.36 0.62   75   44 3.7 2.2  
G038.643-00.227 2 25.03 0.02 3.07 0.02 100.9  40.7 274.2  3.6 2.72 1.10   23   14 6.6 3.9  
G038.738-00.140 2  8.68 0.05 1.79 0.04  12.5   5.1  32.3  1.5 2.58 1.05   69   41 3.8 2.3  
G038.861-00.135 2  9.81 0.18 1.30 0.14  25.2  10.2  19.3  4.2 0.77 0.35   96   57 3.3 1.9  
G038.926-00.389 1  9.59 0.01 1.88 0.01  21.4   8.7  39.4  0.4 1.84 0.74   87   52 3.4 2.0  
G039.176-00.399 3  7.00 0.10 1.06 0.12 190.4  76.8   9.1  2.1 0.05 0.02 2001 1184 0.7 0.4  
G041.074-00.162 2  2.47 0.10 1.53 0.02  35.3  14.2   6.7  0.3 0.19 0.08 8396 5057 0.3 0.2  
G041.235+00.367 2  4.00 0.04 0.87 0.04   3.1   1.3   3.5  0.3 1.13 0.47  175  103 2.4 1.4  
G041.375+00.032 2  7.21 0.03 1.49 0.04  10.9   4.4  18.6  1.0 1.71 0.70  104   62 3.1 1.8  
G041.512+00.021 2  3.84 0.09 0.81 0.09   2.4   1.0   2.9  0.7 1.24 0.57  150   89 2.6 1.5  
G041.927-00.125 2 10.24 0.05 2.10 0.07  12.6   5.1  52.5  3.5 4.16 1.70   42   25 4.9 2.9  
G042.097+00.352 3  3.67 3.15 1.19 0.27   3.2   1.3   6.0  5.9 1.88 1.98  234  619 2.1 5.5  
G042.136-00.079 1 18.11 0.04 1.82 0.06  20.5   8.3  69.7  4.6 3.40 1.39   12    7 9.1 5.4  
G042.390-00.381 2 29.42 0.01 2.66 0.02 103.4  41.7 242.0  3.6 2.34 0.94   15    9 8.4 4.9  
G042.434-00.275 1  4.39 0.62 1.37 0.03   8.7   3.5   9.6  1.4 1.10 0.47  372  269 1.7 1.2  
G043.774+00.057 3  4.22 0.06 0.78 0.07   1.3   0.5   3.0  0.5 2.32 1.02   62   37 4.1 2.4  
G043.794-00.129 1  3.86 1.64 2.10 0.12   7.9   3.2  19.8  8.7 2.50 1.49  497  697 1.4 2.0  
G045.070+00.132 1 11.78 1.08 2.76 1.26  85.2  34.4 104.3 95.7 1.22 1.23  188  122 2.3 1.5  
G045.195-00.439 3 10.78 0.02 1.39 0.04  10.9   4.4  24.2  1.4 2.23 0.91   31   18 5.7 3.4  
G045.453+00.044 1 14.86 1.95 2.28 0.48 197.3  79.6  89.8 39.6 0.46 0.27  217  154 2.2 1.5  
G045.806-00.353 3  4.75 1.26 0.89 0.21 180.3  72.8   4.4  2.4 0.02 0.02 6050 5985 0.4 0.4  
G045.825-00.291 1 18.75 0.01 3.55 0.02 187.4  75.6 274.7  3.1 1.47 0.59  102   60 3.2 1.9  
G046.495-00.241 2  8.68 0.02 2.18 0.02  25.3  10.2  47.9  0.9 1.89 0.76  140   83 2.7 1.6  
G047.028+00.216 1 16.00 2.54 1.99 0.02  98.9  39.9  73.6 11.8 0.74 0.32   87   66 3.4 2.6  
G049.828+00.366 1 18.68 0.02 2.04 0.04  51.1  20.6  90.4  3.5 1.77 0.72   28   17 6.0 3.6  
G050.038-00.274 2 13.23 0.02 2.85 0.03  26.0  10.5 124.9  2.6 4.80 1.94   41   24 5.0 3.0  
G051.831+00.462 2 16.80 0.03 1.51 0.04  25.4  10.3  44.5  2.4 1.75 0.71   19   11 7.3 4.3  
G053.188+00.209 2 11.68 1.18 2.50 0.01  54.6  22.1  84.9  8.6 1.55 0.65  124   82 2.9 1.9  
G053.629-00.239 1  6.40 0.12 2.15 0.01  22.6   9.1  34.4  0.7 1.52 0.61  311  184 1.8 1.1  
G053.822-00.057 2  2.42 2.03 1.33 0.13   3.6   1.5   5.0  4.3 1.38 1.31  914 2355 1.1 2.7  
G055.158-00.297 1  5.52 1.63 2.00 0.61  14.8   6.0  25.7 17.4 1.74 1.37  315  336 1.8 1.9  
G056.250-00.158 1  6.96 0.04 0.81 0.04  10.0   4.0   5.3  0.5 0.53 0.22  107   63 3.1 1.8  
G057.541-00.279 1 14.75 0.02 1.59 0.03  19.3   7.8  43.3  1.6 2.24 0.91   22   13 6.9 4.1  
G059.789+00.053 2  5.16 0.90 1.23 0.05  11.9   4.8   9.1  1.7 0.76 0.34  313  247 1.8 1.4  
G060.881-00.135 1  6.24 0.10 1.09 0.02  52.3  21.1   8.6  0.3 0.16 0.07  776  459 1.1 0.7  
